1 0.099219 0.152778 0.095312 0.083333
0 0.252344 0.443750 0.145313 0.159722
0 0.380469 0.389583 0.098437 0.120833
2 0.256250 0.565278 0.093750 0.063889
2 0.313672 0.159722 0.111719 0.083333
0 0.288672 0.663194 0.205469 0.184722
0 0.536328 0.634722 0.202344 0.177778
0 0.705469 0.563194 0.178125 0.120833
0 0.760156 0.334722 0.084375 0.072222
0 0.710938 0.382639 0.115625 0.065278
5 0.637109 0.229167 0.203906 0.161111
5 0.307031 0.288889 0.282813 0.119444
5 0.064062 0.327778 0.210938 0.166667
2 0.589063 0.781250 0.293750 0.137500