2 0.017969 0.551389 0.140625 0.219444
0 0.052344 0.887500 0.167187 0.244444
0 0.307812 0.425000 0.070312 0.083333
2 0.280078 0.515972 0.096094 0.095833
0 0.256641 0.311111 0.085156 0.133333
1 0.528125 0.398611 0.078125 0.119444
1 0.290234 0.920833 0.147656 0.275000
-1 0.286719 0.855556 0.064062 0.066667
0 0.678125 0.373611 0.154688 0.102778
0 0.566406 0.624306 0.089063 0.159722
1 0.737109 0.240972 0.061719 0.079167
1 0.837109 0.227778 0.077344 0.091667
1 0.736719 0.123611 0.065625 0.069444
1 0.646875 0.113889 0.060937 0.066667
2 0.594141 0.961111 0.232031 0.194444
4 0.658203 0.709722 0.028906 0.077778