2 0.210156 0.424306 0.135937 0.134722
2 0.686719 0.302778 0.179688 0.130556
1 0.332031 0.616667 0.092188 0.119444
1 0.430469 0.302083 0.123438 0.115278
1 0.162891 0.163889 0.119531 0.094444
2 0.503906 0.626389 0.057813 0.144444
2 0.465625 0.443056 0.093750 0.125000
2 0.619922 0.190972 0.088281 0.120833
1 0.788281 0.400694 0.178125 0.198611
2 0.092188 0.445833 0.109375 0.102778
2 0.705859 0.609722 0.122656 0.133333
2 0.310156 0.743056 0.120313 0.125000
2 0.241406 0.668056 0.062500 0.116667
1 0.554688 0.550000 0.096875 0.116667
2 0.818750 0.734722 0.137500 0.288889
2 0.567578 0.328472 0.099219 0.143056