2 0.009766 0.552083 0.133594 0.209722
0 0.039844 0.897222 0.159375 0.233333
0 0.298438 0.427778 0.070312 0.083333
2 0.268750 0.517361 0.101562 0.101389
0 0.248047 0.312500 0.085156 0.133333
1 0.521094 0.400000 0.078125 0.119444
1 0.270313 0.922222 0.154688 0.288889
-1 0.271875 0.858333 0.064062 0.066667
0 0.671094 0.376389 0.154688 0.102778
0 0.555078 0.625000 0.092969 0.166667
1 0.733984 0.240972 0.061719 0.079167
1 0.834766 0.227778 0.077344 0.091667
1 0.732031 0.125000 0.068750 0.072222
1 0.642969 0.115278 0.060937 0.066667
2 0.583203 0.965278 0.232031 0.194444
4 0.647266 0.712500 0.028906 0.077778