2 0.146094 0.148611 0.079687 0.077778
2 0.478906 0.168750 0.171875 0.123611
1 0.173828 0.270833 0.083594 0.108333
1 0.292969 0.147917 0.106250 0.098611
2 0.310547 0.274306 0.047656 0.118056
2 0.342969 0.175694 0.070312 0.093056
2 0.544141 0.022222 0.102344 0.138889
1 0.601953 0.155556 0.169531 0.188889
2 0.077734 0.144444 0.074219 0.069444
2 0.491406 0.320833 0.110937 0.122222
2 0.129297 0.347917 0.089844 0.093056
2 0.097656 0.303472 0.051562 0.095833
1 0.357031 0.239583 0.079687 0.095833
2 0.535156 0.391667 0.084375 0.177778
2 0.502734 0.211806 0.099219 0.143056
1 0.296875 0.552778 0.196875 0.130556
1 0.642188 0.422917 0.167187 0.165278
5 0.707812 0.171528 0.059375 0.156944
3 0.884766 0.288889 0.136719 0.152778
1 0.828125 0.113889 0.071875 0.069444
2 0.508594 0.540972 0.139063 0.145833