2 0.066797 0.536806 0.133594 0.209722
0 0.008594 0.879167 0.151562 0.222222
0 0.275781 0.427778 0.070312 0.083333
2 0.242969 0.517361 0.101562 0.101389
0 0.228516 0.312500 0.085156 0.133333
1 0.501172 0.404167 0.082031 0.125000
1 0.231250 0.925000 0.162500 0.302778
-1 0.234375 0.862500 0.064062 0.066667
0 0.654687 0.379167 0.154688 0.102778
0 0.525391 0.631944 0.092969 0.166667
1 0.722266 0.241667 0.064844 0.083333
1 0.824219 0.229861 0.081250 0.095833
1 0.727344 0.123611 0.068750 0.072222
1 0.635156 0.115278 0.060937 0.066667
2 0.550781 0.978472 0.243750 0.204167
4 0.619922 0.719444 0.028906 0.077778