0 0.153516 0.359028 0.074219 0.087500
2 0.110156 0.433333 0.092188 0.091667
0 0.130859 0.243056 0.085156 0.133333
1 0.378516 0.365278 0.082031 0.125000
0 0.522656 0.356944 0.170313 0.113889
0 0.335547 0.577778 0.097656 0.175000
1 0.646484 0.234028 0.067969 0.087500
1 0.745313 0.238889 0.093750 0.111111
1 0.678906 0.122917 0.071875 0.076389
1 0.591406 0.100000 0.070312 0.077778
4 0.413672 0.677778 0.028906 0.077778
0 0.548047 0.204861 0.071094 0.079167
0 0.355078 0.154167 0.074219 0.105556
5 0.809766 0.727778 0.202344 0.300000
4 0.267188 0.135417 0.029687 0.043056
2 0.596094 0.610417 0.117188 0.198611