2 0.341797 0.230556 0.091406 0.100000
2 0.337891 0.265278 0.057031 0.119444
1 0.114062 0.372917 0.170313 0.112500
1 0.369141 0.324306 0.175781 0.173611
5 0.529687 0.109028 0.051562 0.073611
3 0.625391 0.223611 0.097656 0.108333
1 0.632031 0.090278 0.065625 0.063889
2 0.296484 0.387500 0.108594 0.113889
2 0.628906 0.377083 0.095312 0.162500
1 0.696094 0.286806 0.095312 0.123611
2 0.532031 0.660417 0.157812 0.129167
4 0.556641 0.616667 0.057031 0.066667
1 0.230469 0.689583 0.250000 0.176389
2 0.832031 0.305556 0.140625 0.219444
0 0.785937 0.538889 0.170313 0.152778