0 0.092188 0.185417 0.070312 0.068056
0 0.159766 0.445139 0.103906 0.056944
2 0.193359 0.217361 0.047656 0.048611
1 0.079687 0.343056 0.120313 0.066667
-1 0.090234 0.334722 0.050781 0.038889
2 0.078516 0.657639 0.191406 0.134722
1 0.287109 0.583333 0.197656 0.077778
1 0.517969 0.576389 0.093750 0.066667
1 0.547266 0.460417 0.135156 0.070833
0 0.664062 0.456944 0.053125 0.086111
1 0.609766 0.761806 0.216406 0.131944
0 0.444531 0.818056 0.093750 0.133333
0 0.314063 0.822917 0.114062 0.115278
2 0.180078 0.900694 0.121094 0.148611