2 0.067578 0.556250 0.133594 0.209722
0 0.149219 0.881944 0.159375 0.233333
0 0.357031 0.422917 0.067187 0.079167
2 0.330859 0.510417 0.096094 0.095833
0 0.302344 0.310417 0.081250 0.126389
1 0.568750 0.393056 0.078125 0.119444
1 0.377344 0.898611 0.140625 0.261111
-1 0.372656 0.837500 0.064062 0.066667
0 0.712500 0.369444 0.154688 0.102778
0 0.617188 0.611806 0.089063 0.159722
1 0.755859 0.238194 0.061719 0.079167
1 0.851953 0.225000 0.077344 0.091667
1 0.748437 0.125694 0.062500 0.065278
1 0.663281 0.115278 0.057813 0.063889
2 0.665234 0.947222 0.232031 0.194444
4 0.711328 0.691667 0.028906 0.077778