2 0.335547 0.230556 0.091406 0.100000
2 0.330078 0.262500 0.057031 0.119444
1 0.110156 0.372917 0.170313 0.112500
1 0.359766 0.321528 0.107031 0.173611
5 0.524219 0.109028 0.051562 0.073611
3 0.618359 0.219444 0.097656 0.108333
1 0.625781 0.090278 0.062500 0.061111
2 0.288672 0.383333 0.108594 0.113889
2 0.620313 0.374306 0.095312 0.162500
1 0.685937 0.286806 0.095312 0.123611
2 0.521094 0.657639 0.165625 0.134722
4 0.545703 0.612500 0.057031 0.066667
1 0.221875 0.684028 0.250000 0.176389
2 0.821094 0.304167 0.140625 0.219444
0 0.771875 0.534722 0.170313 0.152778