1 0.066406 0.241667 0.132812 0.119444
2 0.339453 0.447917 0.142969 0.140278
2 0.782813 0.293056 0.179688 0.130556
1 0.509375 0.643056 0.092188 0.119444
1 0.527344 0.313194 0.123438 0.115278
1 0.226562 0.183333 0.125000 0.100000
2 0.671094 0.658333 0.057813 0.144444
2 0.580469 0.447222 0.093750 0.125000
2 0.673828 0.189583 0.092969 0.126389
1 0.900000 0.396528 0.146875 0.162500
2 0.214453 0.477778 0.114844 0.108333
2 0.848828 0.603472 0.100781 0.109722
2 0.500391 0.777778 0.114844 0.119444
2 0.419531 0.700694 0.068750 0.129167
2 0.181250 0.900000 0.198437 0.191667
1 0.709375 0.559722 0.101562 0.122222