1 0.088281 0.254167 0.132812 0.119444
2 0.389062 0.453472 0.150000 0.148611
2 0.799219 0.277083 0.171875 0.123611
1 0.580469 0.640278 0.092188 0.119444
1 0.565625 0.307639 0.123438 0.115278
1 0.251563 0.187500 0.125000 0.100000
2 0.736719 0.652778 0.057813 0.144444
2 0.623437 0.436111 0.089063 0.119444
2 0.691016 0.176389 0.102344 0.138889
1 0.930078 0.375000 0.139844 0.155556
2 0.264453 0.487500 0.114844 0.108333
2 0.902734 0.584722 0.091406 0.100000
2 0.579688 0.776389 0.120313 0.125000
2 0.492188 0.699306 0.068750 0.129167
2 0.284375 0.910417 0.179688 0.173611