2 0.146875 0.136806 0.068750 0.068056
2 0.466797 0.150694 0.163281 0.118056
1 0.157422 0.215972 0.075781 0.098611
1 0.270313 0.132639 0.079687 0.073611
2 0.284766 0.222917 0.047656 0.118056
2 0.314453 0.145833 0.060156 0.080556
1 0.572266 0.131250 0.161719 0.179167
2 0.110156 0.129861 0.057813 0.054167
2 0.460547 0.286806 0.105469 0.115278
2 0.114844 0.286806 0.081250 0.084722
2 0.086719 0.243750 0.046875 0.087500
1 0.328125 0.196528 0.071875 0.087500
2 0.481250 0.343056 0.073438 0.152778
2 0.476953 0.184028 0.099219 0.143056
1 0.241406 0.481944 0.187500 0.125000
1 0.561719 0.384028 0.184375 0.181944
5 0.664844 0.152778 0.056250 0.150000
3 0.783594 0.284028 0.143750 0.159722
1 0.781250 0.102778 0.071875 0.069444
2 0.448437 0.481250 0.120313 0.126389
2 0.855859 0.436806 0.100781 0.170833
1 0.932422 0.324306 0.110156 0.143056
2 0.860547 0.788889 0.222656 0.180556
4 0.839453 0.738194 0.066406 0.076389