2 0.146094 0.139583 0.071875 0.070833
2 0.474219 0.161806 0.171875 0.123611
1 0.165625 0.248611 0.079687 0.102778
1 0.275000 0.145139 0.096875 0.090278
2 0.296484 0.254861 0.047656 0.118056
2 0.326953 0.163889 0.066406 0.088889
2 0.541406 0.011806 0.107813 0.145833
1 0.587109 0.145139 0.161719 0.179167
2 0.077344 0.135417 0.064062 0.059722
2 0.478906 0.306944 0.110937 0.122222
2 0.121094 0.319444 0.085938 0.088889
2 0.090625 0.277083 0.046875 0.087500
1 0.342578 0.220833 0.075781 0.091667
2 0.503516 0.370833 0.080469 0.169444
2 0.493359 0.204167 0.103906 0.150000
1 0.269531 0.523611 0.196875 0.130556
1 0.603906 0.406250 0.167187 0.165278
5 0.685937 0.163194 0.059375 0.156944
3 0.848437 0.284028 0.143750 0.159722
1 0.807031 0.109722 0.071875 0.069444
2 0.478906 0.517361 0.139063 0.145833
2 0.898828 0.447917 0.105469 0.179167