2 0.165234 0.382639 0.117969 0.115278
2 0.666406 0.277083 0.171875 0.123611
1 0.259375 0.565278 0.092188 0.119444
1 0.394531 0.270139 0.123438 0.115278
1 0.156250 0.139583 0.114062 0.090278
2 0.425000 0.581944 0.067187 0.166667
2 0.426563 0.409722 0.098437 0.130556
2 0.595703 0.168750 0.088281 0.120833
1 0.733984 0.374306 0.161719 0.179167
2 0.057422 0.398611 0.103906 0.097222
2 0.636328 0.583333 0.122656 0.133333
2 0.230078 0.681944 0.103906 0.108333
2 0.167187 0.615278 0.059375 0.111111
1 0.485938 0.511111 0.092188 0.111111
2 0.732812 0.698611 0.131250 0.275000
2 0.532422 0.297917 0.099219 0.143056
1 0.550000 0.898611 0.196875 0.130556