1 0.157031 0.206250 0.096875 0.156944
3 0.419531 0.145833 0.073438 0.080556
2 0.095703 0.254861 0.053906 0.176389
2 0.426172 0.299306 0.105469 0.179167
1 0.479297 0.199306 0.082031 0.106944
2 0.210938 0.507639 0.165625 0.134722
4 0.259375 0.490972 0.045312 0.051389
2 0.597656 0.230556 0.154688 0.241667
0 0.442578 0.439583 0.178906 0.159722
0 0.708984 0.476389 0.185156 0.122222
3 0.096094 0.814583 0.175000 0.165278
3 0.394922 0.803472 0.166406 0.106944
3 0.648828 0.793750 0.219531 0.145833
0 0.883594 0.509722 0.151562 0.222222
2 0.804688 0.929167 0.164062 0.138889