1 0.100000 0.243750 0.096875 0.156944
3 0.344922 0.235417 0.069531 0.076389
2 0.339453 0.382639 0.100781 0.170833
1 0.399609 0.286111 0.074219 0.097222
2 0.097266 0.533333 0.174219 0.141667
4 0.143750 0.530556 0.040625 0.047222
2 0.504687 0.343056 0.140625 0.219444
0 0.285156 0.502778 0.170313 0.152778
0 0.565234 0.600000 0.194531 0.127778
3 0.125000 0.830556 0.175000 0.116667
3 0.287891 0.815972 0.158594 0.101389
3 0.509766 0.898611 0.230469 0.152778
0 0.720313 0.659722 0.151562 0.222222
0 0.706250 0.223611 0.070312 0.083333
2 0.715625 0.309028 0.087500 0.087500
0 0.632812 0.124306 0.070312 0.109722
1 0.872266 0.179167 0.071094 0.108333