0 0.179297 0.303472 0.074219 0.087500
2 0.156641 0.373611 0.075781 0.075000
0 0.162891 0.188889 0.085156 0.133333
1 0.399609 0.320833 0.082031 0.125000
0 0.539844 0.311111 0.170313 0.113889
0 0.337109 0.526389 0.097656 0.175000
1 0.681641 0.192361 0.067969 0.087500
1 0.780469 0.197917 0.089063 0.106944
1 0.719531 0.080556 0.079687 0.083333
1 0.634375 0.055556 0.070312 0.077778
4 0.414453 0.624306 0.027344 0.073611
0 0.585547 0.162500 0.067969 0.075000
5 0.813672 0.695833 0.202344 0.300000
2 0.595313 0.565972 0.117188 0.198611
2 0.198828 0.868056 0.238281 0.247222