2 0.146094 0.143750 0.071875 0.070833
2 0.477344 0.161806 0.171875 0.123611
1 0.165625 0.251389 0.079687 0.102778
1 0.277344 0.141667 0.101562 0.094444
2 0.298828 0.257639 0.047656 0.118056
2 0.328516 0.168056 0.066406 0.088889
2 0.542188 0.013194 0.107813 0.145833
1 0.588672 0.147917 0.161719 0.179167
2 0.078125 0.136806 0.067187 0.062500
2 0.481250 0.309722 0.110937 0.122222
2 0.123438 0.327778 0.085938 0.088889
2 0.090625 0.284028 0.046875 0.087500
1 0.343359 0.223611 0.075781 0.091667
2 0.506250 0.375000 0.084375 0.177778
2 0.495312 0.208333 0.109375 0.158333
1 0.272656 0.527778 0.196875 0.130556
1 0.610156 0.410417 0.167187 0.165278
5 0.688281 0.163194 0.059375 0.156944
3 0.853125 0.286806 0.143750 0.159722
1 0.808594 0.113889 0.071875 0.069444
2 0.482812 0.518750 0.139063 0.145833
2 0.906641 0.450694 0.105469 0.179167