0 0.196484 0.275694 0.074219 0.087500
2 0.166016 0.341667 0.075781 0.075000
0 0.178125 0.152083 0.095312 0.098611
1 0.411719 0.298611 0.075000 0.113889
0 0.550391 0.288889 0.178906 0.119444
0 0.338672 0.501389 0.097656 0.175000
1 0.701172 0.174306 0.067969 0.087500
1 0.803125 0.178472 0.089063 0.106944
1 0.746875 0.061111 0.079687 0.083333
1 0.660937 0.037500 0.070312 0.077778
4 0.414453 0.602778 0.028906 0.077778
0 0.605859 0.143056 0.067969 0.075000
5 0.812891 0.681944 0.202344 0.300000
2 0.596094 0.540278 0.123438 0.208333
2 0.190234 0.836111 0.238281 0.247222
4 0.761328 0.271528 0.030469 0.048611