0 0.001172 0.424306 0.103906 0.056944
2 0.051562 0.200694 0.050000 0.051389
1 0.125000 0.554861 0.207813 0.081944
1 0.352344 0.541667 0.089063 0.063889
1 0.389453 0.428472 0.135156 0.070833
0 0.502344 0.423611 0.053125 0.086111
1 0.428125 0.712500 0.206250 0.125000
0 0.264844 0.773611 0.093750 0.133333
0 0.138281 0.782639 0.114062 0.115278
2 -0.008984 0.840972 0.121094 0.148611
0 0.657422 0.659722 0.232031 0.108333
2 0.840625 0.650694 0.092188 0.134722
2 0.764844 0.550000 0.081250 0.116667
4 0.792969 0.906250 0.068750 0.073611