1 0.107813 0.279167 0.132812 0.119444
-1 0.054297 0.315972 0.108594 0.076389
2 0.438281 0.440972 0.150000 0.148611
1 0.103125 0.536111 0.143750 0.147222
-1 0.062891 0.533333 0.064844 0.113889
2 0.760547 0.240972 0.155469 0.112500
1 0.717969 0.586806 0.125000 0.187500
1 0.574219 0.290972 0.117188 0.109722
1 0.253906 0.201389 0.125000 0.100000
2 0.795312 0.597917 0.054688 0.137500
2 0.650000 0.409722 0.098437 0.130556
2 0.655469 0.153472 0.107813 0.145833
1 0.925000 0.321528 0.126562 0.140278
2 0.330078 0.490278 0.114844 0.108333