1 0.164062 0.213194 0.101562 0.165278
3 0.422656 0.149306 0.076563 0.084722
2 0.105469 0.240972 0.051562 0.168056
2 0.437109 0.302083 0.105469 0.179167
1 0.487891 0.197917 0.082031 0.106944
2 0.224609 0.515278 0.174219 0.141667
4 0.274219 0.495139 0.046875 0.054167
2 0.603516 0.229167 0.147656 0.230556
0 0.458984 0.440972 0.178906 0.159722
0 0.723047 0.473611 0.185156 0.122222
3 0.091797 0.809028 0.183594 0.173611
3 0.412109 0.807639 0.166406 0.106944
3 0.663672 0.794444 0.230469 0.152778
0 0.900781 0.502778 0.151562 0.222222
2 0.829688 0.927778 0.164062 0.138889