2 0.189062 0.409722 0.123438 0.122222
2 0.676562 0.295139 0.171875 0.123611
1 0.299219 0.598611 0.092188 0.119444
1 0.414844 0.290972 0.123438 0.115278
1 0.154688 0.153472 0.114062 0.090278
2 0.471875 0.613194 0.054688 0.137500
2 0.446875 0.431944 0.098437 0.130556
2 0.608984 0.181250 0.092969 0.126389
1 0.766016 0.391667 0.169531 0.188889
2 0.074219 0.427778 0.109375 0.102778
2 0.680859 0.606944 0.122656 0.133333
2 0.274219 0.723611 0.120313 0.125000
2 0.206250 0.651389 0.062500 0.116667
1 0.525781 0.538889 0.096875 0.116667
2 0.788281 0.713194 0.125000 0.262500
2 0.553516 0.318750 0.099219 0.143056
1 0.621875 0.933333 0.196875 0.130556