1 0.098437 0.246528 0.096875 0.156944
3 0.342578 0.240972 0.069531 0.076389
2 0.335938 0.388194 0.095312 0.162500
1 0.396484 0.291667 0.074219 0.097222
2 0.094531 0.535417 0.182812 0.148611
4 0.139063 0.533333 0.040625 0.047222
2 0.502344 0.347222 0.140625 0.219444
0 0.279687 0.506944 0.170313 0.152778
0 0.558984 0.605556 0.194531 0.127778
3 0.120313 0.834722 0.175000 0.116667
3 0.283203 0.820139 0.158594 0.101389
3 0.506641 0.902778 0.230469 0.152778
0 0.714063 0.666667 0.151562 0.222222
0 0.703906 0.229167 0.070312 0.083333
2 0.712500 0.313194 0.087500 0.087500
0 0.628906 0.131250 0.070312 0.109722
1 0.869922 0.186111 0.071094 0.108333