1 0.132031 0.174306 0.096875 0.156944
3 0.358203 0.143056 0.063281 0.069444
2 0.389453 0.285417 0.100781 0.170833
1 0.444531 0.184028 0.078125 0.101389
2 0.154297 0.461111 0.174219 0.141667
4 0.205469 0.452778 0.040625 0.047222
2 0.553906 0.226389 0.140625 0.219444
0 0.366406 0.416667 0.170313 0.152778
0 0.644922 0.488194 0.203906 0.134722
3 0.023828 0.738194 0.166406 0.156944
3 0.372266 0.746528 0.166406 0.106944
3 0.567969 0.786806 0.242188 0.159722
0 0.811719 0.529167 0.151562 0.222222
2 0.692187 0.930556 0.164062 0.138889
0 0.742188 0.086806 0.067187 0.079167