2 0.152344 0.155556 0.065625 0.063889
2 0.473438 0.146528 0.148438 0.106944
1 0.153125 0.202083 0.071875 0.093056
1 0.277734 0.128472 0.075781 0.070833
2 0.277344 0.210417 0.045312 0.112500
2 0.308594 0.136806 0.057813 0.076389
1 0.560547 0.128472 0.161719 0.179167
2 0.112891 0.125694 0.055469 0.051389
2 0.449609 0.279861 0.100781 0.109722
2 0.111328 0.272222 0.077344 0.080556
2 0.085156 0.228472 0.046875 0.087500
1 0.319531 0.186111 0.068750 0.083333
2 0.469922 0.328472 0.069531 0.145833
2 0.468359 0.171528 0.099219 0.143056
1 0.226562 0.462500 0.187500 0.125000
1 0.536719 0.372917 0.184375 0.181944
5 0.647656 0.144444 0.056250 0.150000
3 0.766016 0.286111 0.130469 0.144444
1 0.767188 0.101389 0.068750 0.066667
2 0.432812 0.465972 0.114062 0.120833
2 0.829297 0.431250 0.100781 0.170833
1 0.904297 0.322917 0.110156 0.143056
2 0.798828 0.777778 0.211719 0.172222
4 0.803516 0.724306 0.066406 0.076389