1 0.088281 0.263194 0.096875 0.156944
3 0.333594 0.256944 0.073438 0.080556
2 0.326562 0.403472 0.095312 0.162500
1 0.385547 0.308333 0.074219 0.097222
2 0.086328 0.547222 0.174219 0.141667
4 0.125000 0.547222 0.040625 0.047222
2 0.491406 0.363889 0.140625 0.219444
0 0.264062 0.520833 0.170313 0.152778
0 0.542578 0.620833 0.194531 0.127778
3 0.071875 0.837500 0.175000 0.116667
3 0.275000 0.828472 0.143750 0.093056
3 0.463672 0.904167 0.230469 0.152778
0 0.695312 0.683333 0.151562 0.222222
0 0.693750 0.249306 0.067187 0.079167
2 0.701562 0.331250 0.087500 0.087500
0 0.620313 0.147917 0.070312 0.109722
1 0.859766 0.206944 0.071094 0.108333
1 0.896875 0.681250 0.115625 0.215278
-1 0.868750 0.616667 0.060937 0.063889