2 0.182812 0.404167 0.123438 0.122222
2 0.683203 0.288194 0.163281 0.118056
1 0.290625 0.591667 0.092188 0.119444
1 0.408594 0.286806 0.123438 0.115278
1 0.152344 0.149306 0.114062 0.090278
2 0.463281 0.607639 0.054688 0.137500
2 0.440625 0.427778 0.093750 0.125000
2 0.607422 0.179861 0.092969 0.126389
1 0.760547 0.388889 0.169531 0.188889
2 0.070703 0.422222 0.114844 0.108333
2 0.673047 0.604167 0.122656 0.133333
2 0.264844 0.716667 0.120313 0.125000
2 0.196875 0.644444 0.062500 0.116667
1 0.518750 0.531944 0.096875 0.116667
2 0.779687 0.710417 0.125000 0.262500
2 0.548828 0.314583 0.099219 0.143056
1 0.609375 0.930556 0.196875 0.130556