2 0.149609 0.338889 0.107031 0.105556
2 0.567187 0.252083 0.171875 0.123611
1 0.222656 0.504167 0.092188 0.119444
1 0.378125 0.231250 0.123438 0.115278
1 0.175781 0.125000 0.098437 0.077778
2 0.380078 0.520833 0.063281 0.158333
2 0.400000 0.366667 0.089063 0.119444
2 0.580078 0.134028 0.088281 0.120833
1 0.697266 0.333333 0.169531 0.188889
2 0.056250 0.345833 0.109375 0.102778
2 0.590234 0.531250 0.128906 0.140278
2 0.179297 0.611111 0.103906 0.108333
2 0.130078 0.550694 0.053906 0.101389
1 0.441406 0.454167 0.087500 0.105556
2 0.690234 0.625694 0.113281 0.237500
2 0.513672 0.265972 0.089844 0.129167
1 0.466406 0.827778 0.217188 0.144444
1 0.849219 0.640972 0.184375 0.181944
2 0.716016 0.113889 0.128906 0.100000
5 0.817969 0.335417 0.068750 0.181944