3 0.128516 0.385417 0.085156 0.093056
2 0.092969 0.550694 0.095312 0.162500
1 0.166016 0.448611 0.071094 0.091667
2 0.270703 0.540278 0.147656 0.230556
0 0.263672 0.783333 0.194531 0.127778
0 0.411719 0.854167 0.151562 0.222222
0 0.514062 0.409028 0.067187 0.079167
2 0.505859 0.493750 0.096094 0.095833
0 0.450781 0.304861 0.073438 0.115278
1 0.702344 0.373611 0.075000 0.113889
1 0.630078 0.864583 0.121094 0.226389
-1 0.611719 0.797222 0.060937 0.063889
0 0.835156 0.349306 0.140625 0.093056
0 0.789062 0.579861 0.084375 0.151389