3 0.196484 0.377083 0.069531 0.076389
2 0.167969 0.534028 0.095312 0.162500
1 0.236328 0.436111 0.071094 0.091667
2 0.346484 0.498611 0.147656 0.230556
0 0.064844 0.645833 0.162500 0.144444
0 0.355859 0.763889 0.194531 0.127778
0 0.500781 0.830556 0.151562 0.222222
0 0.569531 0.388194 0.067187 0.079167
2 0.566797 0.478472 0.096094 0.095833
0 0.503125 0.286806 0.073438 0.115278
1 0.749609 0.355556 0.071094 0.108333
1 0.715234 0.839583 0.121094 0.226389
-1 0.692187 0.772222 0.060937 0.063889
0 0.878906 0.331250 0.140625 0.093056
0 0.846484 0.558333 0.080469 0.144444