2 0.099609 0.558333 0.147656 0.230556
0 0.196094 0.883333 0.159375 0.233333
0 0.382812 0.424306 0.067187 0.079167
2 0.360938 0.513889 0.092188 0.091667
0 0.324609 0.313194 0.077344 0.120833
1 0.589844 0.391667 0.075000 0.113889
1 0.433984 0.872917 0.133594 0.248611
-1 0.416406 0.833333 0.064062 0.066667
0 0.729688 0.368056 0.162500 0.108333
0 0.647656 0.610417 0.084375 0.151389
1 0.767578 0.240972 0.061719 0.079167
1 0.861719 0.225694 0.073438 0.087500
1 0.756250 0.128472 0.062500 0.065278
1 0.672656 0.120833 0.057813 0.063889
2 0.703516 0.936806 0.221094 0.184722