2 0.146094 0.138194 0.071875 0.070833
2 0.473047 0.156250 0.163281 0.118056
1 0.162891 0.240972 0.075781 0.098611
1 0.270313 0.141667 0.092188 0.086111
2 0.294531 0.246528 0.045312 0.112500
2 0.321484 0.161111 0.066406 0.088889
1 0.581641 0.142361 0.161719 0.179167
2 0.102344 0.138194 0.067187 0.062500
2 0.474219 0.301389 0.110937 0.122222
2 0.118750 0.313889 0.085938 0.088889
2 0.089063 0.268750 0.046875 0.087500
1 0.337109 0.215278 0.075781 0.091667
2 0.498437 0.365278 0.076563 0.161111
2 0.487891 0.198611 0.094531 0.136111
1 0.262500 0.512500 0.196875 0.130556
1 0.593750 0.399306 0.167187 0.165278
5 0.680469 0.161806 0.059375 0.156944
3 0.836719 0.284028 0.143750 0.159722
1 0.800781 0.108333 0.071875 0.069444
2 0.471875 0.507639 0.139063 0.145833
2 0.887891 0.446528 0.100781 0.170833