1 0.030469 0.317361 0.096875 0.156944
3 0.285938 0.309722 0.073438 0.080556
2 0.269531 0.461806 0.095312 0.162500
1 0.333203 0.365278 0.071094 0.091667
2 0.038281 0.586806 0.157812 0.129167
4 0.060937 0.597222 0.040625 0.047222
2 0.441797 0.423611 0.147656 0.230556
0 0.189062 0.575000 0.162500 0.144444
0 0.472266 0.677778 0.194531 0.127778
3 0.001563 0.869444 0.137500 0.091667
3 0.193750 0.875694 0.143750 0.093056
3 0.380078 0.953472 0.219531 0.145833
0 0.621094 0.744444 0.151562 0.222222
0 0.647656 0.311806 0.067187 0.079167
2 0.653125 0.402083 0.087500 0.087500
0 0.578125 0.214583 0.070312 0.109722
1 0.818359 0.276389 0.071094 0.108333
1 0.827344 0.750694 0.115625 0.215278
-1 0.800781 0.686111 0.060937 0.063889