1 0.166406 0.217361 0.101562 0.165278
3 0.424219 0.149306 0.076563 0.084722
2 0.107813 0.242361 0.051562 0.168056
2 0.439453 0.303472 0.105469 0.179167
1 0.489453 0.199306 0.082031 0.106944
2 0.225781 0.515972 0.165625 0.134722
4 0.277344 0.496528 0.046875 0.054167
2 0.604688 0.231944 0.140625 0.219444
0 0.462500 0.440278 0.170313 0.152778
0 0.726953 0.472222 0.185156 0.122222
3 0.091016 0.811806 0.183594 0.173611
3 0.416016 0.810417 0.166406 0.106944
3 0.669922 0.794444 0.230469 0.152778
0 0.904687 0.502778 0.151562 0.222222
2 0.837500 0.924306 0.156250 0.131944