0 0.190234 0.414583 0.074219 0.087500
2 0.163281 0.488194 0.087500 0.087500
0 0.155859 0.294444 0.085156 0.133333
1 0.418359 0.404167 0.082031 0.125000
1 0.050781 0.890278 0.154688 0.288889
-1 0.084375 0.823611 0.064062 0.066667
0 0.565625 0.394444 0.170313 0.113889
0 0.405078 0.626389 0.097656 0.175000
1 0.665234 0.260417 0.067969 0.087500
1 0.766406 0.263194 0.089063 0.106944
1 0.686719 0.145833 0.068750 0.072222
1 0.596875 0.131250 0.073438 0.081944
4 0.488672 0.723611 0.028906 0.077778
0 0.564453 0.238194 0.071094 0.079167
0 0.366016 0.193056 0.074219 0.105556
5 0.880859 0.745833 0.202344 0.300000