2 0.145703 0.179861 0.083594 0.081944
2 0.492578 0.154861 0.155469 0.112500
1 0.188281 0.316667 0.087500 0.113889
1 0.365625 0.132639 0.106250 0.098611
2 0.332031 0.322917 0.054688 0.137500
2 0.365625 0.200000 0.081250 0.108333
2 0.560937 0.000694 0.084375 0.115278
1 0.638672 0.174306 0.161719 0.179167
2 0.072266 0.181250 0.089844 0.084722
2 0.512891 0.347222 0.116406 0.127778
2 0.138672 0.403472 0.094531 0.098611
2 0.105859 0.354861 0.053906 0.101389
1 0.383984 0.275000 0.083594 0.100000
2 0.591797 0.434722 0.097656 0.205556
2 0.496875 0.154861 0.085938 0.123611
1 0.352344 0.616667 0.217188 0.144444
1 0.713281 0.457639 0.167187 0.165278
5 0.750781 0.189583 0.065625 0.173611
3 0.922266 0.333333 0.149219 0.177778
1 0.868359 0.127083 0.075781 0.073611
2 0.557813 0.604167 0.153125 0.161111