1 0.015234 0.454167 0.074219 0.097222
2 0.112109 0.558333 0.147656 0.230556
0 0.062500 0.802778 0.214062 0.141667
0 0.212500 0.881944 0.159375 0.233333
0 0.391406 0.424306 0.067187 0.079167
2 0.373437 0.511111 0.092188 0.091667
0 0.333984 0.313194 0.077344 0.120833
1 0.597656 0.390278 0.075000 0.113889
1 0.448828 0.874306 0.133594 0.248611
-1 0.431250 0.831944 0.064062 0.066667
0 0.738281 0.366667 0.162500 0.108333
0 0.657813 0.609028 0.084375 0.151389
1 0.773047 0.240972 0.061719 0.079167
1 0.866406 0.224306 0.073438 0.087500
1 0.760156 0.127083 0.062500 0.065278
1 0.676562 0.119444 0.057813 0.063889
2 0.719141 0.935417 0.221094 0.184722