1 0.111719 0.280556 0.132812 0.119444
-1 0.071484 0.319444 0.103906 0.072222
2 0.450391 0.422917 0.142969 0.140278
1 0.163281 0.530556 0.143750 0.147222
-1 0.131641 0.520833 0.064844 0.113889
1 0.014453 0.711111 0.196094 0.294444
2 0.713281 0.223611 0.179688 0.130556
1 0.722266 0.547222 0.113281 0.169444
1 0.563281 0.274306 0.106250 0.098611
1 0.244531 0.196528 0.114062 0.090278
2 0.811719 0.553472 0.089063 0.118056
2 0.646875 0.372222 0.093750 0.125000
2 0.612891 0.137500 0.097656 0.133333
1 0.891016 0.291667 0.114844 0.127778