1 0.116406 0.197917 0.096875 0.156944
3 0.357422 0.186111 0.066406 0.072222
2 0.364453 0.331250 0.100781 0.170833
1 0.419922 0.230556 0.074219 0.097222
2 0.118750 0.492361 0.165625 0.134722
4 0.171875 0.490278 0.040625 0.047222
2 0.528125 0.283333 0.140625 0.219444
0 0.322656 0.456944 0.170313 0.152778
0 0.606641 0.543056 0.194531 0.127778
3 0.103906 0.783333 0.175000 0.116667
3 0.324609 0.779861 0.166406 0.106944
3 0.556641 0.843056 0.230469 0.152778
0 0.762500 0.598611 0.151562 0.222222
2 0.611719 0.995833 0.164062 0.138889
0 0.723437 0.155556 0.070312 0.083333
2 0.735156 0.242361 0.087500 0.087500
0 0.643750 0.060417 0.070312 0.109722