3 0.078125 0.381944 0.089063 0.097222
2 0.020703 0.559028 0.100781 0.170833
1 0.101172 0.454167 0.071094 0.091667
2 0.204297 0.550000 0.147656 0.230556
0 0.180078 0.792361 0.203906 0.134722
0 0.329688 0.866667 0.151562 0.222222
0 0.464062 0.415972 0.067187 0.079167
2 0.451953 0.500694 0.096094 0.095833
0 0.402344 0.307639 0.073438 0.115278
1 0.658594 0.383333 0.075000 0.113889
1 0.553516 0.872917 0.133594 0.248611
-1 0.539062 0.812500 0.060937 0.063889
0 0.796094 0.356944 0.154688 0.102778
0 0.734375 0.592361 0.084375 0.151389
1 0.816016 0.234722 0.058594 0.075000
1 0.907031 0.218750 0.073438 0.087500
1 0.797656 0.124306 0.059375 0.062500
1 0.715625 0.116667 0.057813 0.063889
2 0.783203 0.906250 0.221094 0.184722