3 0.244531 0.336111 0.073438 0.080556
2 0.226562 0.489583 0.095312 0.162500
1 0.292578 0.390278 0.071094 0.091667
2 0.403125 0.451389 0.154688 0.241667
0 0.136719 0.604167 0.170313 0.152778
0 0.423047 0.711111 0.194531 0.127778
3 0.143359 0.913194 0.124219 0.079167
3 0.317969 0.979167 0.209375 0.138889
0 0.568750 0.779167 0.151562 0.222222
0 0.613281 0.343750 0.067187 0.079167
2 0.616406 0.429861 0.087500 0.087500
0 0.545312 0.243750 0.070312 0.109722
1 0.787109 0.308333 0.071094 0.108333
1 0.778906 0.786806 0.115625 0.215278
-1 0.753125 0.720833 0.060937 0.063889
0 0.908984 0.286111 0.133594 0.088889