2 0.145313 0.139583 0.071875 0.070833
2 0.474219 0.160417 0.171875 0.123611
1 0.163672 0.242361 0.075781 0.098611
1 0.271094 0.143750 0.096875 0.090278
2 0.295703 0.249306 0.047656 0.118056
2 0.323047 0.163889 0.066406 0.088889
1 0.583984 0.145139 0.161719 0.179167
2 0.096875 0.136806 0.067187 0.062500
2 0.476562 0.302778 0.110937 0.122222
2 0.119531 0.315278 0.085938 0.088889
2 0.089844 0.271528 0.046875 0.087500
1 0.340234 0.218056 0.075781 0.091667
2 0.502344 0.366667 0.076563 0.161111
2 0.491016 0.202083 0.099219 0.143056
1 0.266406 0.519444 0.196875 0.130556
1 0.600000 0.402083 0.159375 0.156944
5 0.682813 0.160417 0.059375 0.156944
3 0.843750 0.284028 0.143750 0.159722
1 0.802344 0.109722 0.071875 0.069444
2 0.475000 0.509028 0.139063 0.145833
2 0.892578 0.447917 0.100781 0.170833