1 0.115625 0.161111 0.062500 0.080556
2 0.225781 0.169444 0.040625 0.102778
2 0.372266 0.236111 0.091406 0.100000
2 0.060156 0.184028 0.042188 0.079167
1 0.260937 0.152778 0.062500 0.075000
2 0.377344 0.276389 0.054688 0.113889
1 0.142187 0.390972 0.170313 0.112500
1 0.412109 0.327083 0.175781 0.173611
5 0.564844 0.145833 0.051562 0.136111
3 0.651953 0.261111 0.097656 0.108333
1 0.668750 0.091667 0.068750 0.066667
2 0.330859 0.401389 0.108594 0.113889
2 0.678516 0.389583 0.100781 0.170833
1 0.747656 0.295139 0.095312 0.123611
2 0.593750 0.688194 0.182812 0.148611
4 0.615234 0.641667 0.060156 0.069444
1 0.286328 0.721528 0.238281 0.168056