1 0.092969 0.259028 0.096875 0.156944
3 0.333594 0.251389 0.073438 0.080556
2 0.329688 0.397917 0.095312 0.162500
1 0.388672 0.302778 0.074219 0.097222
2 0.082031 0.540972 0.165625 0.134722
4 0.130469 0.541667 0.040625 0.047222
2 0.495312 0.356944 0.140625 0.219444
0 0.270313 0.515278 0.170313 0.152778
0 0.548828 0.615278 0.185156 0.122222
3 0.107031 0.837500 0.175000 0.116667
3 0.276172 0.827778 0.150781 0.097222
3 0.491016 0.911111 0.230469 0.152778
0 0.701562 0.676389 0.151562 0.222222
0 0.696875 0.240972 0.067187 0.079167
2 0.704688 0.325694 0.087500 0.087500
0 0.624219 0.143750 0.070312 0.109722
1 0.864453 0.200000 0.071094 0.108333