1 0.046875 0.143056 0.095312 0.083333
0 0.167969 0.425694 0.145313 0.159722
0 0.296094 0.370139 0.093750 0.115278
2 0.167187 0.544444 0.089063 0.061111
2 0.249609 0.154167 0.111719 0.083333
0 0.186719 0.635417 0.195312 0.176389
0 0.430859 0.605556 0.183594 0.161111
0 0.598437 0.532639 0.178125 0.120833
0 0.671875 0.318056 0.084375 0.072222
0 0.619922 0.361806 0.110156 0.062500
5 0.565234 0.213194 0.185156 0.145833
5 0.275781 0.258333 0.282813 0.119444
5 0.007422 0.312500 0.182031 0.144444
2 0.488672 0.750000 0.266406 0.125000