1 0.041406 0.230556 0.126562 0.113889
2 0.307422 0.443750 0.142969 0.140278
2 0.777344 0.297222 0.189062 0.136111
1 0.465625 0.638889 0.092188 0.119444
1 0.504687 0.314583 0.123438 0.115278
1 0.209766 0.176389 0.119531 0.094444
2 0.630078 0.655556 0.063281 0.158333
2 0.551562 0.447222 0.089063 0.119444
2 0.662891 0.193750 0.088281 0.120833
1 0.873828 0.404167 0.169531 0.188889
2 0.183594 0.472222 0.109375 0.102778
2 0.816797 0.611806 0.100781 0.109722
2 0.455078 0.773611 0.114844 0.119444
2 0.374219 0.696528 0.065625 0.123611
2 0.123438 0.893750 0.189062 0.181944
1 0.673438 0.563889 0.101562 0.122222