2 0.140625 0.205556 0.087500 0.086111
2 0.519922 0.149306 0.155469 0.112500
1 0.189844 0.344444 0.087500 0.113889
1 0.362891 0.128472 0.111719 0.104167
2 0.335156 0.356944 0.057813 0.144444
2 0.368750 0.225000 0.081250 0.108333
2 0.560547 0.018750 0.080469 0.109722
1 0.646484 0.197917 0.161719 0.179167
2 0.065234 0.199306 0.099219 0.093056
2 0.529297 0.383333 0.122656 0.133333
2 0.141797 0.434722 0.099219 0.102778
2 0.102734 0.384028 0.053906 0.101389
1 0.391016 0.302778 0.083594 0.100000
2 0.607031 0.467361 0.103125 0.215278
2 0.487500 0.153472 0.081250 0.118056
1 0.367969 0.648611 0.217188 0.144444
1 0.735156 0.484028 0.167187 0.165278
5 0.758594 0.209028 0.065625 0.173611
3 0.922266 0.341667 0.149219 0.177778