2 0.028125 0.548611 0.140625 0.219444
0 0.058594 0.891667 0.167187 0.244444
0 0.312500 0.426389 0.070312 0.083333
2 0.283594 0.514583 0.101562 0.101389
0 0.261328 0.309722 0.085156 0.133333
1 0.532813 0.397222 0.078125 0.119444
1 0.300391 0.915278 0.147656 0.275000
-1 0.294531 0.852778 0.064062 0.066667
0 0.682031 0.375000 0.154688 0.102778
0 0.571094 0.622917 0.089063 0.159722
1 0.740234 0.240972 0.061719 0.079167
1 0.838672 0.226389 0.077344 0.091667
1 0.737500 0.125000 0.065625 0.069444
1 0.648438 0.113889 0.060937 0.066667
2 0.600391 0.961111 0.232031 0.194444
4 0.662891 0.708333 0.028906 0.077778