3 0.250000 0.329861 0.076563 0.084722
2 0.233594 0.482639 0.095312 0.162500
1 0.298047 0.386111 0.071094 0.091667
2 0.409375 0.444444 0.154688 0.241667
0 0.143750 0.594444 0.170313 0.152778
0 0.430078 0.705556 0.194531 0.127778
3 0.148047 0.902083 0.124219 0.079167
3 0.323828 0.971528 0.199219 0.131944
0 0.578125 0.770833 0.151562 0.222222
0 0.617969 0.338194 0.067187 0.079167
2 0.621875 0.422917 0.087500 0.087500
0 0.549219 0.236806 0.070312 0.109722
1 0.791797 0.301389 0.071094 0.108333
1 0.785937 0.778472 0.115625 0.215278
-1 0.760156 0.713889 0.060937 0.063889