2 0.105078 0.558333 0.147656 0.230556
0 0.204687 0.881944 0.159375 0.233333
0 0.386719 0.424306 0.067187 0.079167
2 0.366406 0.513889 0.092188 0.091667
0 0.329297 0.313194 0.077344 0.120833
1 0.593750 0.393056 0.075000 0.113889
1 0.441797 0.872917 0.133594 0.248611
-1 0.425000 0.830556 0.064062 0.066667
0 0.734375 0.368056 0.162500 0.108333
0 0.653125 0.609028 0.084375 0.151389
1 0.769922 0.242361 0.061719 0.079167
1 0.864062 0.225694 0.073438 0.087500
1 0.757812 0.129861 0.062500 0.065278
1 0.674219 0.119444 0.057813 0.063889
2 0.706641 0.934028 0.221094 0.184722