1 0.050781 0.147222 0.095312 0.083333
0 0.185938 0.428472 0.145313 0.159722
0 0.314063 0.374306 0.093750 0.115278
2 0.187500 0.550000 0.089063 0.061111
2 0.263672 0.158333 0.111719 0.083333
0 0.208594 0.639583 0.195312 0.176389
0 0.453516 0.611111 0.183594 0.161111
0 0.622266 0.538194 0.186719 0.126389
0 0.690625 0.320833 0.084375 0.072222
0 0.641016 0.365972 0.110156 0.062500
5 0.587109 0.212500 0.175781 0.138889
5 0.248438 0.277778 0.282813 0.119444
5 0.007422 0.312500 0.200781 0.158333
2 0.508594 0.754167 0.279687 0.130556