2 0.070312 0.555556 0.140625 0.219444
0 0.157812 0.881944 0.159375 0.233333
0 0.360938 0.422917 0.067187 0.079167
2 0.334375 0.513889 0.092188 0.091667
0 0.306250 0.311806 0.081250 0.126389
1 0.572656 0.393056 0.078125 0.119444
1 0.384375 0.900000 0.140625 0.261111
-1 0.379688 0.836111 0.064062 0.066667
0 0.715625 0.368056 0.154688 0.102778
0 0.621094 0.610417 0.089063 0.159722
1 0.758203 0.239583 0.061719 0.079167
1 0.853516 0.225000 0.077344 0.091667
1 0.749219 0.124306 0.062500 0.065278
1 0.664844 0.115278 0.057813 0.063889
2 0.673828 0.946528 0.221094 0.184722
4 0.716016 0.691667 0.028906 0.077778