0 0.085156 0.409028 0.145313 0.159722
0 0.211719 0.353472 0.093750 0.115278
2 0.078906 0.522222 0.089063 0.061111
2 0.183203 0.148611 0.111719 0.083333
0 0.081641 0.595139 0.205469 0.184722
0 0.327734 0.579167 0.183594 0.161111
0 0.492969 0.507639 0.178125 0.120833
0 0.583594 0.300000 0.084375 0.072222
0 0.532031 0.343750 0.104688 0.059722
5 0.499609 0.197222 0.175781 0.138889
5 0.104688 0.281944 0.282813 0.119444
2 0.374609 0.713194 0.253906 0.118056
0 0.773438 0.477778 0.179688 0.122222
0 0.781250 0.281944 0.137500 0.102778