0 0.158203 0.381250 0.074219 0.087500
2 0.113281 0.458333 0.092188 0.091667
0 0.132422 0.263889 0.085156 0.133333
1 0.384766 0.384722 0.082031 0.125000
0 0.527734 0.375000 0.178906 0.119444
0 0.349609 0.597222 0.097656 0.175000
1 0.647266 0.247917 0.067969 0.087500
1 0.746875 0.253472 0.089063 0.106944
1 0.675781 0.138194 0.071875 0.076389
1 0.587500 0.116667 0.070312 0.077778
4 0.429297 0.696528 0.027344 0.073611
0 0.548828 0.221528 0.071094 0.079167
0 0.351953 0.170833 0.074219 0.105556
5 0.833203 0.744444 0.202344 0.300000
4 0.264062 0.154861 0.029687 0.043056
2 0.613281 0.627083 0.117188 0.198611