1 0.110156 0.279167 0.132812 0.119444
-1 0.067578 0.317361 0.108594 0.076389
2 0.448047 0.428472 0.142969 0.140278
1 0.153125 0.529167 0.143750 0.147222
-1 0.120703 0.523611 0.064844 0.113889
1 0.005859 0.701389 0.186719 0.280556
2 0.719531 0.225000 0.179688 0.130556
1 0.721094 0.552778 0.118750 0.177778
1 0.566016 0.275694 0.111719 0.104167
1 0.246875 0.196528 0.114062 0.090278
2 0.812500 0.561111 0.098437 0.130556
2 0.650000 0.377778 0.098437 0.130556
2 0.622266 0.140278 0.102344 0.138889
1 0.897266 0.297222 0.114844 0.127778