2 0.018750 0.548611 0.140625 0.219444
0 0.050781 0.887500 0.159375 0.233333
0 0.303906 0.426389 0.070312 0.083333
2 0.273438 0.515972 0.101562 0.101389
0 0.252734 0.311111 0.085156 0.133333
1 0.525000 0.398611 0.078125 0.119444
1 0.278125 0.925000 0.154688 0.288889
-1 0.278125 0.858333 0.064062 0.066667
0 0.674219 0.375000 0.154688 0.102778
0 0.560547 0.623611 0.092969 0.166667
1 0.736328 0.239583 0.061719 0.079167
1 0.836328 0.227778 0.077344 0.091667
1 0.734375 0.123611 0.068750 0.072222
1 0.646094 0.113889 0.060937 0.066667
2 0.590234 0.965278 0.232031 0.194444
4 0.652734 0.711111 0.028906 0.077778