1 0.095312 0.270833 0.132812 0.119444
-1 0.051172 0.311111 0.103906 0.072222
2 0.419531 0.448611 0.157812 0.155556
1 0.051172 0.531250 0.150781 0.154167
-1 0.019141 0.515278 0.067969 0.119444
2 0.771875 0.253472 0.171875 0.123611
1 0.635156 0.623611 0.092188 0.119444
1 0.569531 0.296528 0.123438 0.115278
1 0.249219 0.197222 0.125000 0.100000
2 0.777344 0.620139 0.054688 0.137500
2 0.642969 0.420139 0.103125 0.137500
2 0.669531 0.160417 0.107813 0.145833
1 0.933594 0.339583 0.126562 0.140278
2 0.303516 0.494444 0.114844 0.108333