2 0.007031 0.554167 0.140625 0.219444
0 0.031250 0.902778 0.159375 0.233333
0 0.293750 0.427778 0.070312 0.083333
2 0.263281 0.515972 0.101562 0.101389
0 0.244922 0.311111 0.085156 0.133333
1 0.517188 0.397222 0.078125 0.119444
1 0.265625 0.922222 0.154688 0.288889
-1 0.264844 0.859722 0.064062 0.066667
0 0.668750 0.376389 0.154688 0.102778
0 0.549609 0.626389 0.092969 0.166667
1 0.731641 0.238889 0.064844 0.083333
1 0.832422 0.227778 0.077344 0.091667
1 0.730469 0.123611 0.068750 0.072222
1 0.641406 0.112500 0.060937 0.066667
2 0.575391 0.968056 0.232031 0.194444
4 0.642578 0.713889 0.028906 0.077778