2 0.174609 0.397917 0.117969 0.115278
2 0.680078 0.285417 0.163281 0.118056
1 0.278906 0.584722 0.092188 0.119444
1 0.403906 0.282639 0.123438 0.115278
1 0.152344 0.145139 0.114062 0.090278
2 0.450000 0.600000 0.057813 0.144444
2 0.433594 0.423611 0.093750 0.125000
2 0.602734 0.171528 0.092969 0.126389
1 0.751172 0.384722 0.169531 0.188889
2 0.063672 0.415278 0.114844 0.108333
2 0.661328 0.597222 0.122656 0.133333
2 0.251953 0.706944 0.114844 0.119444
2 0.184375 0.638889 0.059375 0.111111
1 0.507031 0.526389 0.096875 0.116667
2 0.763281 0.704861 0.125000 0.262500
2 0.544141 0.309028 0.099219 0.143056
1 0.588281 0.923611 0.196875 0.130556