1 -0.023828 0.275000 0.153906 0.102778
1 0.208203 0.247917 0.107031 0.173611
3 0.452734 0.170833 0.080469 0.088889
1 0.526563 0.030556 0.062500 0.061111
2 0.140234 0.265972 0.053906 0.176389
2 0.483594 0.324306 0.095312 0.162500
1 0.531250 0.220139 0.085938 0.112500
2 0.297656 0.554167 0.192188 0.155556
4 0.341406 0.522917 0.046875 0.054167
1 -0.009766 0.561111 0.205469 0.144444
2 0.657422 0.240278 0.147656 0.230556
0 0.540625 0.461111 0.170313 0.152778
0 0.791797 0.472222 0.185156 0.122222
3 0.232031 0.872917 0.175000 0.165278
3 0.498047 0.842361 0.166406 0.106944
3 0.732422 0.805556 0.230469 0.152778