1 0.109375 0.280556 0.132812 0.119444
-1 0.055859 0.320139 0.108594 0.076389
2 0.443750 0.439583 0.150000 0.148611
1 0.121094 0.536111 0.143750 0.147222
-1 0.085547 0.531944 0.064844 0.113889
2 0.743750 0.238194 0.171875 0.123611
1 0.720313 0.577778 0.118750 0.177778
1 0.572656 0.288194 0.117188 0.109722
1 0.251563 0.200694 0.114062 0.090278
2 0.798828 0.588889 0.052344 0.130556
2 0.651563 0.400000 0.098437 0.130556
2 0.646875 0.149306 0.107813 0.145833
1 0.917969 0.313194 0.120313 0.134722
2 0.333594 0.484722 0.109375 0.102778