1 0.028125 0.141667 0.095312 0.083333
0 0.158594 0.422917 0.145313 0.159722
0 0.285938 0.367361 0.093750 0.115278
2 0.157812 0.541667 0.089063 0.061111
2 0.242578 0.155556 0.111719 0.083333
0 0.174219 0.632639 0.195312 0.176389
0 0.419922 0.604167 0.183594 0.161111
0 0.586719 0.529861 0.178125 0.120833
0 0.661719 0.315278 0.084375 0.072222
0 0.611328 0.361806 0.110156 0.062500
5 0.558203 0.210417 0.185156 0.145833
5 0.246875 0.265278 0.296875 0.125000
5 -0.007422 0.311111 0.182031 0.144444
2 0.471484 0.745139 0.253906 0.118056
0 0.869141 0.501389 0.188281 0.127778
0 0.862500 0.291667 0.137500 0.102778