1 0.098437 0.272222 0.132812 0.119444
-1 0.051953 0.312500 0.103906 0.072222
2 0.425000 0.445139 0.150000 0.148611
1 0.075391 0.531250 0.150781 0.154167
-1 0.033203 0.531944 0.067969 0.119444
2 0.767578 0.249306 0.163281 0.118056
1 0.708594 0.600694 0.125000 0.187500
1 0.569531 0.293750 0.117188 0.109722
1 0.250000 0.197222 0.125000 0.100000
2 0.782031 0.613194 0.054688 0.137500
2 0.646094 0.415972 0.103125 0.137500
2 0.666406 0.157639 0.107813 0.145833
1 0.930469 0.335417 0.126562 0.140278
2 0.310937 0.491667 0.109375 0.102778