1 0.126562 0.177083 0.096875 0.156944
3 0.352734 0.147222 0.063281 0.069444
2 0.380078 0.297917 0.100781 0.170833
1 0.435937 0.196528 0.078125 0.101389
2 0.142969 0.467361 0.165625 0.134722
4 0.193750 0.461111 0.040625 0.047222
2 0.546094 0.243056 0.140625 0.219444
0 0.353906 0.427778 0.170313 0.152778
0 0.636328 0.500000 0.185156 0.122222
3 0.119922 0.750000 0.166406 0.111111
3 0.353906 0.754861 0.175000 0.112500
3 0.569922 0.786111 0.230469 0.152778
0 0.796875 0.548611 0.151562 0.222222
2 0.666406 0.955556 0.164062 0.138889
0 0.737500 0.105556 0.070312 0.083333