3 0.136328 0.387500 0.080469 0.088889
2 0.100781 0.550694 0.095312 0.162500
1 0.173047 0.448611 0.071094 0.091667
2 0.276953 0.537500 0.147656 0.230556
0 -0.032813 0.658333 0.170313 0.152778
0 0.272266 0.779167 0.194531 0.127778
0 0.420312 0.852778 0.151562 0.222222
0 0.519531 0.407639 0.067187 0.079167
2 0.512109 0.492361 0.096094 0.095833
0 0.457031 0.302083 0.073438 0.115278
1 0.706641 0.373611 0.071094 0.108333
1 0.639453 0.860417 0.121094 0.226389
-1 0.621094 0.794444 0.060937 0.063889
0 0.840625 0.346528 0.140625 0.093056
0 0.794531 0.578472 0.084375 0.151389