0 0.101562 0.188194 0.070312 0.068056
0 0.170703 0.449306 0.103906 0.056944
2 0.203516 0.220139 0.047656 0.048611
1 0.089063 0.345833 0.120313 0.066667
-1 0.099219 0.336806 0.053125 0.040278
2 0.082422 0.657639 0.191406 0.134722
1 0.301172 0.586111 0.197656 0.077778
1 0.530469 0.579167 0.093750 0.066667
1 0.558203 0.464583 0.135156 0.070833
0 0.675781 0.459722 0.053125 0.086111
1 0.625391 0.767361 0.216406 0.131944
0 0.458594 0.822222 0.093750 0.133333
0 0.328125 0.829861 0.114062 0.115278
2 0.194141 0.909028 0.121094 0.148611