1 0.120313 0.189583 0.096875 0.156944
3 0.356641 0.166667 0.066406 0.072222
2 0.373437 0.318750 0.095312 0.162500
1 0.428516 0.216667 0.074219 0.097222
2 0.130469 0.485417 0.165625 0.134722
4 0.182031 0.480556 0.040625 0.047222
2 0.541016 0.268056 0.147656 0.230556
0 0.335938 0.448611 0.170313 0.152778
0 0.619922 0.529167 0.194531 0.127778
3 0.126562 0.776389 0.175000 0.116667
3 0.335547 0.768750 0.166406 0.106944
3 0.586328 0.829167 0.230469 0.152778
0 0.778125 0.580556 0.151562 0.222222
2 0.635156 0.983333 0.164062 0.138889
0 0.728906 0.136111 0.070312 0.083333
2 0.742969 0.222917 0.087500 0.087500