0 0.252344 0.426389 0.070312 0.083333
2 0.218359 0.513194 0.096094 0.095833
0 0.208203 0.308333 0.085156 0.133333
1 0.477734 0.404167 0.082031 0.125000
1 0.182812 0.923611 0.162500 0.302778
-1 0.193750 0.858333 0.064062 0.066667
0 0.633984 0.388194 0.147656 0.098611
0 0.495703 0.630556 0.097656 0.175000
1 0.706641 0.246528 0.067969 0.087500
1 0.808984 0.239583 0.085156 0.101389
1 0.714063 0.130556 0.068750 0.072222
1 0.625000 0.121528 0.067187 0.073611
4 0.586328 0.722222 0.028906 0.077778
0 0.601953 0.229861 0.071094 0.079167
0 0.399609 0.194444 0.074219 0.105556