0 0.082031 0.182639 0.070312 0.068056
0 0.147266 0.442361 0.103906 0.056944
2 0.183984 0.215972 0.047656 0.048611
1 0.067969 0.340278 0.120313 0.066667
-1 0.077734 0.331944 0.050781 0.038889
2 0.059766 0.647917 0.191406 0.134722
1 0.274609 0.577778 0.197656 0.077778
1 0.503125 0.570833 0.093750 0.066667
1 0.533984 0.456250 0.135156 0.070833
0 0.650781 0.451389 0.053125 0.086111
1 0.594141 0.753472 0.216406 0.131944
0 0.428906 0.812500 0.093750 0.133333
0 0.300391 0.818750 0.108594 0.109722
2 0.168359 0.896528 0.121094 0.148611