0 0.208203 0.267361 0.074219 0.087500
2 0.176172 0.331944 0.075781 0.075000
0 0.189844 0.149306 0.095312 0.098611
1 0.421094 0.293056 0.075000 0.113889
0 0.559375 0.286111 0.170313 0.113889
0 0.341797 0.497222 0.092969 0.166667
1 0.714453 0.170139 0.067969 0.087500
1 0.817187 0.175694 0.089063 0.106944
1 0.764062 0.058333 0.087500 0.091667
1 0.677344 0.037500 0.070312 0.077778
0 0.620703 0.138889 0.067969 0.075000
5 0.805859 0.686111 0.192969 0.286111
2 0.598437 0.533333 0.123438 0.208333
2 0.189453 0.822222 0.238281 0.247222
4 0.778516 0.261806 0.030469 0.048611