2 0.145703 0.165972 0.083594 0.081944
2 0.466797 0.161806 0.163281 0.118056
1 0.185547 0.300000 0.083594 0.108333
1 0.315234 0.163194 0.111719 0.104167
2 0.327344 0.306250 0.054688 0.137500
2 0.360547 0.191667 0.077344 0.102778
2 0.555078 -0.009028 0.088281 0.120833
1 0.632422 0.161806 0.161719 0.179167
2 0.072656 0.166667 0.085938 0.080556
2 0.509766 0.336111 0.122656 0.133333
2 0.137109 0.384028 0.094531 0.098611
2 0.103516 0.336806 0.053906 0.101389
1 0.379297 0.261111 0.083594 0.100000
2 0.581641 0.417361 0.092969 0.195833
2 0.522266 0.221528 0.089844 0.129167
1 0.340625 0.598611 0.217188 0.144444
1 0.699219 0.442361 0.167187 0.165278
5 0.741406 0.177083 0.065625 0.173611
3 0.915234 0.316667 0.157031 0.186111
1 0.861328 0.115972 0.075781 0.073611
2 0.554688 0.583333 0.153125 0.161111