1 -0.026953 0.268750 0.161719 0.106944
1 0.205859 0.246528 0.107031 0.173611
3 0.452734 0.170833 0.080469 0.088889
1 0.522656 0.027778 0.059375 0.058333
2 0.138281 0.264583 0.051562 0.168056
2 0.481250 0.321528 0.095312 0.162500
1 0.528125 0.221528 0.085938 0.112500
2 0.290625 0.551389 0.192188 0.155556
4 0.337500 0.522917 0.046875 0.054167
1 -0.012891 0.556944 0.205469 0.144444
2 0.651953 0.238889 0.147656 0.230556
0 0.536328 0.463194 0.178906 0.159722
0 0.788672 0.472222 0.185156 0.122222
3 0.235156 0.870139 0.175000 0.165278
3 0.506641 0.842361 0.166406 0.106944
3 0.720703 0.804167 0.230469 0.152778