1 0.095312 0.269444 0.132812 0.119444
-1 0.051953 0.308333 0.103906 0.072222
2 0.416406 0.450000 0.157812 0.155556
1 0.038281 0.529861 0.157812 0.162500
-1 0.004687 0.511111 0.071875 0.125000
2 0.776563 0.257639 0.171875 0.123611
1 0.630469 0.627778 0.092188 0.119444
1 0.571094 0.300694 0.123438 0.115278
1 0.247656 0.194444 0.125000 0.100000
2 0.774219 0.625694 0.054688 0.137500
2 0.642969 0.422917 0.103125 0.137500
2 0.671875 0.161806 0.107813 0.145833
1 0.935156 0.345139 0.126562 0.140278
2 0.298047 0.494444 0.114844 0.108333