1 0.065234 0.456944 0.074219 0.097222
2 0.171484 0.552778 0.147656 0.230556
0 0.139453 0.797917 0.203906 0.134722
0 0.285938 0.873611 0.151562 0.222222
0 0.437500 0.420139 0.067187 0.079167
2 0.421875 0.506944 0.092188 0.091667
0 0.376953 0.310417 0.077344 0.120833
1 0.636719 0.387500 0.075000 0.113889
1 0.513672 0.872917 0.133594 0.248611
-1 0.500000 0.818056 0.064062 0.066667
0 0.774219 0.361111 0.154688 0.102778
0 0.705469 0.597917 0.084375 0.151389
1 0.800391 0.236111 0.058594 0.075000
1 0.892969 0.221528 0.073438 0.087500
1 0.783594 0.124306 0.062500 0.065278
1 0.702344 0.119444 0.057813 0.063889
2 0.743359 0.906250 0.221094 0.184722