2 0.145703 0.172917 0.083594 0.081944
2 0.482422 0.156250 0.155469 0.112500
1 0.185547 0.305556 0.083594 0.108333
1 0.352344 0.154861 0.106250 0.098611
2 0.328125 0.314583 0.054688 0.137500
2 0.362891 0.194444 0.077344 0.102778
2 0.557813 -0.000694 0.084375 0.115278
1 0.634766 0.165972 0.161719 0.179167
2 0.072656 0.170833 0.085938 0.080556
2 0.509766 0.334722 0.122656 0.133333
2 0.137109 0.390972 0.094531 0.098611
2 0.103516 0.345139 0.053906 0.101389
1 0.381641 0.266667 0.083594 0.100000
2 0.585547 0.422917 0.092969 0.195833
2 0.520703 0.225694 0.089844 0.129167
1 0.346094 0.605556 0.217188 0.144444
1 0.704688 0.447917 0.167187 0.165278
5 0.745313 0.179861 0.065625 0.173611
3 0.922266 0.319444 0.149219 0.177778
1 0.863672 0.120139 0.075781 0.073611
2 0.559375 0.590278 0.153125 0.161111