0 0.055469 0.182639 0.070312 0.068056
0 0.117578 0.439583 0.103906 0.056944
2 0.157422 0.213194 0.047656 0.048611
1 0.035156 0.337500 0.120313 0.066667
-1 0.050391 0.330556 0.050781 0.038889
2 0.028516 0.643750 0.182031 0.129167
1 0.244141 0.572222 0.197656 0.077778
1 0.472656 0.562500 0.093750 0.066667
1 0.505078 0.447917 0.135156 0.070833
0 0.620313 0.444444 0.053125 0.086111
1 0.561328 0.743750 0.216406 0.131944
0 0.396094 0.802778 0.093750 0.133333
0 0.267188 0.811806 0.114062 0.115278
2 0.138672 0.888194 0.121094 0.148611