1 0.046875 0.147222 0.095312 0.083333
0 0.177344 0.428472 0.145313 0.159722
0 0.305469 0.372917 0.093750 0.115278
2 0.178125 0.547222 0.089063 0.061111
2 0.257422 0.155556 0.111719 0.083333
0 0.198437 0.635417 0.195312 0.176389
0 0.441797 0.609722 0.183594 0.161111
0 0.610156 0.535417 0.178125 0.120833
0 0.680469 0.316667 0.084375 0.072222
0 0.630859 0.364583 0.110156 0.062500
5 0.576172 0.214583 0.185156 0.145833
5 0.299219 0.241667 0.282813 0.119444
5 0.009375 0.311806 0.190625 0.151389
2 0.493359 0.750000 0.266406 0.125000