1 0.176953 0.224306 0.107031 0.173611
3 0.430078 0.155556 0.080469 0.088889
2 0.117969 0.250694 0.051562 0.168056
2 0.451172 0.304861 0.105469 0.179167
1 0.499219 0.204861 0.085938 0.112500
2 0.240625 0.522917 0.182812 0.148611
4 0.293750 0.502083 0.046875 0.054167
2 0.618359 0.230556 0.147656 0.230556
0 0.479687 0.445833 0.170313 0.152778
0 0.741016 0.472222 0.185156 0.122222
3 0.100781 0.821528 0.175000 0.165278
3 0.438672 0.815972 0.166406 0.106944
3 0.694922 0.795833 0.230469 0.152778
0 0.913672 0.486111 0.144531 0.211111