1 0.093750 0.261111 0.132812 0.119444
2 0.407031 0.450694 0.150000 0.148611
1 0.010937 0.520139 0.157812 0.162500
-1 -0.025391 0.501389 0.067969 0.119444
2 0.789844 0.268056 0.179688 0.130556
1 0.612500 0.637500 0.092188 0.119444
1 0.573438 0.302083 0.123438 0.115278
1 0.253125 0.189583 0.131250 0.104167
2 0.764844 0.643056 0.057813 0.144444
2 0.640625 0.433333 0.098437 0.130556
2 0.687891 0.168056 0.102344 0.138889
1 0.950391 0.355556 0.139844 0.155556
2 0.285938 0.490278 0.120313 0.113889
2 0.920703 0.566667 0.091406 0.100000
2 0.604297 0.770833 0.114844 0.119444
2 0.523438 0.681250 0.068750 0.129167