2 0.154297 0.368750 0.111719 0.109722
2 0.621875 0.270833 0.189062 0.136111
1 0.236719 0.545833 0.092188 0.119444
1 0.384375 0.263194 0.123438 0.115278
1 0.159766 0.133333 0.108594 0.086111
2 0.398828 0.556944 0.063281 0.158333
2 0.410938 0.400000 0.093750 0.125000
2 0.586328 0.163194 0.092969 0.126389
1 0.712891 0.364583 0.161719 0.179167
2 0.055469 0.380556 0.109375 0.102778
2 0.606641 0.568056 0.122656 0.133333
2 0.196484 0.655556 0.103906 0.108333
2 0.144922 0.588194 0.053906 0.101389
1 0.458594 0.490278 0.092188 0.111111
2 0.707812 0.668056 0.118750 0.250000
2 0.519141 0.293750 0.099219 0.143056
1 0.501172 0.872917 0.207031 0.137500
1 0.883594 0.679861 0.184375 0.181944