2 0.146875 0.154167 0.079687 0.077778
2 0.464062 0.156250 0.148438 0.106944
1 0.178516 0.280556 0.083594 0.108333
1 0.299609 0.150694 0.111719 0.104167
2 0.318359 0.286111 0.052344 0.130556
2 0.350000 0.178472 0.073438 0.098611
2 0.541016 0.025694 0.092969 0.126389
1 0.615234 0.154167 0.169531 0.188889
2 0.075781 0.152083 0.081250 0.076389
2 0.498828 0.323611 0.116406 0.127778
2 0.131641 0.361806 0.089844 0.093056
2 0.100000 0.315972 0.051562 0.095833
1 0.367969 0.246528 0.079687 0.095833
2 0.557031 0.400000 0.089063 0.186111
2 0.516797 0.217361 0.089844 0.129167
1 0.317578 0.570139 0.207031 0.137500
1 0.671094 0.428472 0.159375 0.156944
5 0.722656 0.168750 0.059375 0.156944
3 0.895312 0.296528 0.143750 0.159722
1 0.842578 0.107639 0.075781 0.073611
2 0.528516 0.556944 0.146094 0.152778