2 0.149609 0.351389 0.107031 0.105556
2 0.593750 0.253472 0.171875 0.123611
1 0.227344 0.520833 0.092188 0.119444
1 0.379688 0.242361 0.123438 0.115278
1 0.167969 0.127083 0.103125 0.081944
2 0.386328 0.530556 0.063281 0.158333
2 0.402344 0.377778 0.093750 0.125000
2 0.580859 0.140972 0.088281 0.120833
1 0.702734 0.339583 0.161719 0.179167
2 0.055469 0.361111 0.109375 0.102778
2 0.596484 0.540278 0.122656 0.133333
2 0.186328 0.627778 0.103906 0.108333
2 0.133984 0.567361 0.053906 0.101389
1 0.446875 0.465278 0.087500 0.105556
2 0.692969 0.640278 0.118750 0.250000
2 0.516797 0.279861 0.089844 0.129167
1 0.479687 0.840278 0.217188 0.144444
1 0.860938 0.647917 0.184375 0.181944
2 0.706641 0.116667 0.135156 0.105556