1 0.150000 0.192361 0.096875 0.156944
3 0.414453 0.141667 0.069531 0.077778
2 0.087500 0.242361 0.051562 0.168056
2 0.414453 0.302083 0.105469 0.179167
1 0.467578 0.195139 0.082031 0.106944
2 0.191797 0.494444 0.174219 0.141667
4 0.241406 0.477778 0.040625 0.047222
2 0.578906 0.231944 0.140625 0.219444
0 0.414062 0.433333 0.170313 0.152778
0 0.685547 0.486111 0.194531 0.127778
3 0.087109 0.790972 0.166406 0.156944
3 0.414453 0.784028 0.183594 0.118056
3 0.617578 0.796528 0.219531 0.145833
0 0.858594 0.523611 0.151562 0.222222
2 0.764062 0.934028 0.156250 0.131944
0 0.753906 0.084028 0.067187 0.079167