2 0.162891 0.377083 0.111719 0.109722
2 0.657422 0.277083 0.163281 0.118056
1 0.253906 0.556944 0.092188 0.119444
1 0.391406 0.267361 0.123438 0.115278
1 0.156250 0.136806 0.114062 0.090278
2 0.419141 0.573611 0.063281 0.158333
2 0.424219 0.406944 0.093750 0.125000
2 0.594141 0.165972 0.092969 0.126389
1 0.729297 0.372917 0.161719 0.179167
2 0.056641 0.393056 0.103906 0.097222
2 0.630078 0.580556 0.122656 0.133333
2 0.223047 0.672222 0.103906 0.108333
2 0.160938 0.606250 0.056250 0.106944
1 0.479687 0.505556 0.092188 0.111111
2 0.725781 0.693056 0.131250 0.275000
2 0.531641 0.299306 0.099219 0.143056
1 0.539453 0.896528 0.207031 0.137500
1 0.903906 0.696528 0.184375 0.181944