0 0.180859 0.407639 0.074219 0.087500
2 0.153125 0.484028 0.101562 0.101389
0 0.148047 0.288889 0.085156 0.133333
1 0.408203 0.401389 0.082031 0.125000
1 0.025000 0.886111 0.154688 0.288889
-1 0.067969 0.813889 0.064062 0.066667
0 0.555469 0.391667 0.170313 0.113889
0 0.389453 0.620833 0.097656 0.175000
1 0.659766 0.260417 0.067969 0.087500
1 0.759375 0.261806 0.089063 0.106944
1 0.683594 0.144444 0.068750 0.072222
1 0.593750 0.131250 0.073438 0.081944
4 0.472266 0.719444 0.028906 0.077778
0 0.557422 0.236806 0.071094 0.079167
0 0.359766 0.190278 0.074219 0.105556
5 0.866016 0.751389 0.192969 0.286111
4 0.269531 0.172917 0.029687 0.043056