1 -0.034375 0.250694 0.170313 0.112500
1 0.192578 0.234028 0.107031 0.173611
3 0.442188 0.165278 0.084375 0.094444
1 0.511719 0.026389 0.056250 0.055556
2 0.130469 0.253472 0.051562 0.168056
2 0.469141 0.314583 0.100781 0.170833
1 0.515625 0.210417 0.085938 0.112500
2 0.266406 0.534722 0.192188 0.155556
4 0.317188 0.513194 0.046875 0.054167
1 -0.032422 0.541667 0.205469 0.144444
2 0.638281 0.234722 0.154688 0.241667
0 0.508594 0.451389 0.170313 0.152778
0 0.765234 0.472222 0.185156 0.122222
3 0.137109 0.856250 0.183594 0.173611
3 0.477344 0.824306 0.175000 0.112500
3 0.720703 0.800000 0.230469 0.152778