0 0.170703 0.397917 0.074219 0.087500
2 0.137891 0.474306 0.096094 0.095833
0 0.142578 0.279167 0.085156 0.133333
1 0.398828 0.397222 0.082031 0.125000
1 0.001563 0.872222 0.154688 0.288889
-1 0.046094 0.801389 0.064062 0.066667
0 0.544922 0.386111 0.178906 0.119444
0 0.373828 0.611111 0.097656 0.175000
1 0.655078 0.256250 0.067969 0.087500
1 0.753906 0.260417 0.089063 0.106944
1 0.678906 0.143750 0.071875 0.076389
1 0.591406 0.125694 0.073438 0.081944
4 0.455078 0.710417 0.027344 0.073611
0 0.554297 0.232639 0.071094 0.079167
0 0.357422 0.183333 0.074219 0.105556
5 0.851172 0.754167 0.192969 0.286111
4 0.267188 0.167361 0.029687 0.043056
2 0.637500 0.628472 0.117188 0.198611