0 0.161328 0.336806 0.074219 0.087500
2 0.124609 0.405556 0.083594 0.083333
0 0.141797 0.220833 0.085156 0.133333
1 0.384766 0.347222 0.082031 0.125000
0 0.528125 0.340278 0.170313 0.113889
0 0.333984 0.556944 0.097656 0.175000
1 0.659766 0.217361 0.067969 0.087500
1 0.757031 0.221528 0.089063 0.106944
1 0.695703 0.104861 0.075781 0.079167
1 0.606250 0.081944 0.070312 0.077778
4 0.411328 0.655556 0.028906 0.077778
0 0.561328 0.188194 0.071094 0.079167
0 0.364453 0.143056 0.074219 0.105556
5 0.814453 0.716667 0.202344 0.300000
4 0.283594 0.121528 0.029687 0.043056
2 0.595313 0.592361 0.117188 0.198611