1 0.112500 0.211806 0.096875 0.156944
3 0.362891 0.198611 0.066406 0.072222
2 0.357422 0.346528 0.100781 0.170833
1 0.415234 0.248611 0.074219 0.097222
2 0.110156 0.497917 0.157812 0.129167
4 0.165234 0.500694 0.042969 0.048611
2 0.526953 0.298611 0.147656 0.230556
0 0.313281 0.469444 0.170313 0.152778
0 0.597266 0.558333 0.185156 0.122222
3 0.073438 0.784722 0.175000 0.116667
3 0.315234 0.789583 0.158594 0.101389
3 0.545703 0.859722 0.230469 0.152778
0 0.752344 0.613889 0.151562 0.222222
0 0.720313 0.175000 0.070312 0.083333
2 0.732031 0.260417 0.087500 0.087500
0 0.642188 0.077083 0.070312 0.109722