1 0.070312 0.289583 0.096875 0.156944
3 0.311719 0.284722 0.073438 0.080556
2 0.301563 0.431250 0.095312 0.162500
1 0.362891 0.334722 0.074219 0.097222
2 0.053125 0.561806 0.165625 0.134722
4 0.099219 0.569444 0.040625 0.047222
2 0.469531 0.391667 0.140625 0.219444
0 0.230469 0.545833 0.162500 0.144444
0 0.510547 0.647222 0.194531 0.127778
3 0.041797 0.848611 0.166406 0.111111
3 0.235547 0.846528 0.136719 0.087500
3 0.430078 0.923611 0.230469 0.152778
0 0.660156 0.711111 0.151562 0.222222
0 0.673438 0.281250 0.067187 0.079167
2 0.680859 0.365278 0.083594 0.083333
0 0.601562 0.182639 0.070312 0.109722
1 0.841797 0.243056 0.071094 0.108333
1 0.864844 0.715972 0.115625 0.215278
-1 0.836719 0.650000 0.060937 0.063889