0 0.164453 0.392361 0.074219 0.087500
2 0.130859 0.465972 0.096094 0.095833
0 0.136328 0.273611 0.085156 0.133333
1 0.391797 0.391667 0.082031 0.125000
0 0.535547 0.381944 0.178906 0.119444
0 0.362109 0.604167 0.097656 0.175000
1 0.650391 0.253472 0.067969 0.087500
1 0.749219 0.259028 0.089063 0.106944
1 0.676562 0.142361 0.071875 0.076389
1 0.589063 0.122222 0.070312 0.077778
4 0.441797 0.706250 0.027344 0.073611
0 0.550391 0.228472 0.071094 0.079167
0 0.354297 0.177778 0.074219 0.105556
5 0.837891 0.748611 0.202344 0.300000
4 0.265625 0.164583 0.029687 0.043056
2 0.626563 0.632639 0.117188 0.198611