3 0.116797 0.388194 0.085156 0.093056
2 0.077344 0.554861 0.095312 0.162500
1 0.150391 0.450000 0.071094 0.091667
2 0.250000 0.543056 0.140625 0.219444
0 0.244922 0.783333 0.194531 0.127778
0 0.393750 0.856944 0.151562 0.222222
0 0.500781 0.411806 0.067187 0.079167
2 0.493750 0.497917 0.101562 0.101389
0 0.439844 0.304861 0.073438 0.115278
1 0.690625 0.377778 0.075000 0.113889
1 0.613672 0.865972 0.127344 0.237500
-1 0.595313 0.800000 0.060937 0.063889
0 0.826562 0.353472 0.140625 0.093056
0 0.775781 0.584028 0.084375 0.151389
1 0.838672 0.229167 0.058594 0.075000
1 0.928125 0.202083 0.073438 0.087500