1 0.135156 0.174306 0.096875 0.156944
3 0.398828 0.131250 0.066406 0.073611
2 0.394922 0.285417 0.100781 0.170833
1 0.447266 0.186806 0.082031 0.106944
2 0.160547 0.465278 0.174219 0.141667
4 0.211719 0.456944 0.040625 0.047222
2 0.560156 0.227778 0.140625 0.219444
0 0.375781 0.419444 0.170313 0.152778
0 0.652734 0.485417 0.203906 0.134722
3 0.044922 0.741667 0.158594 0.150000
3 0.387109 0.750694 0.166406 0.106944
3 0.575391 0.786111 0.230469 0.152778
0 0.820312 0.527778 0.151562 0.222222
2 0.704688 0.929167 0.164062 0.138889
0 0.744531 0.086806 0.067187 0.079167