1 0.014063 0.223611 0.120313 0.108333
2 0.258594 0.435417 0.135937 0.134722
2 0.719531 0.304167 0.189062 0.136111
1 0.396875 0.631944 0.092188 0.119444
1 0.466406 0.309028 0.123438 0.115278
1 0.185156 0.175000 0.125000 0.100000
2 0.564453 0.637500 0.063281 0.158333
2 0.508594 0.444444 0.093750 0.125000
2 0.637891 0.190972 0.088281 0.120833
1 0.829297 0.403472 0.161719 0.179167
2 0.137891 0.462500 0.114844 0.108333
2 0.762891 0.614583 0.105469 0.115278
2 0.383203 0.758333 0.114844 0.119444
2 0.307031 0.684028 0.065625 0.123611
2 0.060547 0.854861 0.163281 0.156944
1 0.613281 0.558333 0.101562 0.122222
2 0.887500 0.737500 0.131250 0.275000