2 0.066016 0.554861 0.133594 0.209722
0 0.142187 0.881944 0.159375 0.233333
0 0.352344 0.424306 0.067187 0.079167
2 0.326562 0.512500 0.092188 0.091667
0 0.297656 0.311806 0.081250 0.126389
1 0.564844 0.394444 0.078125 0.119444
1 0.370312 0.898611 0.140625 0.261111
-1 0.366406 0.837500 0.064062 0.066667
0 0.710156 0.370833 0.154688 0.102778
0 0.612500 0.613194 0.089063 0.159722
1 0.754297 0.238194 0.061719 0.079167
1 0.850391 0.223611 0.077344 0.091667
1 0.747656 0.125694 0.062500 0.065278
1 0.661719 0.115278 0.057813 0.063889
2 0.658203 0.947222 0.232031 0.194444
4 0.706641 0.691667 0.028906 0.077778