0 0.173828 0.311806 0.074219 0.087500
2 0.151562 0.381250 0.079687 0.079167
0 0.155859 0.198611 0.085156 0.133333
1 0.394922 0.326389 0.082031 0.125000
0 0.536719 0.319444 0.170313 0.113889
0 0.335547 0.534722 0.097656 0.175000
1 0.673828 0.199306 0.067969 0.087500
1 0.772656 0.204861 0.089063 0.106944
1 0.711719 0.088889 0.079687 0.083333
1 0.626563 0.063889 0.070312 0.077778
4 0.412109 0.635417 0.027344 0.073611
0 0.579297 0.169444 0.067969 0.075000
5 0.816797 0.704167 0.202344 0.300000
2 0.596094 0.570833 0.123438 0.208333