2 0.140625 0.312500 0.101562 0.100000
2 0.542578 0.229861 0.163281 0.118056
1 0.205469 0.470833 0.087500 0.113889
1 0.368750 0.211806 0.129688 0.120833
1 0.196875 0.134722 0.098437 0.077778
2 0.358594 0.484028 0.060937 0.151389
2 0.385937 0.338889 0.089063 0.119444
2 0.570703 0.113194 0.088281 0.120833
1 0.674609 0.306944 0.169531 0.188889
2 0.051953 0.318056 0.103906 0.097222
2 0.564453 0.500000 0.116406 0.127778
2 0.157422 0.573611 0.099219 0.102778
2 0.114453 0.515972 0.053906 0.101389
1 0.418750 0.422222 0.087500 0.105556
2 0.659375 0.590972 0.107813 0.226389
2 0.500391 0.247917 0.089844 0.129167
1 0.425781 0.792361 0.228125 0.151389
1 0.807031 0.606250 0.184375 0.181944
5 0.797656 0.315972 0.068750 0.181944
5 0.731641 0.092361 0.124219 0.112500