2 0.146875 0.136806 0.068750 0.068056
2 0.466797 0.150694 0.163281 0.118056
1 0.155859 0.213194 0.075781 0.098611
1 0.269531 0.132639 0.079687 0.073611
2 0.282422 0.221528 0.047656 0.118056
2 0.312109 0.143056 0.060156 0.080556
1 0.570703 0.131250 0.161719 0.179167
2 0.108984 0.129861 0.055469 0.051389
2 0.458203 0.285417 0.105469 0.115278
2 0.114844 0.282639 0.081250 0.084722
2 0.086719 0.239583 0.046875 0.087500
1 0.327344 0.193056 0.068750 0.083333
2 0.476562 0.343056 0.073438 0.152778
2 0.476953 0.182639 0.099219 0.143056
1 0.238281 0.479167 0.187500 0.125000
1 0.556250 0.381944 0.193750 0.191667
5 0.661719 0.152778 0.056250 0.150000
3 0.772266 0.284722 0.136719 0.152778
1 0.778906 0.101389 0.068750 0.066667
2 0.447656 0.478472 0.120313 0.126389
2 0.850391 0.434028 0.100781 0.170833
1 0.926953 0.322917 0.110156 0.143056
2 0.848047 0.787500 0.211719 0.172222
4 0.832422 0.735417 0.066406 0.076389