2 0.149219 0.137500 0.062500 0.061111
2 0.468750 0.143750 0.148438 0.106944
1 0.145313 0.179167 0.068750 0.088889
2 0.264062 0.193750 0.045312 0.112500
2 0.289844 0.134028 0.057813 0.076389
1 0.541406 0.120139 0.146875 0.162500
2 0.115234 0.124306 0.055469 0.051389
2 0.430859 0.265972 0.105469 0.115278
2 0.105078 0.247222 0.077344 0.080556
2 0.080078 0.205556 0.044531 0.083333
1 0.304688 0.170139 0.065625 0.079167
2 0.447266 0.302778 0.057031 0.119444
2 0.454297 0.163889 0.094531 0.136111
1 0.200781 0.433333 0.187500 0.125000
1 0.497656 0.352083 0.184375 0.181944
5 0.623047 0.138194 0.053906 0.143056
3 0.733984 0.292361 0.117969 0.131944
1 0.739844 0.102778 0.068750 0.066667
2 0.399219 0.440972 0.114062 0.120833
2 0.779297 0.422917 0.100781 0.170833
1 0.857422 0.318750 0.110156 0.143056
2 0.723437 0.748611 0.192188 0.155556
4 0.739453 0.697222 0.063281 0.072222
1 0.407813 0.789583 0.250000 0.176389