3 0.183594 0.375694 0.076563 0.084722
2 0.149219 0.539583 0.095312 0.162500
1 0.218359 0.438889 0.071094 0.091667
2 0.333594 0.504167 0.154688 0.241667
0 0.033594 0.647222 0.162500 0.144444
0 0.332422 0.768056 0.194531 0.127778
0 0.478906 0.836111 0.151562 0.222222
0 0.555469 0.395139 0.067187 0.079167
2 0.552734 0.482639 0.096094 0.095833
0 0.490625 0.292361 0.073438 0.115278
1 0.738672 0.362500 0.071094 0.108333
1 0.694141 0.846528 0.121094 0.226389
-1 0.673438 0.779167 0.060937 0.063889
0 0.869531 0.336806 0.140625 0.093056
0 0.833984 0.562500 0.080469 0.144444