1 0.064062 0.148611 0.095312 0.083333
0 0.204687 0.432639 0.145313 0.159722
0 0.332031 0.379861 0.093750 0.115278
2 0.205469 0.552778 0.089063 0.061111
2 0.276953 0.156944 0.111719 0.083333
0 0.229687 0.645139 0.195312 0.176389
0 0.474609 0.618056 0.192969 0.169444
0 0.644141 0.546528 0.186719 0.126389
0 0.710156 0.323611 0.084375 0.072222
0 0.660547 0.370139 0.110156 0.062500
5 0.598828 0.217361 0.185156 0.145833
5 0.265625 0.280556 0.282813 0.119444
5 0.027734 0.316667 0.200781 0.158333
2 0.529687 0.763194 0.293750 0.137500