3 0.228125 0.354167 0.073438 0.080556
2 0.206250 0.509028 0.095312 0.162500
1 0.273047 0.411111 0.071094 0.091667
2 0.384375 0.470833 0.154688 0.241667
0 0.107813 0.622222 0.162500 0.144444
0 0.398828 0.736806 0.203906 0.134722
0 0.545312 0.801389 0.151562 0.222222
0 0.598437 0.364583 0.067187 0.079167
2 0.599219 0.454861 0.087500 0.087500
0 0.530469 0.263194 0.070312 0.109722
1 0.773047 0.330556 0.071094 0.108333
1 0.757031 0.809028 0.115625 0.215278
-1 0.732031 0.743056 0.060937 0.063889
0 0.899219 0.304861 0.140625 0.093056
0 0.876172 0.529167 0.080469 0.144444