1 0.021875 0.321528 0.096875 0.156944
3 0.278125 0.313889 0.073438 0.080556
2 0.262500 0.464583 0.095312 0.162500
1 0.325391 0.368056 0.071094 0.091667
2 0.022266 0.587500 0.150781 0.122222
4 0.052344 0.600000 0.040625 0.047222
2 0.433984 0.426389 0.147656 0.230556
0 0.182031 0.579167 0.170313 0.152778
0 0.463672 0.686111 0.185156 0.122222
3 -0.011719 0.873611 0.137500 0.091667
3 0.183203 0.879861 0.136719 0.087500
3 0.364844 0.956944 0.209375 0.138889
0 0.611719 0.751389 0.151562 0.222222
0 0.642188 0.318750 0.067187 0.079167
2 0.646875 0.406250 0.087500 0.087500
0 0.571875 0.217361 0.070312 0.109722
1 0.812891 0.281944 0.071094 0.108333
1 0.818750 0.756250 0.115625 0.215278
-1 0.792969 0.690278 0.060937 0.063889