1 0.162500 0.210417 0.096875 0.156944
3 0.421875 0.147917 0.076563 0.084722
2 0.101953 0.238194 0.053906 0.176389
2 0.433984 0.300694 0.105469 0.179167
1 0.484766 0.196528 0.082031 0.106944
2 0.218750 0.510417 0.165625 0.134722
4 0.270313 0.490972 0.046875 0.054167
2 0.600391 0.229167 0.147656 0.230556
0 0.455078 0.440972 0.178906 0.159722
0 0.719141 0.473611 0.185156 0.122222
3 0.091797 0.803472 0.183594 0.173611
3 0.401953 0.807639 0.166406 0.106944
3 0.661328 0.793056 0.230469 0.152778
0 0.895312 0.504167 0.151562 0.222222
2 0.823438 0.929167 0.164062 0.138889