1 0.054688 0.306250 0.096875 0.156944
3 0.296875 0.302778 0.073438 0.080556
2 0.282813 0.447917 0.095312 0.162500
1 0.345703 0.355556 0.074219 0.097222
2 0.039844 0.574306 0.165625 0.134722
4 0.078125 0.584722 0.040625 0.047222
2 0.455859 0.409722 0.147656 0.230556
0 0.207031 0.561111 0.162500 0.144444
0 0.488672 0.668056 0.194531 0.127778
3 0.017578 0.863194 0.150781 0.101389
3 0.210938 0.864583 0.143750 0.093056
3 0.399609 0.925694 0.219531 0.145833
0 0.637500 0.733333 0.151562 0.222222
0 0.657813 0.302083 0.067187 0.079167
2 0.665234 0.384722 0.083594 0.083333
0 0.589063 0.200694 0.070312 0.109722
1 0.827734 0.263889 0.071094 0.108333
1 0.842969 0.738194 0.115625 0.215278
-1 0.815625 0.673611 0.060937 0.063889