1 0.065625 0.293750 0.096875 0.156944
3 0.307031 0.288889 0.073438 0.080556
2 0.296094 0.436806 0.095312 0.162500
1 0.356641 0.343056 0.074219 0.097222
2 0.046094 0.565972 0.165625 0.134722
4 0.092188 0.573611 0.040625 0.047222
2 0.462500 0.397222 0.140625 0.219444
0 0.222656 0.550000 0.162500 0.144444
0 0.501953 0.654167 0.194531 0.127778
3 0.037109 0.850000 0.158594 0.105556
3 0.228125 0.852083 0.143750 0.093056
3 0.417578 0.922222 0.230469 0.152778
0 0.652344 0.718056 0.151562 0.222222
0 0.667188 0.288194 0.067187 0.079167
2 0.673047 0.370833 0.083594 0.083333
0 0.597656 0.189583 0.070312 0.109722
1 0.834766 0.250000 0.071094 0.108333
1 0.857031 0.724306 0.115625 0.215278
-1 0.828125 0.658333 0.060937 0.063889