2 0.151172 0.366667 0.107031 0.105556
2 0.608594 0.265278 0.179688 0.130556
1 0.231250 0.536111 0.092188 0.119444
1 0.382031 0.253472 0.123438 0.115278
1 0.160547 0.131944 0.108594 0.086111
2 0.392578 0.548611 0.063281 0.158333
2 0.406250 0.390278 0.093750 0.125000
2 0.583203 0.153472 0.088281 0.120833
1 0.708203 0.353472 0.161719 0.179167
2 0.056250 0.377778 0.109375 0.102778
2 0.600391 0.554167 0.122656 0.133333
2 0.191016 0.644444 0.103906 0.108333
2 0.138672 0.584028 0.053906 0.101389
1 0.453125 0.481944 0.087500 0.105556
2 0.700000 0.654167 0.118750 0.250000
2 0.519141 0.292361 0.089844 0.129167
1 0.489844 0.859722 0.217188 0.144444
1 0.873437 0.664583 0.184375 0.181944