2 0.144531 0.325000 0.101562 0.100000
2 0.554297 0.245139 0.163281 0.118056
1 0.212500 0.488889 0.092188 0.119444
1 0.374219 0.222917 0.123438 0.115278
1 0.204687 0.138889 0.098437 0.077778
2 0.367578 0.502778 0.063281 0.158333
2 0.392969 0.352778 0.089063 0.119444
2 0.575391 0.127083 0.088281 0.120833
1 0.683984 0.325000 0.169531 0.188889
2 0.053906 0.330556 0.109375 0.102778
2 0.576172 0.518056 0.116406 0.127778
2 0.165234 0.591667 0.099219 0.102778
2 0.121094 0.532639 0.056250 0.106944
1 0.428906 0.440278 0.087500 0.105556
2 0.673047 0.613194 0.113281 0.237500
2 0.508203 0.263194 0.089844 0.129167
1 0.442188 0.811806 0.228125 0.151389
1 0.825000 0.629861 0.184375 0.181944
5 0.808594 0.332639 0.068750 0.181944
5 0.738672 0.107639 0.124219 0.112500