2 0.139063 0.247917 0.092188 0.090278
2 0.519531 0.172917 0.148438 0.106944
1 0.195312 0.393056 0.087500 0.113889
1 0.364844 0.149306 0.123438 0.115278
1 0.073438 0.123611 0.093750 0.075000
2 0.344531 0.406944 0.057813 0.144444
2 0.375391 0.269444 0.085156 0.113889
2 0.577734 0.060417 0.088281 0.120833
1 0.657422 0.240278 0.169531 0.188889
2 0.057422 0.245833 0.094531 0.088889
2 0.544531 0.425000 0.110937 0.122222
2 0.145313 0.488889 0.109375 0.113889
2 0.106250 0.432639 0.056250 0.106944
1 0.403125 0.350000 0.087500 0.105556
2 0.629687 0.515972 0.107813 0.226389
2 0.492578 0.180556 0.094531 0.136111
1 0.391406 0.704167 0.217188 0.144444
1 0.767188 0.535417 0.184375 0.181944
5 0.776563 0.247917 0.065625 0.173611
5 0.713672 0.028472 0.117969 0.106944