0 0.193359 0.415972 0.074219 0.087500
2 0.164844 0.490972 0.087500 0.087500
0 0.157422 0.297222 0.085156 0.133333
1 0.422266 0.404167 0.082031 0.125000
1 0.057031 0.898611 0.154688 0.288889
-1 0.090625 0.826389 0.064062 0.066667
0 0.568750 0.394444 0.170313 0.113889
0 0.409766 0.625000 0.097656 0.175000
1 0.668359 0.260417 0.067969 0.087500
1 0.768750 0.261806 0.089063 0.106944
1 0.689063 0.144444 0.068750 0.072222
1 0.598437 0.131944 0.070312 0.077778
4 0.493359 0.722222 0.028906 0.077778
0 0.565234 0.238194 0.071094 0.079167
0 0.367578 0.193056 0.074219 0.105556
5 0.887109 0.743056 0.202344 0.300000