1 0.095703 0.452778 0.071094 0.091667
2 0.198047 0.548611 0.147656 0.230556
0 0.172266 0.792361 0.203906 0.134722
0 0.321094 0.868056 0.151562 0.222222
0 0.457813 0.417361 0.067187 0.079167
2 0.446484 0.500694 0.096094 0.095833
0 0.397656 0.309028 0.073438 0.115278
1 0.654687 0.383333 0.075000 0.113889
1 0.544922 0.874306 0.133594 0.248611
-1 0.530469 0.811111 0.060937 0.063889
0 0.792969 0.359722 0.154688 0.102778
0 0.728125 0.593750 0.084375 0.151389
1 0.813672 0.234722 0.058594 0.075000
1 0.903906 0.218750 0.073438 0.087500
1 0.794531 0.122917 0.059375 0.062500
1 0.713281 0.116667 0.057813 0.063889
2 0.776172 0.906250 0.221094 0.184722