0 0.156641 0.345139 0.074219 0.087500
2 0.114844 0.418750 0.087500 0.087500
0 0.135547 0.231944 0.085156 0.133333
1 0.381641 0.355556 0.082031 0.125000
0 0.525000 0.347222 0.170313 0.113889
0 0.333984 0.565278 0.097656 0.175000
1 0.652734 0.222917 0.067969 0.087500
1 0.752344 0.227778 0.093750 0.111111
1 0.688281 0.111806 0.071875 0.076389
1 0.599219 0.090278 0.070312 0.077778
4 0.412109 0.666667 0.028906 0.077778
0 0.556641 0.193750 0.071094 0.079167
0 0.359766 0.145833 0.074219 0.105556
5 0.805859 0.719444 0.202344 0.300000
4 0.275781 0.124306 0.029687 0.043056
2 0.593750 0.600694 0.117188 0.198611