0 0.228906 0.425000 0.070312 0.083333
2 0.193750 0.505556 0.092188 0.091667
0 0.187109 0.306944 0.085156 0.133333
1 0.456641 0.406944 0.082031 0.125000
1 0.138281 0.909722 0.154688 0.288889
-1 0.153125 0.845833 0.064062 0.066667
0 0.607812 0.391667 0.162500 0.108333
0 0.462109 0.633333 0.097656 0.175000
1 0.691016 0.253472 0.067969 0.087500
1 0.793359 0.249306 0.085156 0.101389
1 0.703906 0.138889 0.068750 0.072222
1 0.614062 0.125694 0.067187 0.073611
4 0.550391 0.723611 0.028906 0.077778
0 0.587109 0.232639 0.071094 0.079167
0 0.386328 0.197222 0.074219 0.105556