1 0.149219 0.188194 0.096875 0.156944
3 0.412891 0.138889 0.069531 0.077778
2 0.088672 0.231250 0.049219 0.159722
2 0.412891 0.300694 0.105469 0.179167
1 0.465234 0.193750 0.082031 0.106944
2 0.188672 0.490278 0.174219 0.141667
4 0.237500 0.475000 0.040625 0.047222
2 0.576562 0.231944 0.140625 0.219444
0 0.410156 0.433333 0.170313 0.152778
0 0.683984 0.487500 0.194531 0.127778
3 0.089453 0.786806 0.166406 0.156944
3 0.421875 0.781250 0.175000 0.112500
3 0.612109 0.797222 0.230469 0.152778
0 0.855469 0.525000 0.151562 0.222222
2 0.757812 0.934028 0.156250 0.131944
0 0.753906 0.084028 0.067187 0.079167