1 0.070312 0.244444 0.132812 0.119444
2 0.352734 0.447917 0.142969 0.140278
2 0.789062 0.286111 0.179688 0.130556
1 0.527344 0.643056 0.092188 0.119444
1 0.537500 0.311806 0.123438 0.115278
1 0.232813 0.183333 0.125000 0.100000
2 0.689063 0.655556 0.057813 0.144444
2 0.594531 0.443056 0.093750 0.125000
2 0.680859 0.186111 0.097656 0.133333
1 0.910156 0.393750 0.146875 0.162500
2 0.228125 0.480556 0.109375 0.102778
2 0.864453 0.600000 0.096094 0.105556
2 0.520703 0.777778 0.114844 0.119444
2 0.439844 0.700694 0.068750 0.129167
2 0.210156 0.906250 0.189062 0.181944
1 0.725000 0.555556 0.101562 0.122222