0 0.205078 0.270139 0.074219 0.087500
2 0.173047 0.334722 0.075781 0.075000
0 0.185938 0.152083 0.095312 0.098611
1 0.418750 0.291667 0.075000 0.113889
0 0.555469 0.284722 0.170313 0.113889
0 0.340234 0.498611 0.092969 0.166667
1 0.711328 0.172917 0.067969 0.087500
1 0.812500 0.175694 0.089063 0.106944
1 0.759766 0.059028 0.083594 0.087500
1 0.672656 0.038889 0.070312 0.077778
0 0.616016 0.138889 0.067969 0.075000
5 0.812109 0.684722 0.192969 0.286111
2 0.597656 0.537500 0.123438 0.208333
2 0.187891 0.825000 0.238281 0.247222
4 0.773828 0.263194 0.030469 0.048611