2 0.146094 0.177778 0.079687 0.077778
2 0.490234 0.152083 0.155469 0.112500
1 0.187891 0.311111 0.083594 0.108333
1 0.364063 0.138194 0.106250 0.098611
2 0.331250 0.314583 0.054688 0.137500
2 0.364063 0.197222 0.081250 0.108333
2 0.560937 0.000694 0.084375 0.115278
1 0.637109 0.170139 0.161719 0.179167
2 0.071094 0.176389 0.085938 0.080556
2 0.511328 0.341667 0.122656 0.133333
2 0.139453 0.397917 0.094531 0.098611
2 0.105078 0.349306 0.053906 0.101389
1 0.383203 0.272222 0.083594 0.100000
2 0.589453 0.428472 0.092969 0.195833
2 0.519141 0.220139 0.089844 0.129167
1 0.350000 0.611111 0.217188 0.144444
1 0.710156 0.453472 0.167187 0.165278
5 0.747656 0.185417 0.065625 0.173611
3 0.924609 0.326389 0.149219 0.177778
1 0.865234 0.121528 0.075781 0.073611
2 0.560937 0.598611 0.153125 0.161111