2 0.150000 0.143056 0.062500 0.061111
2 0.466797 0.144444 0.141406 0.102778
1 0.147656 0.187500 0.068750 0.088889
1 0.266406 0.198611 0.068750 0.063889
2 0.268750 0.200694 0.045312 0.112500
2 0.295312 0.134028 0.057813 0.076389
1 0.547266 0.124306 0.153906 0.170833
2 0.114453 0.124306 0.055469 0.051389
2 0.437109 0.268750 0.105469 0.115278
2 0.107422 0.255556 0.077344 0.080556
2 0.080859 0.212500 0.044531 0.083333
1 0.310156 0.174306 0.065625 0.079167
2 0.455859 0.310417 0.063281 0.131944
2 0.456641 0.165278 0.094531 0.136111
1 0.208594 0.441667 0.187500 0.125000
1 0.510156 0.359028 0.184375 0.181944
5 0.629687 0.141667 0.056250 0.150000
3 0.744141 0.293750 0.124219 0.137500
1 0.748437 0.102778 0.068750 0.066667
2 0.410938 0.449306 0.114062 0.120833
2 0.794922 0.424306 0.100781 0.170833
1 0.872266 0.321528 0.110156 0.143056
2 0.746875 0.756944 0.201563 0.163889
4 0.759766 0.709028 0.066406 0.076389
1 0.425781 0.803472 0.250000 0.176389