2 0.070312 0.556944 0.140625 0.219444
0 0.119531 0.883333 0.159375 0.233333
0 0.340625 0.424306 0.067187 0.079167
2 0.313281 0.511806 0.106250 0.106944
0 0.286328 0.312500 0.085156 0.133333
1 0.553906 0.394444 0.078125 0.119444
1 0.350781 0.904167 0.140625 0.261111
-1 0.343750 0.841667 0.064062 0.066667
0 0.700000 0.372222 0.154688 0.102778
0 0.598437 0.615972 0.089063 0.159722
1 0.749609 0.240972 0.061719 0.079167
1 0.845703 0.226389 0.077344 0.091667
1 0.742969 0.125694 0.062500 0.065278
1 0.657813 0.116667 0.060937 0.066667
2 0.639062 0.947917 0.243750 0.204167
4 0.691797 0.695833 0.028906 0.077778