1 0.103906 0.238194 0.096875 0.156944
3 0.348828 0.229861 0.069531 0.076389
2 0.343359 0.377083 0.100781 0.170833
1 0.401953 0.281944 0.074219 0.097222
2 0.099609 0.529167 0.174219 0.141667
4 0.146094 0.527778 0.040625 0.047222
2 0.508594 0.337500 0.140625 0.219444
0 0.289844 0.500000 0.170313 0.152778
0 0.571484 0.594444 0.194531 0.127778
3 0.129297 0.827778 0.166406 0.111111
3 0.291016 0.815972 0.158594 0.101389
3 0.525391 0.894444 0.230469 0.152778
0 0.725781 0.655556 0.151562 0.222222
0 0.710156 0.218056 0.070312 0.083333
2 0.718750 0.302083 0.087500 0.087500
0 0.634375 0.120139 0.070312 0.109722
1 0.872266 0.173611 0.071094 0.108333