1 0.117969 0.162500 0.062500 0.080556
2 0.226953 0.171528 0.042969 0.106944
2 0.375391 0.243056 0.091406 0.100000
2 0.061719 0.186806 0.042188 0.079167
1 0.263281 0.152778 0.062500 0.075000
2 0.382031 0.276389 0.054688 0.113889
1 0.146094 0.392361 0.170313 0.112500
1 0.418359 0.329861 0.175781 0.173611
5 0.568750 0.143056 0.051562 0.136111
3 0.658203 0.263889 0.097656 0.108333
1 0.672656 0.093056 0.068750 0.066667
2 0.337109 0.405556 0.108594 0.113889
2 0.682422 0.390972 0.100781 0.170833
1 0.753125 0.295139 0.095312 0.123611
2 0.600000 0.690972 0.182812 0.148611
4 0.623047 0.645833 0.060156 0.069444
1 0.291016 0.724306 0.238281 0.168056