1 0.017188 0.225000 0.120313 0.108333
2 0.263281 0.438194 0.135937 0.134722
2 0.725781 0.300000 0.189062 0.136111
1 0.402344 0.631944 0.092188 0.119444
1 0.469531 0.310417 0.123438 0.115278
1 0.187500 0.175000 0.125000 0.100000
2 0.569922 0.637500 0.063281 0.158333
2 0.511719 0.445833 0.093750 0.125000
2 0.641016 0.190972 0.092969 0.126389
1 0.832422 0.403472 0.161719 0.179167
2 0.141797 0.462500 0.114844 0.108333
2 0.766016 0.614583 0.100781 0.109722
2 0.390234 0.759722 0.114844 0.119444
2 0.313281 0.685417 0.065625 0.123611
2 0.061328 0.856250 0.163281 0.156944
1 0.618750 0.559722 0.101562 0.122222
2 0.892188 0.737500 0.131250 0.275000