2 0.146484 0.164583 0.083594 0.081944
2 0.463672 0.159028 0.163281 0.118056
1 0.184766 0.295833 0.083594 0.108333
1 0.308984 0.161806 0.111719 0.104167
2 0.325000 0.302083 0.054688 0.137500
2 0.358984 0.187500 0.077344 0.102778
2 0.555859 -0.010417 0.088281 0.120833
1 0.630078 0.161111 0.169531 0.188889
2 0.072656 0.161111 0.085938 0.080556
2 0.508203 0.334722 0.122656 0.133333
2 0.135547 0.381250 0.094531 0.098611
2 0.103125 0.332639 0.051562 0.095833
1 0.376172 0.256944 0.083594 0.100000
2 0.577734 0.413194 0.092969 0.195833
2 0.524609 0.224306 0.089844 0.129167
1 0.335547 0.593750 0.207031 0.137500
1 0.695312 0.439583 0.167187 0.165278
5 0.739844 0.177083 0.065625 0.173611
3 0.906641 0.313194 0.164844 0.195833
1 0.858203 0.113194 0.075781 0.073611
2 0.551562 0.576389 0.153125 0.161111