1 -0.007031 0.138889 0.095312 0.083333
0 0.112500 0.413194 0.145313 0.159722
0 0.239844 0.359028 0.093750 0.115278
2 0.109375 0.531944 0.093750 0.063889
2 0.205859 0.151389 0.111719 0.083333
0 0.117969 0.615972 0.195312 0.176389
0 0.361328 0.588889 0.183594 0.161111
0 0.528125 0.514583 0.178125 0.120833
0 0.613281 0.306944 0.084375 0.072222
0 0.562109 0.350694 0.110156 0.062500
5 0.518359 0.202778 0.175781 0.138889
5 0.214453 0.263889 0.269531 0.113889
5 -0.040625 0.304861 0.173437 0.137500
2 0.418359 0.727778 0.266406 0.125000
0 0.808594 0.486111 0.179688 0.122222
0 0.810937 0.287500 0.137500 0.102778