1 0.161719 0.210417 0.096875 0.156944
3 0.421875 0.145833 0.073438 0.080556
2 0.100391 0.256250 0.053906 0.176389
2 0.433203 0.304861 0.105469 0.179167
1 0.483203 0.199306 0.082031 0.106944
2 0.216406 0.509028 0.165625 0.134722
4 0.266406 0.490972 0.045312 0.051389
2 0.602344 0.229167 0.154688 0.241667
0 0.451172 0.440972 0.178906 0.159722
0 0.715234 0.473611 0.185156 0.122222
3 0.091016 0.806250 0.183594 0.173611
3 0.405078 0.803472 0.166406 0.106944
3 0.655859 0.794444 0.230469 0.152778
0 0.892188 0.506944 0.151562 0.222222
2 0.817187 0.929167 0.164062 0.138889