1 0.092188 0.152778 0.095312 0.083333
0 0.242188 0.440972 0.145313 0.159722
0 0.370312 0.386806 0.098437 0.120833
2 0.245312 0.563889 0.089063 0.061111
2 0.305859 0.158333 0.111719 0.083333
0 0.276172 0.659028 0.205469 0.184722
0 0.523828 0.631944 0.202344 0.177778
0 0.692187 0.557639 0.178125 0.120833
0 0.750000 0.333333 0.084375 0.072222
0 0.699219 0.378472 0.115625 0.065278
5 0.628516 0.226389 0.194531 0.152778
5 0.299219 0.286111 0.282813 0.119444
5 0.059375 0.323611 0.210938 0.166667
2 0.577734 0.779167 0.308594 0.144444