2 0.153906 0.156944 0.065625 0.063889
2 0.473047 0.149306 0.155469 0.112500
1 0.153906 0.203472 0.071875 0.093056
1 0.268359 0.129861 0.075781 0.070833
2 0.278516 0.214583 0.047656 0.118056
2 0.308594 0.138194 0.057813 0.076389
1 0.563672 0.128472 0.161719 0.179167
2 0.112500 0.127083 0.057813 0.054167
2 0.451953 0.278472 0.100781 0.109722
2 0.112109 0.272222 0.077344 0.080556
2 0.085156 0.231250 0.046875 0.087500
1 0.321094 0.186111 0.068750 0.083333
2 0.471875 0.330556 0.073438 0.152778
2 0.469922 0.171528 0.099219 0.143056
1 0.229687 0.466667 0.187500 0.125000
1 0.542188 0.375694 0.184375 0.181944
5 0.650781 0.147222 0.056250 0.150000
3 0.774609 0.286111 0.130469 0.144444
1 0.770312 0.101389 0.068750 0.066667
2 0.435937 0.468750 0.114062 0.120833
2 0.833984 0.431250 0.100781 0.170833
1 0.909766 0.320139 0.110156 0.143056
2 0.807422 0.780556 0.211719 0.172222
4 0.810547 0.727083 0.066406 0.076389