0 0.186328 0.290972 0.074219 0.087500
2 0.163281 0.357639 0.079687 0.079167
0 0.172266 0.177778 0.085156 0.133333
1 0.406250 0.309722 0.078125 0.119444
0 0.544922 0.301389 0.178906 0.119444
0 0.338672 0.513889 0.097656 0.175000
1 0.691016 0.184028 0.067969 0.087500
1 0.791406 0.188194 0.089063 0.106944
1 0.731250 0.072222 0.079687 0.083333
1 0.646875 0.045833 0.070312 0.077778
4 0.416016 0.615972 0.027344 0.073611
0 0.595703 0.152778 0.067969 0.075000
5 0.812109 0.687500 0.202344 0.300000
2 0.596094 0.551389 0.123438 0.208333
2 0.194141 0.850000 0.238281 0.247222