0 -0.032813 0.413194 0.160938 0.109722
0 0.116797 0.227083 0.072656 0.062500
0 0.057031 0.274306 0.104688 0.059722
5 0.226953 0.145139 0.138281 0.109722
5 0.007031 0.155556 0.282813 0.119444
0 0.245312 0.380556 0.179688 0.122222
0 0.314844 0.208333 0.131250 0.097222
2 0.439453 0.581944 0.167969 0.136111
1 0.443359 0.328472 0.121094 0.079167
1 0.653906 0.467361 0.150000 0.134722
-1 0.635938 0.476389 0.054688 0.069444
2 0.795312 0.509722 0.106250 0.125000
0 0.818750 0.218750 0.154688 0.101389
0 0.669531 0.256944 0.129688 0.072222