1 -0.012500 0.213889 0.126562 0.113889
2 0.217969 0.427083 0.135937 0.134722
2 0.693750 0.302778 0.179688 0.130556
1 0.342187 0.619444 0.092188 0.119444
1 0.435937 0.304861 0.123438 0.115278
1 0.166797 0.166667 0.119531 0.094444
2 0.511719 0.629861 0.060937 0.151389
2 0.471875 0.444444 0.093750 0.125000
2 0.620703 0.190972 0.088281 0.120833
1 0.794141 0.400000 0.169531 0.188889
2 0.098437 0.450000 0.109375 0.102778
2 0.712109 0.609722 0.116406 0.127778
2 0.322656 0.744444 0.120313 0.125000
2 0.252344 0.672222 0.062500 0.116667
2 -0.015234 0.841667 0.141406 0.136111
1 0.564063 0.552778 0.096875 0.116667
2 0.829688 0.731944 0.131250 0.275000
2 0.573047 0.325694 0.099219 0.143056