2 0.150391 0.343056 0.107031 0.105556
2 0.588672 0.249306 0.163281 0.118056
1 0.225781 0.512500 0.092188 0.119444
1 0.379688 0.236806 0.123438 0.115278
1 0.171094 0.125694 0.103125 0.081944
2 0.384766 0.523611 0.063281 0.158333
2 0.400781 0.369444 0.093750 0.125000
2 0.580859 0.136806 0.088281 0.120833
1 0.699609 0.337500 0.169531 0.188889
2 0.055469 0.351389 0.109375 0.102778
2 0.592578 0.534028 0.128906 0.140278
2 0.180859 0.616667 0.103906 0.108333
2 0.132422 0.556250 0.053906 0.101389
1 0.445312 0.459722 0.087500 0.105556
2 0.691406 0.633333 0.118750 0.250000
2 0.515234 0.272917 0.089844 0.129167
1 0.471875 0.834722 0.217188 0.144444
1 0.855469 0.645139 0.184375 0.181944
2 0.714453 0.115278 0.135156 0.105556