2 0.147266 0.151389 0.075781 0.075000
2 0.476562 0.168750 0.171875 0.123611
1 0.171484 0.269444 0.083594 0.108333
1 0.289844 0.147917 0.106250 0.098611
2 0.308203 0.274306 0.047656 0.118056
2 0.341406 0.174306 0.070312 0.093056
2 0.543359 0.023611 0.102344 0.138889
1 0.601172 0.152778 0.169531 0.188889
2 0.079297 0.144444 0.074219 0.069444
2 0.489844 0.316667 0.110937 0.122222
2 0.127734 0.345139 0.089844 0.093056
2 0.096094 0.300694 0.051562 0.095833
1 0.355469 0.236806 0.079687 0.095833
2 0.532422 0.390278 0.080469 0.169444
2 0.500391 0.209722 0.103906 0.150000
1 0.292969 0.551389 0.196875 0.130556
1 0.638281 0.421528 0.167187 0.165278
5 0.704688 0.168750 0.059375 0.156944
3 0.878125 0.290972 0.143750 0.159722
1 0.824219 0.113889 0.071875 0.069444
2 0.503906 0.536806 0.139063 0.145833
2 0.933984 0.457639 0.105469 0.179167