0 0.183203 0.409028 0.074219 0.087500
2 0.156641 0.486806 0.096094 0.095833
0 0.151172 0.293056 0.085156 0.133333
1 0.412109 0.402778 0.082031 0.125000
1 0.030469 0.888889 0.154688 0.288889
-1 0.072656 0.818056 0.064062 0.066667
0 0.558594 0.393056 0.170313 0.113889
0 0.394922 0.620833 0.097656 0.175000
1 0.661328 0.261806 0.067969 0.087500
1 0.761719 0.261806 0.089063 0.106944
1 0.684375 0.144444 0.068750 0.072222
1 0.595313 0.131250 0.073438 0.081944
4 0.477734 0.720833 0.028906 0.077778
0 0.559766 0.235417 0.071094 0.079167
0 0.362109 0.191667 0.074219 0.105556
5 0.870703 0.751389 0.192969 0.286111