1 0.021094 0.225000 0.120313 0.108333
2 0.266406 0.436806 0.135937 0.134722
2 0.739062 0.297222 0.179688 0.130556
1 0.408594 0.633333 0.092188 0.119444
1 0.473438 0.311806 0.123438 0.115278
1 0.189062 0.175000 0.125000 0.100000
2 0.576172 0.637500 0.063281 0.158333
2 0.516406 0.445833 0.093750 0.125000
2 0.642578 0.190972 0.088281 0.120833
1 0.837109 0.402083 0.161719 0.179167
2 0.145703 0.465278 0.114844 0.108333
2 0.773047 0.617361 0.105469 0.115278
2 0.395703 0.763889 0.114844 0.119444
2 0.318750 0.688194 0.065625 0.123611
2 0.063672 0.861111 0.155469 0.150000
1 0.623437 0.559722 0.101562 0.122222
2 0.898438 0.736111 0.131250 0.275000