0 0.186328 0.411806 0.074219 0.087500
2 0.162500 0.487500 0.092188 0.091667
0 0.153516 0.294444 0.085156 0.133333
1 0.414453 0.404167 0.082031 0.125000
1 0.044531 0.888889 0.154688 0.288889
-1 0.078125 0.819444 0.064062 0.066667
0 0.561719 0.393056 0.170313 0.113889
0 0.398828 0.623611 0.097656 0.175000
1 0.663672 0.260417 0.067969 0.087500
1 0.764062 0.261806 0.089063 0.106944
1 0.685156 0.147222 0.068750 0.072222
1 0.596094 0.132639 0.073438 0.081944
4 0.482422 0.722222 0.028906 0.077778
0 0.561328 0.238194 0.071094 0.079167
0 0.363672 0.193056 0.074219 0.105556
5 0.875391 0.747222 0.202344 0.300000