1 0.092969 0.258333 0.132812 0.119444
2 0.405469 0.450694 0.150000 0.148611
1 0.006250 0.517361 0.157812 0.162500
-1 -0.030078 0.502778 0.067969 0.119444
2 0.792188 0.266667 0.179688 0.130556
1 0.610938 0.636111 0.092188 0.119444
1 0.574219 0.303472 0.123438 0.115278
1 0.253125 0.189583 0.131250 0.104167
2 0.762500 0.644444 0.057813 0.144444
2 0.639844 0.433333 0.098437 0.130556
2 0.690234 0.169444 0.102344 0.138889
1 0.949609 0.356944 0.139844 0.155556
2 0.283984 0.490278 0.114844 0.108333
2 0.921484 0.568056 0.096094 0.105556
2 0.607422 0.770833 0.114844 0.119444
2 0.521094 0.695139 0.068750 0.129167