1 0.108594 0.281944 0.139063 0.125000
-1 0.057422 0.320139 0.108594 0.076389
2 0.443750 0.438194 0.150000 0.148611
1 0.124219 0.536111 0.143750 0.147222
-1 0.089453 0.531944 0.064844 0.113889
1 -0.031641 0.704167 0.196094 0.294444
2 0.741406 0.236806 0.171875 0.123611
1 0.720313 0.575000 0.118750 0.177778
1 0.572656 0.286806 0.117188 0.109722
1 0.252344 0.200694 0.114062 0.090278
2 0.798828 0.584722 0.052344 0.130556
2 0.652344 0.395833 0.098437 0.130556
2 0.644141 0.150000 0.102344 0.138889
1 0.915625 0.311806 0.120313 0.134722