0 0.184766 0.293750 0.074219 0.087500
2 0.161719 0.361806 0.079687 0.079167
0 0.169922 0.180556 0.085156 0.133333
1 0.404687 0.311111 0.078125 0.119444
0 0.543359 0.305556 0.178906 0.119444
0 0.338672 0.516667 0.097656 0.175000
1 0.687109 0.185417 0.067969 0.087500
1 0.787500 0.190972 0.089063 0.106944
1 0.727344 0.075000 0.079687 0.083333
1 0.642969 0.048611 0.070312 0.077778
4 0.415234 0.617361 0.027344 0.073611
0 0.593359 0.155556 0.067969 0.075000
5 0.816797 0.690278 0.202344 0.300000
2 0.596094 0.556250 0.117188 0.198611
2 0.196484 0.852778 0.238281 0.247222