1 0.062500 0.241667 0.126562 0.113889
2 0.330078 0.447917 0.142969 0.140278
2 0.785156 0.291667 0.179688 0.130556
1 0.496094 0.643056 0.092188 0.119444
1 0.520312 0.311806 0.123438 0.115278
1 0.221094 0.180556 0.125000 0.100000
2 0.658203 0.658333 0.063281 0.158333
2 0.574219 0.448611 0.093750 0.125000
2 0.672266 0.189583 0.092969 0.126389
1 0.892969 0.400694 0.146875 0.162500
2 0.205859 0.477778 0.114844 0.108333
2 0.839453 0.603472 0.100781 0.109722
2 0.487891 0.776389 0.114844 0.119444
2 0.407031 0.699306 0.068750 0.129167
2 0.164844 0.894444 0.198437 0.191667
1 0.699219 0.561111 0.101562 0.122222