2 0.365234 0.237500 0.091406 0.100000
2 0.368359 0.270833 0.057031 0.119444
1 0.136719 0.386806 0.170313 0.112500
1 0.406641 0.321528 0.175781 0.173611
5 0.558594 0.152778 0.051562 0.136111
3 0.649609 0.250000 0.097656 0.108333
1 0.660156 0.091667 0.068750 0.066667
2 0.324609 0.398611 0.108594 0.113889
2 0.668359 0.385417 0.100781 0.170833
1 0.736719 0.290972 0.095312 0.123611
2 0.580859 0.680556 0.174219 0.141667
4 0.602734 0.636111 0.060156 0.069444
1 0.273828 0.713194 0.238281 0.168056
2 0.858203 0.298611 0.147656 0.230556
0 0.841016 0.552083 0.178906 0.159722