1 0.110156 0.280556 0.132812 0.119444
-1 0.065234 0.318750 0.108594 0.076389
2 0.447266 0.429861 0.142969 0.140278
1 0.149219 0.530556 0.143750 0.147222
-1 0.116016 0.525000 0.064844 0.113889
1 0.005078 0.701389 0.186719 0.280556
2 0.724219 0.227083 0.171875 0.123611
1 0.721094 0.556944 0.118750 0.177778
1 0.567187 0.279861 0.117188 0.109722
1 0.248438 0.199306 0.114062 0.090278
2 0.813281 0.565278 0.098437 0.130556
2 0.649219 0.383333 0.098437 0.130556
2 0.625391 0.141667 0.102344 0.138889
1 0.901172 0.300000 0.114844 0.127778