2 0.140625 0.211111 0.087500 0.086111
2 0.518359 0.150694 0.155469 0.112500
1 0.189844 0.351389 0.087500 0.113889
1 0.363672 0.131250 0.111719 0.104167
2 0.336719 0.365278 0.057813 0.144444
2 0.368750 0.230556 0.081250 0.108333
2 0.565234 0.027083 0.080469 0.109722
1 0.648047 0.203472 0.161719 0.179167
2 0.064453 0.210417 0.099219 0.093056
2 0.530078 0.386111 0.122656 0.133333
2 0.143359 0.441667 0.099219 0.102778
2 0.104297 0.389583 0.053906 0.101389
1 0.393359 0.311111 0.083594 0.100000
2 0.610156 0.475694 0.103125 0.215278
2 0.490625 0.153472 0.081250 0.118056
1 0.371875 0.658333 0.217188 0.144444
1 0.741406 0.490972 0.167187 0.165278
5 0.762500 0.213194 0.065625 0.173611
3 0.925391 0.366667 0.149219 0.138889