0 0.182422 0.299306 0.074219 0.087500
2 0.160547 0.366667 0.075781 0.075000
0 0.165234 0.186111 0.085156 0.133333
1 0.401172 0.318056 0.082031 0.125000
0 0.541406 0.309722 0.170313 0.113889
0 0.336328 0.522222 0.097656 0.175000
1 0.683984 0.188194 0.067969 0.087500
1 0.784375 0.193750 0.089063 0.106944
1 0.722656 0.077778 0.079687 0.083333
1 0.638281 0.052778 0.070312 0.077778
4 0.414453 0.622917 0.027344 0.073611
0 0.589453 0.158333 0.067969 0.075000
5 0.810547 0.693056 0.202344 0.300000
2 0.596094 0.561806 0.117188 0.198611
2 0.196484 0.861111 0.238281 0.247222