1 0.001563 0.220833 0.126562 0.113889
2 0.241406 0.434028 0.135937 0.134722
2 0.711719 0.302083 0.171875 0.123611
1 0.375000 0.626389 0.092188 0.119444
1 0.453125 0.309028 0.123438 0.115278
1 0.175781 0.170833 0.125000 0.100000
2 0.543750 0.634028 0.060937 0.151389
2 0.494531 0.444444 0.093750 0.125000
2 0.633203 0.190972 0.088281 0.120833
1 0.815234 0.400694 0.161719 0.179167
2 0.120313 0.456944 0.109375 0.102778
2 0.741406 0.612500 0.110937 0.122222
2 0.358594 0.754167 0.120313 0.125000
2 0.284375 0.679167 0.062500 0.116667
2 0.029297 0.845833 0.155469 0.150000
1 0.592969 0.555556 0.096875 0.116667
2 0.864062 0.734722 0.131250 0.275000
2 0.591016 0.328472 0.099219 0.143056