4 0.30625 0.2975 0.023 0.029
4 0.862625 0.2921666666666667 0.01925 0.028333333333333332
4 0.899375 0.9496666666666667 0.06325 0.09533333333333334
4 0.98975 0.16333333333333333 0.0155 0.025333333333333333
1 0.8915 0.35283333333333333 0.149 0.119
1 0.6605 0.3521666666666667 0.1185 0.125
1 0.463 0.33666666666666667 0.1335 0.1
1 0.240125 0.3531666666666667 0.14125 0.09166666666666666
1 0.459875 0.7793333333333333 0.22275 0.224
1 0.810125 0.752 0.26625 0.23733333333333334
4 0.568625 0.7821666666666667 0.03975 0.07233333333333333
2 0.92125 0.6828333333333333 0.0545 0.07966666666666666
2 0.918125 0.7763333333333333 0.03025 0.05466666666666667
2 0.982625 0.748 0.03425 0.051333333333333335
2 0.895 0.6203333333333333 0.0465 0.05333333333333334
2 0.84125 0.5585 0.0455 0.07833333333333334
2 0.5815 0.6021666666666666 0.0295 0.042333333333333334
2 0.528875 0.6033333333333334 0.03075 0.04133333333333333
2 0.591875 0.6703333333333333 0.03925 0.06666666666666667
2 0.31675 0.6931666666666667 0.052 0.050333333333333334
2 0.26 0.7196666666666667 0.033 0.048666666666666664
2 0.289125 0.6291666666666667 0.04125 0.11966666666666667
2 0.50075 0.5335 0.1105 0.019666666666666666
2 0.570125 0.5383333333333333 0.02875 0.06733333333333333
2 0.648375 0.5176666666666667 0.05225 0.023333333333333334
2 0.75525 0.515 0.03 0.024
2 0.79375 0.5113333333333333 0.0435 0.02666666666666667
2 0.87575 0.508 0.1105 0.018666666666666668
2 0.925125 0.5295 0.02725 0.026333333333333334
2 0.946625 0.498 0.01625 0.018
2 0.985875 0.5238333333333334 0.02375 0.06366666666666666
2 0.21525 0.546 0.051 0.019333333333333334
2 0.157875 0.5375 0.05475 0.026333333333333334
2 0.112875 0.5466666666666666 0.05475 0.018
2 0.146875 0.578 0.04075 0.044
2 0.026375 0.5588333333333333 0.05125 0.029
2 0.39975 0.646 0.0615 0.04466666666666667
2 0.3795 0.5681666666666667 0.029 0.06966666666666667
5 0.4865 0.483 0.077 0.06
5 0.5975 0.7778333333333334 0.027 0.057666666666666665
