2 0.432375 0.7476666666666667 0.06875 0.14133333333333334
2 0.577125 0.3551666666666667 0.08625 0.14966666666666667
2 0.767125 0.5318333333333334 0.09425 0.15366666666666667
2 0.672625 0.4103333333333333 0.02125 0.04466666666666667
2 0.49975 0.21633333333333332 0.1015 0.082
2 0.4065 0.18116666666666667 0.0835 0.10633333333333334
2 0.309625 0.12933333333333333 0.09175 0.12333333333333334
2 0.2085 0.08283333333333333 0.093 0.093
2 0.127125 0.122 0.06275 0.14933333333333335
2 0.0425 0.07633333333333334 0.0835 0.09866666666666667
2 0.04325 0.3611666666666667 0.056 0.14433333333333334
2 0.20225 0.1455 0.0705 0.127
2 0.9935 0.21466666666666667 0.0615 0.14466666666666667
2 1.083375 1.0291666666666666 0.06725 0.141
2 0.873625 0.8621666666666666 0.04525 0.13766666666666666
1 0.651125 0.777 0.46225 0.7406666666666667
0 0.210125 0.7753333333333333 0.41125 0.734
