2 0.78225 0.6791666666666667 0.027 0.01633333333333333
2 0.8115 0.6828333333333333 0.0175 0.028333333333333332
2 0.829375 0.7056666666666667 0.01725 0.02266666666666667
2 0.849875 0.7061666666666667 0.01275 0.021666666666666667
2 0.85 0.6715 0.06 0.009666666666666667
2 0.871875 0.6568333333333334 0.01075 0.015666666666666666
2 0.91 0.727 0.011 0.019333333333333334
2 0.87175 0.7215 0.0205 0.019
2 0.859875 0.7771666666666667 0.01925 0.021
2 0.94025 0.7885 0.0175 0.027666666666666666
2 0.959125 0.8035 0.01325 0.031
2 0.980625 0.8181666666666667 0.02025 0.037
2 0.178 0.7715 0.0225 0.091
2 0.187875 0.692 0.01775 0.030666666666666665
2 0.193625 0.6756666666666666 0.00275 0.0033333333333333335
2 0.19925 0.7108333333333333 0.0195 0.013666666666666667
2 0.209125 0.6946666666666667 0.02225 0.012
2 0.202875 0.6626666666666666 0.01175 0.014666666666666666
2 0.206375 0.6516666666666666 0.01425 0.016
2 0.196125 0.641 0.02525 0.012
2 0.1945 0.613 0.0155 0.037333333333333336
2 0.2105 0.5788333333333333 0.0155 0.02033333333333333
2 0.23325 0.5448333333333333 0.0155 0.027666666666666666
4 0.7275 0.9683333333333334 0.0355 0.03
4 0.74725 0.9305 0.0445 0.036333333333333336
4 0.769 0.9561666666666667 0.033 0.042333333333333334
4 0.816625 0.942 0.05325 0.04
4 0.794 0.9131666666666667 0.0535 0.037
1 0.956 0.6873333333333334 0.0865 0.086
1 0.869375 0.6115 0.10275 0.06633333333333333
1 0.77975 0.5526666666666666 0.076 0.052
1 0.887625 0.8693333333333333 0.17725 0.15133333333333332
1 0.738 0.7138333333333333 0.1345 0.08433333333333333
1 0.64925 0.6325 0.0985 0.058333333333333334
1 0.70825 0.5146666666666667 0.0695 0.024666666666666667
1 0.654 0.4825 0.0775 0.027666666666666666
1 0.606125 0.4558333333333333 0.06475 0.02033333333333333
1 0.58225 0.436 0.0395 0.014666666666666666
1 0.549 0.42133333333333334 0.049 0.017333333333333333
1 0.54025 0.5225 0.0735 0.029666666666666668
1 0.503875 0.493 0.05425 0.02266666666666667
1 0.47875 0.465 0.0525 0.03266666666666666
1 0.454375 0.44316666666666665 0.04525 0.021
1 0.37725 0.9235 0.184 0.139
1 0.346875 0.7465 0.13025 0.085
1 0.33575 0.6428333333333334 0.08 0.06566666666666666
1 0.308375 0.5706666666666667 0.10175 0.03933333333333333
1 0.294625 0.521 0.08575 0.03
1 0.279375 0.45416666666666666 0.04825 0.028333333333333332
0 0.157125 0.478 0.08225 0.03666666666666667
0 0.134125 0.5398333333333334 0.06525 0.036333333333333336
0 0.12925 0.5703333333333334 0.1085 0.046
0 0.109125 0.6118333333333333 0.12325 0.07033333333333333
0 0.08425 0.6715 0.11 0.036333333333333336
0 0.0795 0.73 0.1475 0.07533333333333334
0 0.058625 0.8141666666666667 0.11425 0.107
0 0.039375 0.9025 0.07675 0.14966666666666667
3 0.763375 0.6023333333333334 0.05325 0.038
3 0.20525 0.7583333333333333 0.0315 0.082
2 0.211625 0.5033333333333333 0.03125 0.046
