1 0.46875 0.63 0.198 0.16533333333333333
1 0.226875 0.31466666666666665 0.13325 0.08066666666666666
1 0.13675 0.6593333333333333 0.2285 0.25066666666666665
1 0.629125 0.2823333333333333 0.15475 0.06733333333333333
1 0.758 0.6026666666666667 0.226 0.14133333333333334
1 0.81525 0.2866666666666667 0.1295 0.10733333333333334
2 0.528125 0.326 0.04475 0.025333333333333333
2 0.52675 0.35133333333333333 0.0235 0.03333333333333333
2 0.527375 0.37783333333333335 0.02275 0.030333333333333334
2 0.529375 0.4013333333333333 0.02525 0.030666666666666665
2 0.56775 0.404 0.0295 0.036
2 0.6715 0.42083333333333334 0.1085 0.01633333333333333
2 0.8 0.42683333333333334 0.0725 0.06966666666666667
2 0.83 0.47783333333333333 0.048 0.07033333333333333
2 0.8485 0.5368333333333334 0.0435 0.058333333333333334
2 0.894375 0.5978333333333333 0.04725 0.07033333333333333
2 0.156 0.49516666666666664 0.0275 0.034333333333333334
2 0.1075 0.4731666666666667 0.0425 0.037
2 0.112875 0.4061666666666667 0.02525 0.04033333333333333
2 0.08375 0.45916666666666667 0.0365 0.06966666666666667
2 0.34575 0.4106666666666667 0.02 0.02266666666666667
2 0.343625 0.294 0.01675 0.030666666666666665
0 0.43325 0.291 0.157 0.08933333333333333
4 0.5775 0.947 0.035 0.08
4 0.528 0.8811666666666667 0.0405 0.08766666666666667
4 0.566625 0.8658333333333333 0.03575 0.07766666666666666
4 0.513125 0.794 0.04375 0.09733333333333333
4 0.552125 0.782 0.03975 0.09533333333333334
