1 0.8595 0.37683333333333335 0.074 0.029666666666666668
1 0.97125 0.41883333333333334 0.0555 0.041666666666666664
4 0.702875 0.616 0.06175 0.04
4 0.670375 0.588 0.04475 0.02666666666666667
4 0.79575 0.5021666666666667 0.0435 0.033666666666666664
4 0.763125 0.49716666666666665 0.03925 0.029
4 0.679375 0.4746666666666667 0.02275 0.03
4 0.657125 0.5121666666666667 0.03225 0.019666666666666666
4 0.6625 0.489 0.04 0.03333333333333333
4 0.598375 0.37533333333333335 0.01475 0.016666666666666666
4 0.553375 0.38083333333333336 0.02075 0.019
4 0.090625 0.5228333333333334 0.03375 0.021666666666666667
0 0.68025 0.9238333333333333 0.364 0.14966666666666667
0 0.603 0.748 0.3375 0.188
0 0.588875 0.6118333333333333 0.20775 0.12633333333333333
0 0.585625 0.524 0.15425 0.108
0 0.140625 0.7258333333333333 0.25975 0.219
0 0.253875 0.6175 0.21875 0.12833333333333333
0 0.738875 0.3863333333333333 0.08375 0.04
