2 0.926375 0.04616666666666667 0.06225 0.07433333333333333
2 1.098875 0.41 0.06225 0.088
2 1.107875 1.0806666666666667 0.08475 0.14266666666666666
2 0.564875 1.016 0.05475 0.12133333333333333
2 0.679625 0.768 0.06425 0.12266666666666666
2 0.697 0.6706666666666666 0.044 0.09533333333333334
2 0.124625 0.7918333333333333 0.04975 0.12233333333333334
2 0.09075 0.8965 0.0215 0.08433333333333333
2 0.04125 1.0415 0.0655 0.20966666666666667
2 0.26275 0.2405 0.034 0.033666666666666664
2 0.153125 0.05516666666666667 0.12175 0.10366666666666667
2 0.066625 0.117 0.13075 0.09866666666666667
1 0.958 1.066 0.184 0.16733333333333333
1 0.49 1.0981666666666667 0.0875 0.101
1 0.370625 1.1055 0.16525 0.087
1 0.17 1.008 0.0555 0.048
1 0.649875 0.47733333333333333 0.08125 0.046
1 0.072875 0.2713333333333333 0.14525 0.26866666666666666
1 0.04325 0.6673333333333333 0.085 0.126
0 0.365875 0.7995 0.29525 0.377
0 0.549 0.688 0.1595 0.37266666666666665
0 0.910125 0.7295 0.35325 0.495
