3 0.63925 0.383 0.103 0.044
3 0.742375 0.49083333333333334 0.03375 0.028333333333333332
1 0.629875 0.14716666666666667 0.06375 0.034333333333333334
1 0.66 0.18733333333333332 0.0685 0.03933333333333333
1 0.70425 0.31266666666666665 0.124 0.06066666666666667
1 0.667875 0.234 0.09975 0.03866666666666667
1 0.850125 0.5721666666666667 0.13775 0.15566666666666668
1 0.434625 0.4046666666666667 0.11975 0.09466666666666666
1 0.448375 0.233 0.09225 0.051333333333333335
1 0.4455 0.183 0.067 0.03933333333333333
1 0.4125 0.8285 0.225 0.21366666666666667
1 0.086875 0.3458333333333333 0.10675 0.09033333333333333
1 0.2005 0.19016666666666668 0.0815 0.043666666666666666
1 0.237125 0.14566666666666667 0.07325 0.03
2 0.56675 0.8073333333333333 0.0525 0.06666666666666667
2 0.539125 0.7315 0.02275 0.029666666666666668
2 0.544375 0.6685 0.16425 0.033666666666666664
2 0.565375 0.613 0.04475 0.04133333333333333
2 0.608625 0.5776666666666667 0.02975 0.06533333333333333
2 0.6055 0.513 0.0495 0.046
2 0.53975 0.49483333333333335 0.0745 0.030333333333333334
2 0.48175 0.49366666666666664 0.0405 0.024
2 0.50625 0.41133333333333333 0.0235 0.034
2 0.518875 0.36716666666666664 0.11475 0.029666666666666668
2 0.5525 0.3375 0.0225 0.021666666666666667
2 0.561875 0.31166666666666665 0.02025 0.02
4 0.782625 0.3385 0.03125 0.027
4 0.354625 0.694 0.06775 0.04
4 0.34075 0.43483333333333335 0.0365 0.035666666666666666
4 0.331 0.3303333333333333 0.04 0.016666666666666666
4 0.384625 0.25866666666666666 0.02675 0.024666666666666667
