1 0.797625 0.588 0.20225 0.124
1 0.760875 0.4495 0.12175 0.10633333333333334
1 0.6995 0.337 0.109 0.07533333333333334
1 0.396 0.42983333333333335 0.1245 0.09033333333333333
1 0.370125 0.592 0.17125 0.154
1 0.882625 0.8885 0.23325 0.21566666666666667
1 0.317625 0.8821666666666667 0.24675 0.23566666666666666
1 0.078875 0.3298333333333333 0.14325 0.071
5 0.60525 0.4661666666666667 0.056 0.052333333333333336
5 0.1915 0.279 0.13 0.03133333333333333
5 0.088125 0.2825 0.06475 0.027
5 0.05575 0.25383333333333336 0.033 0.031
5 0.0165 0.276 0.027 0.04733333333333333
5 0.053375 0.21633333333333332 0.04825 0.03
5 0.049 0.19366666666666665 0.046 0.03133333333333333
5 0.141375 0.20166666666666666 0.02725 0.024
5 0.168125 0.1895 0.02525 0.035
5 0.516875 0.17366666666666666 0.01825 0.02266666666666667
5 0.557125 0.18066666666666667 0.02225 0.027333333333333334
2 0.566 0.475 0.0245 0.072
2 0.589 0.5756666666666667 0.0195 0.07466666666666667
2 0.59925 0.6398333333333334 0.019 0.043666666666666666
2 0.61425 0.7653333333333333 0.044 0.196
2 0.60225 0.8485 0.039 0.04033333333333333
2 0.589125 0.9296666666666666 0.04775 0.03933333333333333
2 0.643 0.9653333333333334 0.0245 0.06933333333333333
2 0.56975 0.7178333333333333 0.045 0.08966666666666667
2 0.528625 0.7093333333333334 0.02725 0.06933333333333333
2 0.48825 0.744 0.048 0.04
2 0.4345 0.741 0.057 0.052
2 0.46875 0.514 0.0205 0.017333333333333333
2 0.503 0.4871666666666667 0.0295 0.025666666666666667
2 0.533 0.5133333333333333 0.075 0.023333333333333334
2 0.455 0.38 0.022 0.032
2 0.535125 0.41583333333333333 0.04875 0.013666666666666667
2 0.574375 0.40116666666666667 0.02325 0.015
2 0.5495 0.33066666666666666 0.0155 0.03333333333333333
2 0.550375 0.3616666666666667 0.01575 0.038
2 0.541625 0.29583333333333334 0.01525 0.022333333333333334
2 0.556625 0.2848333333333333 0.01175 0.01633333333333333
2 0.536375 0.2748333333333333 0.02275 0.017
2 0.4865 0.2785 0.06 0.019
