0 1.040375 0.7133333333333334 0.21725 0.4826666666666667
2 0.515625 0.49516666666666664 0.08775 0.119
2 0.302375 0.9621666666666666 0.09075 0.14433333333333334
2 0.17675 0.9618333333333333 0.1095 0.07233333333333333
2 0.1135 0.847 0.0705 0.10066666666666667
2 0.29925 1.0883333333333334 0.063 0.11733333333333333
2 0.626125 1.1061666666666667 0.11875 0.08833333333333333
2 0.741125 1.1186666666666667 0.06725 0.050666666666666665
2 0.8405 1.1118333333333332 0.1115 0.07566666666666666
2 0.54925 0.0485 0.044 0.04633333333333333
2 0.46925 0.16066666666666668 0.038 0.06533333333333333
2 0.30375 0.09933333333333333 0.0635 0.036
2 0.277125 0.0375 0.07725 0.04633333333333333
2 0.628625 0.43416666666666665 0.05425 0.03766666666666667
2 0.67125 0.8235 0.0285 0.06366666666666666
2 0.3195 0.39466666666666667 0.0565 0.044
2 0.749875 0.599 0.05775 0.074
2 0.7255 0.7498333333333334 0.0715 0.08766666666666667
2 0.392 0.15516666666666667 0.025 0.049666666666666665
2 0.884 0.329 0.029 0.04466666666666667
