0 0.7435 0.5738333333333333 0.2015 0.081
0 0.666625 0.4741666666666667 0.15675 0.071
0 0.682875 0.4995 0.16575 0.07166666666666667
0 0.3355 0.5356666666666666 0.157 0.09933333333333333
0 0.0675 0.5728333333333333 0.147 0.093
0 0.065875 0.5358333333333334 0.14075 0.09633333333333334
0 0.289625 0.5268333333333334 0.07275 0.049
0 0.628875 0.44483333333333336 0.09875 0.05566666666666667
0 0.50375 0.43383333333333335 0.088 0.051
0 0.226625 0.4726666666666667 0.11775 0.051333333333333335
0 0.042 0.4681666666666667 0.1105 0.06766666666666667
0 0.066125 0.3895 0.10925 0.037
0 0.049 0.373 0.0835 0.051333333333333335
0 0.22225 0.4235 0.1285 0.058333333333333334
0 0.205125 0.416 0.07675 0.066
0 0.15575 0.3675 0.065 0.057
0 0.131375 0.35833333333333334 0.08075 0.051333333333333335
0 0.49725 0.4023333333333333 0.0945 0.04
0 0.41475 0.3601666666666667 0.0865 0.035
0 0.405 0.3745 0.0935 0.033
0 0.35725 0.35633333333333334 0.045 0.024
0 0.292625 0.35433333333333333 0.05775 0.04733333333333333
0 0.241875 0.3363333333333333 0.04975 0.018666666666666668
3 0.738875 0.8368333333333333 0.11175 0.123
3 0.69675 0.9355 0.1355 0.12833333333333333
3 0.899125 0.6586666666666666 0.16125 0.09666666666666666
3 0.129375 0.8683333333333333 0.10075 0.07333333333333333
3 0.475 0.7483333333333333 0.0655 0.062
4 0.423125 0.4665 0.02675 0.019
4 0.25325 0.36483333333333334 0.0185 0.009666666666666667
4 0.010125 0.3845 0.01825 0.022333333333333334
