2 0.860375 0.5955 0.18625 0.5556666666666666
2 0.15825 0.448 0.0485 0.04666666666666667
2 0.119125 0.6056666666666667 0.05275 0.050666666666666665
2 0.187375 1.0258333333333334 0.06075 0.15633333333333332
2 0.097 1.0008333333333332 0.098 0.169
2 0.028 0.9448333333333333 0.056 0.08633333333333333
2 0.197125 0.9616666666666667 0.10875 0.12133333333333333
2 0.294125 1.0201666666666667 0.09925 0.11166666666666666
2 0.3945 1.0761666666666667 0.1065 0.09433333333333334
2 0.49625 1.115 0.1175 0.074
2 1.014625 1.0893333333333333 0.04975 0.09
1 0.541625 0.501 0.55825 0.638
