1 0.960625 0.7815 0.07875 0.105
1 0.737125 0.8818333333333334 0.24925 0.22766666666666666
1 0.392125 0.8996666666666666 0.24025 0.188
1 0.070125 0.915 0.13575 0.16133333333333333
1 0.7645 0.4121666666666667 0.1475 0.077
1 0.941125 0.3915 0.11475 0.077
1 0.788875 0.3388333333333333 0.02425 0.019
1 0.328875 0.4216666666666667 0.13125 0.08866666666666667
4 0.750375 0.20233333333333334 0.02175 0.02266666666666667
4 0.366875 0.7053333333333334 0.03175 0.07
4 0.05025 0.7921666666666667 0.0475 0.085
4 0.2945 0.25216666666666665 0.032 0.02033333333333333
4 0.266375 0.2355 0.01325 0.022333333333333334
4 0.244 0.2415 0.016 0.027
4 0.213875 0.24033333333333334 0.01425 0.023333333333333334
4 0.20075 0.24066666666666667 0.0125 0.019333333333333334
4 0.07925 0.237 0.017 0.019333333333333334
4 0.04575 0.242 0.0215 0.024
4 0.65 0.7468333333333333 0.039 0.059
4 0.965875 0.4488333333333333 0.03225 0.037
0 0.603 0.2846666666666667 0.0975 0.06666666666666667
0 0.815125 0.16483333333333333 0.07325 0.043
0 0.311625 0.29183333333333333 0.08725 0.058333333333333334
0 0.209625 0.3025 0.09125 0.06966666666666667
0 0.10075 0.2961666666666667 0.098 0.07633333333333334
0 0.35275 0.19916666666666666 0.0655 0.035
0 0.276875 0.1955 0.06925 0.041
0 0.195 0.209 0.062 0.034
0 0.118625 0.205 0.07875 0.03333333333333333
0 0.037375 0.20616666666666666 0.07125 0.035666666666666666
0 0.362 0.14016666666666666 0.062 0.043666666666666666
0 0.2935 0.15016666666666667 0.062 0.022333333333333334
0 0.227625 0.14966666666666667 0.05925 0.032
0 0.15725 0.14933333333333335 0.0685 0.04733333333333333
0 0.079875 0.158 0.06475 0.038
3 0.539375 0.11216666666666666 0.01825 0.029
3 0.564875 0.15016666666666667 0.04025 0.023666666666666666
3 0.6 0.16633333333333333 0.03 0.02266666666666667
3 0.633 0.17983333333333335 0.0355 0.029
3 0.66575 0.19866666666666666 0.03 0.02666666666666667
3 0.706 0.21633333333333332 0.037 0.035333333333333335
3 0.82425 0.2675 0.057 0.027666666666666666
3 0.87275 0.2843333333333333 0.0445 0.03333333333333333
2 0.436875 0.3863333333333333 0.01875 0.058
2 0.461375 0.425 0.02675 0.05266666666666667
2 0.467875 0.35983333333333334 0.03775 0.044333333333333336
2 0.551 0.3525 0.0835 0.015
2 0.621375 0.36566666666666664 0.02725 0.05333333333333334
2 0.65075 0.38233333333333336 0.0195 0.030666666666666665
2 0.678125 0.3978333333333333 0.03125 0.021666666666666667
2 0.658875 0.3496666666666667 0.03125 0.018
2 0.6785 0.3305 0.013 0.013666666666666667
2 0.225875 0.9165 0.06275 0.16166666666666665
5 0.059375 0.4 0.04925 0.023333333333333334
5 0.833625 0.365 0.03475 0.04133333333333333
2 0.18175 0.4811666666666667 0.0425 0.028333333333333332
2 0.225375 0.4666666666666667 0.02625 0.025333333333333333
2 0.23925 0.429 0.0245 0.03266666666666666
2 0.25025 0.3915 0.026 0.04766666666666667
2 0.21525 0.37116666666666664 0.049 0.014333333333333333
2 0.157875 0.36966666666666664 0.04375 0.024666666666666667
2 0.096125 0.37133333333333335 0.06425 0.024666666666666667
2 0.64875 0.4185 0.025 0.042333333333333334
2 0.623125 0.4031666666666667 0.02625 0.022333333333333334
2 0.90325 0.9211666666666667 0.0225 0.035666666666666666
2 0.61375 0.8945 0.0425 0.041
2 0.58975 0.9128333333333334 0.024 0.042333333333333334
2 0.54225 0.9248333333333333 0.04 0.043
