1 0.921375 0.4175 0.44675 0.8336666666666667
2 0.773875 0.7198333333333333 0.09775 0.19366666666666665
2 0.661 0.4023333333333333 0.084 0.142
2 0.388625 0.637 0.09825 0.17066666666666666
2 0.269375 0.6863333333333334 0.13175 0.09266666666666666
2 0.141125 0.6336666666666667 0.12225 0.08933333333333333
2 0.039875 0.593 0.07375 0.10133333333333333
2 0.024125 0.24966666666666668 0.04575 0.162
2 0.978125 0.8998333333333334 0.07225 0.149
2 1.080125 1.0341666666666667 0.12775 0.14766666666666667
2 1.107625 0.521 0.05575 0.18266666666666667
2 0.4575 0.23066666666666666 0.0615 0.19066666666666668
