2 0.39775 0.9281666666666667 0.064 0.051
2 0.480625 0.8613333333333333 0.05475 0.04066666666666666
2 0.43925 0.7105 0.0615 0.073
2 0.538625 0.9256666666666666 0.14875 0.03866666666666667
2 0.566 0.8345 0.037 0.15633333333333332
5 0.632125 0.7973333333333333 0.09325 0.08066666666666666
5 0.6175 0.8576666666666667 0.0585 0.08666666666666667
5 0.037875 0.517 0.03775 0.06
5 0.0375 0.263 0.0425 0.054
1 0.8715 0.7815 0.21 0.245
1 0.756 0.5501666666666667 0.158 0.12766666666666668
1 0.303125 0.7525 0.21175 0.18366666666666667
4 0.869625 0.591 0.05375 0.04
4 0.291625 0.8765 0.06275 0.043
2 0.55575 0.43783333333333335 0.015 0.01633333333333333
2 0.531875 0.41933333333333334 0.02875 0.019333333333333334
2 0.49775 0.4265 0.021 0.021666666666666667
2 0.4565 0.4231666666666667 0.058 0.01633333333333333
2 0.41875 0.4201666666666667 0.017 0.013666666666666667
2 0.536125 0.46166666666666667 0.02475 0.024666666666666667
2 0.54225 0.5011666666666666 0.015 0.029666666666666668
2 0.546875 0.5276666666666666 0.01675 0.03266666666666666
2 0.54575 0.5596666666666666 0.027 0.024666666666666667
2 0.550125 0.5965 0.02175 0.057
2 0.501875 0.6291666666666667 0.04375 0.021
2 0.45325 0.6221666666666666 0.045 0.035
2 0.41 0.6048333333333333 0.044 0.049
2 0.524625 0.6946666666666667 0.07075 0.03866666666666667
2 0.5795 0.6623333333333333 0.0265 0.025333333333333333
2 0.315125 0.9505 0.02275 0.049666666666666665
2 0.7015 0.7193333333333334 0.053 0.066
