2 0.3475 0.752 0.044 0.074
2 0.388125 0.6656666666666666 0.04725 0.066
2 0.41775 0.7296666666666667 0.0375 0.11733333333333333
2 0.349125 0.8138333333333333 0.09325 0.055
2 0.767625 0.8448333333333333 0.05525 0.099
2 0.71125 0.7488333333333334 0.032 0.10566666666666667
2 0.055125 0.761 0.02125 0.046
5 0.5195 0.5625 0.0625 0.08366666666666667
5 0.53875 0.6411666666666667 0.065 0.042333333333333334
5 0.10925 0.37066666666666664 0.056 0.024666666666666667
5 0.056125 0.35583333333333333 0.07275 0.063
5 0.233625 0.20166666666666666 0.05375 0.043333333333333335
5 0.189625 0.16816666666666666 0.04325 0.03766666666666667
5 0.2555 0.13133333333333333 0.042 0.023333333333333334
5 0.27525 0.10666666666666667 0.04 0.024
1 0.914125 0.8591666666666666 0.16925 0.2703333333333333
1 0.57575 0.8643333333333333 0.258 0.18933333333333333
1 0.1835 0.8275 0.25 0.19966666666666666
0 0.607125 0.5033333333333333 0.12825 0.09333333333333334
0 0.75875 0.5148333333333334 0.159 0.14233333333333334
0 0.459875 0.4886666666666667 0.11625 0.09733333333333333
0 0.301375 0.4643333333333333 0.12225 0.12866666666666668
0 0.422 0.2951666666666667 0.081 0.065
0 0.519 0.2991666666666667 0.096 0.06566666666666666
0 0.625875 0.31283333333333335 0.09025 0.04766666666666667
0 0.724125 0.3235 0.08625 0.06166666666666667
0 0.825375 0.3235 0.08425 0.06433333333333334
0 0.930125 0.32183333333333336 0.12025 0.07766666666666666
0 0.691875 0.23583333333333334 0.08125 0.047
0 0.602375 0.21483333333333332 0.07975 0.057666666666666665
0 0.515375 0.22016666666666668 0.08025 0.06366666666666666
0 0.431375 0.21483333333333332 0.06325 0.06233333333333333
4 0.63075 0.43933333333333335 0.024 0.037333333333333336
4 0.426375 0.37866666666666665 0.01475 0.029333333333333333
4 0.4355 0.3525 0.0135 0.034333333333333334
4 0.305875 0.18766666666666668 0.03025 0.024
4 0.24 0.37966666666666665 0.0305 0.03266666666666666
4 0.417125 0.17333333333333334 0.00875 0.017333333333333333
4 0.441125 0.1575 0.01175 0.015
4 0.37175 0.15416666666666667 0.0105 0.019
4 0.75775 0.681 0.06 0.04066666666666666
4 0.683875 0.6733333333333333 0.03825 0.04733333333333333
