2 0.0905 0.41933333333333334 0.093 0.12866666666666668
2 0.39875 0.1835 0.072 0.14033333333333334
2 0.284125 0.5938333333333333 0.06425 0.147
2 0.369625 0.737 0.10475 0.13666666666666666
2 0.476625 0.7578333333333334 0.09625 0.15966666666666668
2 0.58 0.826 0.101 0.12333333333333334
2 0.6895 0.782 0.0805 0.15733333333333333
2 0.688125 0.8643333333333333 0.10825 0.11666666666666667
2 0.78375 0.8015 0.0925 0.147
2 0.894125 0.8578333333333333 0.12325 0.08366666666666667
2 0.845625 0.5303333333333333 0.07725 0.13866666666666666
1 1.012875 0.3348333333333333 0.27225 0.6516666666666666
0 0.624 0.251 0.407 0.4513333333333333
