2 1.123625 0.8003333333333333 0.05325 0.08
2 1.063 0.8168333333333333 0.0825 0.10633333333333334
2 1.046 0.7371666666666666 0.1105 0.12166666666666667
2 0.941 0.6955 0.1105 0.13366666666666666
2 0.83625 0.6448333333333334 0.0975 0.13366666666666666
2 0.826625 0.7095 0.07825 0.14966666666666667
2 0.731375 0.6758333333333333 0.09575 0.14633333333333334
2 0.63225 0.624 0.12 0.11266666666666666
2 0.662875 0.9545 0.07925 0.131
2 0.323375 0.5761666666666667 0.05875 0.11833333333333333
2 0.338375 0.4518333333333333 0.08725 0.15433333333333332
2 0.53675 0.0675 0.0985 0.127
2 0.72775 0.2831666666666667 0.0445 0.03766666666666667
2 0.765125 0.14933333333333335 0.04425 0.06666666666666667
2 0.215 0.443 0.1115 0.07733333333333334
2 0.1585 0.3435 0.066 0.087
2 0.261375 0.6331666666666667 0.06025 0.10566666666666667
2 0.222375 0.734 0.07675 0.124
2 0.239875 0.863 0.04925 0.11066666666666666
2 0.199125 0.966 0.05875 0.12866666666666668
2 0.136875 0.9871666666666666 0.07575 0.125
1 0.534 0.969 0.2065 0.148
1 0.339375 0.7533333333333333 0.04225 0.09133333333333334
1 0.017625 1.1146666666666667 0.03525 0.07466666666666667
0 1.052125 0.2445 0.19525 0.4723333333333333
0 0.840125 1.0931666666666666 0.30325 0.10966666666666666
0 0.348125 0.9868333333333333 0.14875 0.2936666666666667
0 0.078125 0.8125 0.15025 0.19966666666666666
