1 0.86425 0.6568333333333334 0.1895 0.16166666666666665
1 0.762875 0.4705 0.17425 0.10566666666666667
1 0.707625 0.3436666666666667 0.12875 0.06933333333333333
1 0.692625 0.2683333333333333 0.08625 0.06133333333333333
1 0.65325 0.2095 0.079 0.042333333333333334
1 0.9495 0.8881666666666667 0.0965 0.211
1 0.39 0.6416666666666667 0.169 0.14333333333333334
1 0.409625 0.465 0.12825 0.10333333333333333
1 0.428875 0.33716666666666667 0.11275 0.07833333333333334
1 0.432125 0.26416666666666666 0.08475 0.05633333333333333
1 0.189625 0.205 0.08775 0.038
1 0.141375 0.2665 0.09325 0.055
2 0.576375 0.6455 0.05275 0.05633333333333333
2 0.49275 0.6356666666666667 0.0335 0.08133333333333333
2 0.392125 0.7468333333333333 0.02525 0.022333333333333334
2 0.416 0.7918333333333333 0.0465 0.027
2 0.468125 0.7736666666666666 0.04375 0.03333333333333333
2 0.526625 0.7951666666666667 0.07925 0.035
2 0.6115 0.7943333333333333 0.0325 0.04666666666666667
2 0.656375 0.8481666666666666 0.04625 0.113
2 0.597875 0.9338333333333333 0.03325 0.08433333333333333
2 0.6445 0.9448333333333333 0.043 0.09166666666666666
2 0.564875 0.5913333333333334 0.03125 0.038
2 0.5895 0.586 0.0175 0.032
2 0.567 0.5466666666666666 0.0545 0.03866666666666667
2 0.532125 0.5663333333333334 0.03475 0.024666666666666667
2 0.4935 0.5526666666666666 0.0405 0.03266666666666666
2 0.422 0.5423333333333333 0.113 0.025333333333333333
2 0.5375 0.4061666666666667 0.0455 0.028333333333333332
2 0.581125 0.422 0.02875 0.082
2 0.019875 0.33 0.03675 0.030666666666666665
2 0.0475 0.33116666666666666 0.02 0.031
2 0.079 0.3175 0.0275 0.029
4 0.2675 0.4885 0.046 0.041666666666666664
4 0.264625 0.67 0.05625 0.04533333333333334
4 0.35125 0.36683333333333334 0.0335 0.026333333333333334
4 0.867 0.5106666666666667 0.037 0.03266666666666666
5 0.58075 0.2823333333333333 0.0455 0.032
5 0.258 0.21233333333333335 0.0205 0.018666666666666668
5 0.275125 0.1815 0.08075 0.02033333333333333
1 0.0715 0.09966666666666667 0.1305 0.026
