2 0.71175 0.6228333333333333 0.042 0.09966666666666667
2 0.893625 0.6905 0.06375 0.08433333333333333
2 0.773875 0.44683333333333336 0.04125 0.087
2 0.776625 0.37266666666666665 0.03475 0.09133333333333334
2 0.808875 0.2813333333333333 0.05175 0.08666666666666667
2 0.863375 0.35733333333333334 0.08675 0.07933333333333334
2 0.93475 0.4035 0.051 0.073
2 1.02725 0.43566666666666665 0.0505 0.07333333333333333
2 1.07575 0.4535 0.043 0.08366666666666667
2 1.124625 0.4861666666666667 0.04975 0.081
2 1.138 0.585 0.018 0.08333333333333333
2 1.132625 0.7328333333333333 0.03725 0.07433333333333333
2 0.441875 0.19116666666666668 0.03625 0.047
2 0.372 0.218 0.0525 0.08
2 0.33975 0.293 0.062 0.07933333333333334
2 0.2835 0.43633333333333335 0.051 0.098
2 0.170625 0.669 0.06325 0.104
2 0.34775 0.1285 0.0615 0.07433333333333333
2 0.059375 0.04833333333333333 0.09375 0.06
2 0.110375 0.11316666666666667 0.05525 0.05566666666666667
2 0.030875 0.16866666666666666 0.04925 0.09533333333333334
1 0.341375 0.3481666666666667 0.07875 0.125
1 0.458375 0.351 0.14975 0.09733333333333333
1 0.787625 0.7338333333333333 0.12175 0.10833333333333334
1 0.912875 1.022 0.15875 0.152
1 0.75725 1.0736666666666668 0.0815 0.14866666666666667
1 1.00375 0.8231666666666667 0.1515 0.09566666666666666
1 0.14575 0.9511666666666667 0.088 0.119
