4 0.208 0.5615 0.0205 0.051666666666666666
4 0.476375 0.5703333333333334 0.04275 0.03866666666666667
4 0.22225 0.6331666666666667 0.0305 0.033666666666666664
1 0.151875 0.37766666666666665 0.07875 0.03133333333333333
1 0.267875 0.3458333333333333 0.05775 0.027
1 0.388875 0.3625 0.08075 0.029
1 0.878875 0.8275 0.23425 0.25433333333333336
1 0.038 0.379 0.0425 0.04466666666666667
1 0.170875 0.3473333333333333 0.07925 0.03266666666666666
1 0.292 0.4211666666666667 0.1135 0.042333333333333334
1 0.47825 0.421 0.1125 0.04466666666666667
2 0.2275 0.457 0.041 0.03
2 0.212875 0.4881666666666667 0.03275 0.027666666666666666
2 0.60125 0.49716666666666665 0.023 0.043666666666666666
2 0.221125 0.37533333333333335 0.04525 0.018
5 0.579 0.493 0.029 0.04
5 0.5695 0.42716666666666664 0.0675 0.03766666666666667
5 0.3935 0.41833333333333333 0.063 0.024666666666666667
1 0.10275 0.43416666666666665 0.148 0.059
