1 0.53325 0.22716666666666666 0.184 0.06166666666666667
1 0.41175 0.457 0.071 0.05466666666666667
1 0.051125 0.471 0.08875 0.22666666666666666
1 0.232125 0.5331666666666667 0.02225 0.03233333333333333
1 0.249875 0.6153333333333333 0.02175 0.03933333333333333
0 0.869125 0.7048333333333333 0.38675 0.7896666666666666
0 0.09475 0.178 0.187 0.3006666666666667
1 0.35325 0.072 0.0565 0.048
0 0.35625 0.27466666666666667 0.155 0.29533333333333334
2 1.11275 0.14416666666666667 0.0695 0.099
2 1.04125 0.13916666666666666 0.0425 0.077
2 1.02475 0.09716666666666667 0.0945 0.10166666666666667
2 0.92775 0.050166666666666665 0.092 0.087
2 0.821875 0.0565 0.08375 0.11166666666666666
2 0.729125 0.054 0.08875 0.108
2 0.65925 0.287 0.0775 0.14533333333333334
2 0.26725 0.08116666666666666 0.096 0.159
2 0.194 0.309 0.056 0.096
2 0.1435 0.3878333333333333 0.061 0.14166666666666666
2 0.14875 0.7885 0.0825 0.165
