0 0.834 0.5481666666666667 0.192 0.077
0 0.644625 0.4688333333333333 0.15675 0.071
0 0.734375 0.5021666666666667 0.16575 0.07166666666666667
0 0.3565 0.5063333333333333 0.1495 0.09466666666666666
0 0.07525 0.5768333333333333 0.147 0.093
0 0.074875 0.5125 0.14775 0.101
0 0.29525 0.48233333333333334 0.0765 0.051333333333333335
0 0.569125 0.4405 0.09875 0.05566666666666667
0 0.51175 0.4205 0.088 0.051
0 0.279125 0.453 0.11775 0.051333333333333335
0 0.060375 0.4528333333333333 0.10525 0.06433333333333334
0 0.068875 0.4091666666666667 0.10925 0.037
0 0.0565 0.37516666666666665 0.0795 0.049
0 0.24575 0.42283333333333334 0.1225 0.05566666666666667
0 0.211875 0.408 0.07675 0.066
0 0.179 0.37116666666666664 0.065 0.057
0 0.16775 0.35383333333333333 0.077 0.049
0 0.471625 0.4101666666666667 0.08575 0.036333333333333336
0 0.428875 0.38233333333333336 0.09075 0.03666666666666667
0 0.3825 0.37466666666666665 0.089 0.03133333333333333
0 0.347875 0.3516666666666667 0.04725 0.025333333333333333
0 0.298375 0.351 0.05775 0.04733333333333333
0 0.246875 0.3305 0.05225 0.019666666666666666
3 0.740375 0.8061666666666667 0.11725 0.129
3 0.67425 0.9321666666666667 0.1355 0.12833333333333333
3 0.918625 0.667 0.16125 0.09666666666666666
3 0.164875 0.84 0.10075 0.07333333333333333
3 0.47325 0.7285 0.0625 0.059
4 0.45325 0.4503333333333333 0.0255 0.018
4 0.25575 0.35833333333333334 0.0175 0.009333333333333334
4 0.010875 0.38116666666666665 0.01825 0.022333333333333334
