1 0.926375 0.5776666666666667 0.14675 0.13866666666666666
1 0.67175 0.5688333333333333 0.192 0.121
1 0.102375 0.5228333333333334 0.19425 0.14566666666666667
0 0.52025 0.35733333333333334 0.1065 0.082
0 0.637 0.3481666666666667 0.1085 0.09033333333333333
0 0.756625 0.3641666666666667 0.12475 0.121
0 0.871375 0.37783333333333335 0.13625 0.10433333333333333
0 0.9535 0.3805 0.087 0.083
0 0.89325 0.24733333333333332 0.0995 0.059333333333333335
0 0.80425 0.24066666666666667 0.0975 0.06666666666666667
0 0.723375 0.24033333333333334 0.08475 0.05266666666666667
0 0.6315 0.22933333333333333 0.082 0.04666666666666667
0 0.5435 0.22533333333333333 0.0825 0.046
0 0.457375 0.213 0.08775 0.058666666666666666
0 0.370125 0.21316666666666667 0.08075 0.049666666666666665
0 0.283 0.209 0.083 0.043333333333333335
0 0.19075 0.20683333333333334 0.0775 0.051666666666666666
0 0.312 0.15266666666666667 0.0785 0.04533333333333334
0 0.389375 0.15133333333333332 0.07125 0.04666666666666667
0 0.464375 0.15416666666666667 0.07075 0.035
0 0.5415 0.1655 0.066 0.06233333333333333
0 0.617875 0.16116666666666668 0.07175 0.059
0 0.556875 0.10166666666666667 0.06175 0.046
0 0.49475 0.09983333333333333 0.058 0.041
0 0.4335 0.09433333333333334 0.055 0.03133333333333333
0 0.372 0.0905 0.0545 0.029666666666666668
0 0.311875 0.08066666666666666 0.06175 0.03933333333333333
0 0.252 0.08616666666666667 0.0545 0.033
3 0.474625 0.453 0.09875 0.03333333333333333
2 0.518375 0.518 0.02425 0.11066666666666666
2 0.537625 0.5246666666666666 0.01775 0.034
2 0.548125 0.45116666666666666 0.04725 0.022333333333333334
2 0.5835 0.46266666666666667 0.024 0.017333333333333333
2 0.60575 0.441 0.0435 0.018666666666666668
2 0.66075 0.45616666666666666 0.0245 0.023666666666666666
2 0.6935 0.4593333333333333 0.0345 0.024
2 0.72975 0.44916666666666666 0.0335 0.023
2 0.76425 0.5411666666666667 0.023 0.026333333333333334
2 0.87375 0.4603333333333333 0.0385 0.023333333333333334
2 0.932375 0.4668333333333333 0.05475 0.021666666666666667
2 0.961875 0.4945 0.02275 0.01633333333333333
2 0.2745 0.5103333333333333 0.017 0.02
2 0.26875 0.4871666666666667 0.025 0.034333333333333334
3 0.088875 0.439 0.05075 0.03666666666666667
3 0.026375 0.43316666666666664 0.04825 0.035
4 0.87275 0.309 0.036 0.016666666666666666
4 0.8185 0.2885 0.022 0.027
4 0.803875 0.29483333333333334 0.01625 0.02033333333333333
4 0.74575 0.2823333333333333 0.0125 0.023333333333333334
4 0.762375 0.2836666666666667 0.01775 0.029333333333333333
4 0.752375 0.6598333333333334 0.03275 0.07033333333333333
