1 0.90525 0.8023333333333333 0.167 0.132
1 0.755875 0.8655 0.08625 0.107
1 0.86425 1.0548333333333333 0.221 0.181
1 0.78675 0.5586666666666666 0.1155 0.09
1 0.994375 0.6438333333333334 0.14875 0.09966666666666667
1 0.335125 0.19083333333333333 0.06425 0.10566666666666667
1 0.450375 0.19133333333333333 0.13525 0.08266666666666667
1 0.15425 0.7798333333333334 0.0765 0.085
2 0.883375 0.5298333333333334 0.04925 0.08366666666666667
2 0.170625 0.5238333333333334 0.05975 0.09033333333333333
2 0.767125 0.2921666666666667 0.04225 0.07433333333333333
2 0.77 0.22133333333333333 0.047 0.08533333333333333
2 0.794625 0.12416666666666666 0.05825 0.06566666666666666
2 0.844 0.203 0.066 0.06066666666666667
2 0.921375 0.23666666666666666 0.07225 0.09533333333333334
2 1.01375 0.27216666666666667 0.0545 0.06966666666666667
2 1.064625 0.28983333333333333 0.03625 0.09366666666666666
2 1.120625 0.323 0.05925 0.07133333333333333
2 1.1255 0.42133333333333334 0.038 0.07133333333333333
2 1.122 0.5658333333333333 0.052 0.08566666666666667
2 0.710375 0.4645 0.05575 0.073
2 0.43275 0.052 0.0345 0.07066666666666667
2 0.359125 0.076 0.05375 0.08933333333333333
2 0.33775 0.15316666666666667 0.056 0.069
1 0.630125 0.26816666666666666 0.05875 0.03166666666666667
0 0.4695 0.42383333333333334 0.2475 0.20233333333333334
