1 0.89475 0.5883333333333334 0.198 0.172
1 0.819375 0.4068333333333333 0.11425 0.127
1 0.76175 0.2808333333333333 0.085 0.09833333333333333
1 0.7075 0.19916666666666666 0.086 0.04833333333333333
1 0.67125 0.13533333333333333 0.097 0.04
1 0.648875 0.08433333333333333 0.07975 0.032
1 0.643875 0.05216666666666667 0.05575 0.028333333333333332
1 0.617875 0.019166666666666665 0.05675 0.025666666666666667
1 0.4155 0.8638333333333333 0.222 0.26366666666666666
1 0.463875 0.574 0.18775 0.17133333333333334
1 0.44825 0.39466666666666667 0.1555 0.09533333333333334
1 0.456625 0.18616666666666667 0.09875 0.04766666666666667
1 0.46075 0.127 0.082 0.03666666666666667
1 0.46375 0.08133333333333333 0.074 0.04533333333333334
1 0.462875 0.042 0.06275 0.03133333333333333
1 0.064625 0.33 0.10925 0.10266666666666667
1 0.135875 0.21816666666666668 0.10225 0.063
1 0.176875 0.14683333333333334 0.08425 0.06433333333333334
1 0.250125 0.0475 0.07225 0.042333333333333334
0 0.093375 0.058666666666666666 0.09725 0.04533333333333334
2 0.867625 0.718 0.04525 0.06
2 0.82425 0.7093333333333334 0.0465 0.04466666666666667
2 0.780625 0.744 0.03075 0.03
2 0.894 0.7903333333333333 0.026 0.036
2 0.65075 0.518 0.0445 0.048666666666666664
2 0.650375 0.5593333333333333 0.08425 0.05333333333333334
2 0.675125 0.5926666666666667 0.02125 0.032
2 0.72625 0.6251666666666666 0.0225 0.029
2 0.724375 0.6903333333333334 0.01975 0.03266666666666666
2 0.682125 0.7458333333333333 0.02675 0.057
2 0.691375 0.8013333333333333 0.03175 0.06533333333333333
2 0.703625 0.8458333333333333 0.02825 0.051
2 0.715625 0.902 0.02975 0.06066666666666667
2 0.750375 0.9363333333333334 0.03575 0.06866666666666667
2 0.585875 0.48783333333333334 0.10625 0.031
2 0.676125 0.49216666666666664 0.06775 0.028333333333333332
2 0.744125 0.5028333333333334 0.04225 0.027666666666666666
2 0.7805 0.4791666666666667 0.025 0.027
2 0.814375 0.6116666666666667 0.01625 0.03133333333333333
2 0.536375 0.33666666666666667 0.09325 0.018666666666666668
2 0.5345 0.24583333333333332 0.0505 0.01633333333333333
2 0.595 0.2605 0.019 0.037
2 0.537125 0.17483333333333334 0.06125 0.02033333333333333
2 0.540125 0.1175 0.04275 0.027666666666666666
2 0.11975 0.12083333333333333 0.035 0.021
2 0.116625 0.14866666666666667 0.01925 0.03266666666666666
4 0.38825 0.20866666666666667 0.034 0.030666666666666665
4 0.37275 0.14466666666666667 0.025 0.017333333333333333
4 0.412625 0.10016666666666667 0.02175 0.021
4 0.1485 0.306 0.0415 0.03133333333333333
4 0.733375 0.156 0.02525 0.025333333333333333
3 0.68175 0.35433333333333333 0.0625 0.058666666666666666
3 0.617 0.18683333333333332 0.078 0.049
3 0.717125 0.3293333333333333 0.03475 0.048
