1 0.85725 0.31116666666666665 0.1655 0.08833333333333333
1 0.719 0.4015 0.0645 0.10633333333333334
1 0.828125 0.5691666666666667 0.19825 0.181
2 0.786 0.7215 0.088 0.153
2 0.722125 0.8265 0.13325 0.175
2 0.589 0.618 0.038 0.06133333333333333
2 0.159625 0.14916666666666667 0.06825 0.09366666666666666
2 0.050625 0.38966666666666666 0.02775 0.035333333333333335
2 0.67825 0.07933333333333334 0.0615 0.074
2 0.847625 0.13016666666666668 0.05525 0.069
2 1.00475 0.0375 0.056 0.065
2 1.084 0.03266666666666666 0.0615 0.06066666666666667
2 1.078125 0.14916666666666667 0.04625 0.059666666666666666
2 1.101375 0.20566666666666666 0.05925 0.06733333333333333
2 1.037375 0.4661666666666667 0.06475 0.07166666666666667
4 1.093625 0.9236666666666666 0.07975 0.19266666666666668
1 0.1705 0.31666666666666665 0.043 0.058666666666666666
0 0.396375 0.12333333333333334 0.38925 0.23533333333333334
2 0.159375 0.997 0.12825 0.12933333333333333
