-1 0.146875 0.824306 0.046875 0.165278
-1 0.034375 0.847222 0.031250 0.177778
-1 0.066797 0.880556 0.038281 0.169444
-1 0.021875 0.793056 0.045312 0.180556
-1 0.339062 0.668056 0.043750 0.194444
-1 0.470703 0.634722 0.047656 0.116667
-1 0.483594 0.608333 0.039062 0.150000
-1 0.538281 0.351389 0.045312 0.175000
-1 0.501563 0.425000 0.073438 0.091667
-1 0.447266 0.413194 0.028906 0.134722
-1 0.382812 0.397222 0.045312 0.161111
-1 0.231250 0.527778 0.053125 0.172222
-1 0.308594 0.506944 0.046875 0.119444
-1 0.279687 0.625694 0.048438 0.195833
-1 0.030469 0.618056 0.051562 0.130556
-1 0.071875 0.672917 0.035937 0.151389
-1 0.182031 0.495833 0.046875 0.177778
-1 0.137109 0.495139 0.053906 0.143056
-1 0.119141 0.452778 0.047656 0.163889
-1 0.123438 0.663889 0.042188 0.052778
-1 0.048047 0.529861 0.038281 0.181944
-1 0.381641 0.561806 0.036719 0.165278
-1 0.275391 0.425000 0.036719 0.152778
-1 0.016016 0.530556 0.033594 0.163889
-1 0.419922 0.245833 0.049219 0.175000
-1 0.752734 0.330556 0.044531 0.105556
-1 0.685937 0.231944 0.042188 0.136111
4 0.667188 0.838194 0.279687 0.306944
-1 0.793750 0.192361 0.048438 0.143056
-1 0.680078 0.129167 0.041406 0.169444