0 0.711328 0.731944 0.117969 0.191667
1 0.397266 0.720833 0.171094 0.247222
-1 0.455859 0.779861 0.050781 0.134722
1 0.380859 0.364583 0.092969 0.179167
1 0.557422 0.388194 0.103906 0.151389
-1 0.574219 0.376389 0.062500 0.130556
0 0.780078 0.425000 0.105469 0.147222
1 0.000391 0.693056 0.167969 0.305556
-1 0.063672 0.654861 0.044531 0.073611
1 0.571875 0.848611 0.121875 0.275000
-1 0.577344 0.893056 0.075000 0.122222
1 0.263281 0.319444 0.104688 0.191667
-1 0.285938 0.279861 0.053125 0.084722
-1 0.249219 0.349306 0.060937 0.098611
4 0.065234 0.297917 0.024219 0.068056
0 0.125000 0.332639 0.101562 0.193056
3 0.461328 0.312500 0.064844 0.172222
0 0.892969 0.820139 0.137500 0.237500
0 0.776563 0.186806 0.098437 0.101389