-1 0.398047 0.861111 0.042969 0.150000
-1 0.284766 0.873611 0.041406 0.136111
-1 0.732031 0.750694 0.037500 0.165278
-1 0.682422 0.738194 0.036719 0.179167
-1 0.653906 0.985417 0.040625 0.162500
-1 0.671875 0.978472 0.043750 0.159722
-1 0.305078 0.527778 0.039844 0.133333
-1 0.090625 0.676389 0.050000 0.155556
-1 0.071484 0.762500 0.039844 0.169444
-1 0.386328 0.390278 0.058594 0.133333
-1 0.170313 0.428472 0.031250 0.109722
-1 0.044531 0.661806 0.039062 0.162500
-1 0.822266 0.800694 0.027344 0.176389
-1 0.659766 0.963194 0.030469 0.151389
-1 0.946094 0.369444 0.032813 0.150000
-1 0.683984 0.450000 0.025781 0.147222
-1 0.681641 0.561111 0.039844 0.150000
-1 0.685156 0.394444 0.037500 0.172222
-1 0.852344 0.576389 0.039062 0.133333
-1 0.839844 0.381944 0.029687 0.113889
-1 0.751563 0.419444 0.029687 0.094444
-1 0.841797 0.996528 0.025781 0.129167
-1 0.805078 0.944444 0.016406 0.111111
-1 0.810156 0.890972 0.026562 0.087500
-1 0.839844 0.954861 0.037500 0.087500
-1 0.707422 0.095833 0.028906 0.119444
-1 0.399609 0.236111 0.033594 0.133333
-1 0.340234 0.268750 0.036719 0.109722
-1 0.752734 0.213889 0.025781 0.150000
-1 0.769141 0.240278 0.025781 0.130556
-1 0.831641 0.280556 0.033594 0.088889
-1 0.975781 0.197222 0.035937 0.116667
-1 0.616797 0.141667 0.042969 0.136111
-1 0.630859 0.109722 0.027344 0.122222
-1 0.888281 0.760417 0.031250 0.170833
-1 0.871484 0.745833 0.028906 0.163889