0 0.746484 0.657639 0.107031 0.173611
1 0.450781 0.656944 0.154688 0.225000
-1 0.515234 0.709028 0.050781 0.134722
1 0.418359 0.331250 0.092969 0.179167
1 0.592578 0.347222 0.099219 0.144444
-1 0.603906 0.343056 0.059375 0.125000
0 0.801953 0.377778 0.105469 0.147222
1 0.080078 0.655556 0.160156 0.291667
-1 0.134375 0.611111 0.040625 0.066667
1 0.621484 0.774306 0.116406 0.262500
-1 0.628906 0.829167 0.075000 0.122222
1 0.307031 0.288194 0.100000 0.181944
-1 0.327344 0.253472 0.053125 0.084722
-1 0.288281 0.315972 0.060937 0.098611
4 0.112891 0.275694 0.024219 0.068056
0 0.175000 0.304167 0.096875 0.183333
3 0.496875 0.312500 0.059375 0.155556
0 0.918750 0.740972 0.137500 0.237500