0 0.081250 0.846528 0.078125 0.070833
1 0.115234 0.791667 0.069531 0.069444
0 0.398438 0.654167 0.075000 0.061111
0 0.527734 0.594444 0.057031 0.050000
1 0.535547 0.795833 0.061719 0.052778
0 0.486719 0.936806 0.067187 0.068056
4 0.484375 0.888889 0.035937 0.027778
4 0.361719 0.841667 0.018750 0.044444
4 0.453125 0.698611 0.021875 0.033333
0 0.447266 0.831250 0.089844 0.084722
1 0.602734 0.836806 0.071094 0.084722
0 0.594141 0.955556 0.086719 0.086111
0 0.758984 0.827083 0.053906 0.059722
0 0.737891 0.779167 0.050781 0.061111
5 0.254297 0.738889 0.061719 0.069444
0 0.689453 0.942361 0.049219 0.062500