1 0.035547 0.370139 0.061719 0.090278
0 0.102344 0.696528 0.137500 0.123611
0 0.137109 0.929861 0.163281 0.140278
1 0.405469 0.859722 0.112500 0.161111
-1 0.408203 0.863889 0.080469 0.113889
0 0.309375 0.822222 0.112500 0.125000
1 0.494141 0.459722 0.077344 0.083333
0 0.117578 0.234028 0.075781 0.087500
0 0.364063 0.233333 0.114062 0.069444
0 0.470703 0.629861 0.121094 0.098611
5 0.342969 0.429167 0.062500 0.102778
0 0.620703 0.432639 0.053906 0.076389
0 0.771484 0.740278 0.069531 0.122222
1 0.792188 0.516667 0.090625 0.119444
1 0.719141 0.542361 0.071094 0.093056
0 0.219531 0.441667 0.062500 0.066667
1 0.668359 0.783333 0.074219 0.102778
4 0.522656 0.976389 0.039062 0.044444
0 0.571484 0.567361 0.074219 0.070833