1 0.139844 0.648611 0.089063 0.102778
-1 0.128125 0.644444 0.059375 0.061111
-1 0.066797 0.661806 0.032031 0.090278
2 0.116797 0.772222 0.085156 0.111111
0 0.200781 0.843750 0.087500 0.148611
1 0.247266 0.333333 0.058594 0.086111
0 0.133984 0.326389 0.080469 0.061111
0 0.338281 0.620139 0.125000 0.112500
0 0.396094 0.835417 0.148438 0.126389
1 0.620313 0.765278 0.096875 0.138889
-1 0.623047 0.767361 0.072656 0.104167
0 0.525391 0.731944 0.107031 0.119444
1 0.650781 0.411806 0.073438 0.079167
0 0.303906 0.209028 0.062500 0.070833
0 0.512891 0.207639 0.108594 0.065278
0 0.648047 0.561111 0.110156 0.088889
5 0.516406 0.382639 0.059375 0.098611
0 0.760156 0.383333 0.051562 0.072222
0 0.920703 0.659722 0.066406 0.116667
1 0.927344 0.462500 0.078125 0.102778