0 0.088281 0.986806 0.076563 0.106944
1 0.241406 0.761806 0.068750 0.081944
0 0.307812 0.945833 0.095312 0.105556
1 0.426172 0.956250 0.083594 0.084722
0 0.433594 0.827083 0.064062 0.059722
0 0.519922 0.766667 0.071094 0.063889
0 0.668359 0.989583 0.094531 0.109722
1 0.542969 0.640972 0.064062 0.059722
1 0.067187 0.881250 0.082812 0.068056
4 0.777344 0.770139 0.032813 0.040278
1 0.313281 0.792361 0.067187 0.084722
-1 0.316797 0.790278 0.042969 0.052778
1 0.539844 0.972222 0.087500 0.144444
0 0.698047 0.771528 0.083594 0.123611
0 0.445703 0.568750 0.074219 0.056944
0 0.301563 0.465972 0.053125 0.054167
0 0.601562 0.470833 0.075000 0.066667