-1 0.534375 0.752778 0.039062 0.136111
-1 0.444531 0.768056 0.034375 0.111111
-1 0.585938 1.002083 0.032813 0.151389
-1 0.788281 0.647222 0.029687 0.130556
-1 0.748828 0.637500 0.027344 0.133333
-1 0.755078 0.859722 0.036719 0.147222
-1 0.716016 0.998611 0.039844 0.144444
-1 0.407813 0.489583 0.032813 0.109722
-1 0.277344 0.622222 0.040625 0.127778
-1 0.264844 0.684722 0.034375 0.147222
-1 0.630859 0.987500 0.032031 0.169444
-1 0.473438 0.372917 0.048438 0.109722
-1 0.309766 0.415972 0.025781 0.090278
-1 0.228516 0.607639 0.033594 0.140278
-1 0.865234 0.682639 0.022656 0.145833
-1 0.693359 0.990972 0.027344 0.137500
-1 0.911719 0.329861 0.023438 0.106944
-1 0.728125 0.416667 0.023438 0.133333
-1 0.733594 0.510417 0.031250 0.118056
-1 0.710938 0.359722 0.026562 0.122222
-1 0.859766 0.500694 0.033594 0.115278
-1 0.834766 0.343750 0.024219 0.093056
-1 0.769531 0.375694 0.023438 0.073611
-1 0.860156 1.033333 0.026562 0.136111
-1 0.801953 0.956944 0.021094 0.141667
-1 0.855859 0.752083 0.024219 0.079167
-1 0.898438 0.820139 0.034375 0.079167
-1 0.698438 0.119444 0.026562 0.108333
-1 0.469531 0.249306 0.028125 0.109722
-1 0.427734 0.272222 0.033594 0.100000
-1 0.985938 0.456250 0.026562 0.154167
-1 0.748828 0.209028 0.021094 0.123611
-1 0.764453 0.232639 0.021094 0.106944
-1 0.830859 0.256944 0.033594 0.088889
-1 0.920312 0.186806 0.029687 0.095833
-1 0.627734 0.161806 0.036719 0.118056
-1 0.639453 0.130556 0.022656 0.100000