0 0.053516 0.395139 0.094531 0.090278
5 0.145313 0.523611 0.121875 0.155556
0 0.268359 0.404167 0.110156 0.155556
0 0.224609 0.260417 0.057031 0.081944
4 0.300391 0.470833 0.024219 0.038889
4 0.423047 0.665278 0.028906 0.047222
4 0.389453 0.611111 0.030469 0.055556
1 0.472656 0.377083 0.067187 0.095833
4 0.327734 0.723611 0.038281 0.055556
4 0.532422 0.948611 0.038281 0.052778
2 0.650781 0.556250 0.073438 0.109722
0 0.797266 0.540972 0.085156 0.115278
1 0.595313 0.281250 0.062500 0.079167
-1 0.585547 0.287500 0.025781 0.052778
0 0.537109 0.419444 0.071094 0.127778
4 0.744922 0.623611 0.019531 0.050000
4 0.727344 0.581944 0.020313 0.041667
4 0.701562 0.670139 0.025000 0.031944
4 0.684766 0.729861 0.030469 0.031944
4 0.524609 0.660417 0.017969 0.051389
0 0.471094 0.662500 0.079687 0.125000
4 0.248047 0.647222 0.016406 0.061111