-1 0.316797 0.779167 0.038281 0.136111
-1 0.211719 0.829167 0.028125 0.161111
-1 0.241797 0.861111 0.039844 0.177778
-1 0.163281 0.759028 0.050000 0.198611
-1 0.056250 0.802778 0.050000 0.197222
-1 0.022656 0.774306 0.046875 0.193056
-1 0.505078 0.642361 0.046094 0.204167
-1 0.621094 0.620833 0.045312 0.111111
-1 0.642188 0.582639 0.037500 0.143056
-1 0.692969 0.333333 0.045312 0.175000
-1 0.651953 0.402083 0.069531 0.087500
-1 0.605859 0.392361 0.028906 0.134722
-1 0.528516 0.362500 0.047656 0.169444
-1 0.391406 0.505556 0.053125 0.172222
-1 0.467578 0.481944 0.049219 0.125000
-1 0.438672 0.602778 0.046094 0.186111
4 -0.004297 0.474306 0.272656 0.229167
-1 0.090234 0.576389 0.049219 0.163889
-1 0.189844 0.601389 0.051562 0.130556
-1 0.230469 0.649306 0.035937 0.151389
-1 0.337891 0.470833 0.049219 0.186111
-1 0.294141 0.471528 0.053906 0.143056
-1 0.275391 0.426389 0.047656 0.163889
-1 0.272656 0.636111 0.042188 0.052778
-1 0.202344 0.476389 0.042188 0.200000
-1 0.544141 0.550694 0.038281 0.173611
-1 0.431641 0.410417 0.035156 0.145833
-1 0.155859 0.469444 0.033594 0.163889
-1 0.673828 0.249306 0.053906 0.193056