1 0.588281 0.254167 0.125000 0.147222
1 0.777734 0.688889 0.121094 0.188889
-1 0.776172 0.664583 0.091406 0.090278
0 0.375000 0.707639 0.135937 0.104167
1 0.219141 0.427083 0.138281 0.176389
0 0.239063 0.213889 0.137500 0.133333
1 0.162500 0.138889 0.129688 0.105556
-1 0.132422 0.135417 0.080469 0.087500
0 0.450000 0.225694 0.087500 0.101389
4 0.791797 0.386806 0.036719 0.068056
4 0.366016 0.361806 0.044531 0.043056
4 0.584375 0.385417 0.051562 0.040278
0 0.395313 0.477083 0.084375 0.126389
0 0.476562 0.491667 0.101562 0.125000
4 0.552344 0.847917 0.026562 0.090278
0 0.860156 0.556944 0.073438 0.091667