0 0.050391 0.377778 0.099219 0.094444
5 0.178906 0.450000 0.128125 0.163889
5 0.137109 0.553472 0.039844 0.079167
0 0.283203 0.351389 0.121094 0.172222
0 0.218750 0.199306 0.062500 0.090278
4 0.326562 0.425694 0.026562 0.043056
4 0.471875 0.607639 0.028125 0.045833
4 0.433984 0.556944 0.030469 0.055556
1 0.488672 0.300000 0.063281 0.091667
4 0.381641 0.681944 0.038281 0.055556
4 0.608984 0.873611 0.038281 0.052778
2 0.678906 0.461806 0.073438 0.109722
0 0.815625 0.425694 0.081250 0.109722
4 0.631250 0.973611 0.035937 0.050000
1 0.597656 0.183333 0.059375 0.075000
-1 0.594141 0.190278 0.025781 0.052778
0 0.558984 0.337500 0.071094 0.127778
4 0.773047 0.519444 0.019531 0.050000
4 0.753125 0.479167 0.020313 0.041667
4 0.736719 0.569444 0.023438 0.030556
4 0.728516 0.629861 0.027344 0.029167
4 0.569922 0.586806 0.017969 0.051389
0 0.521094 0.595833 0.079687 0.125000