-1 0.218359 0.859722 0.047656 0.211111
-1 0.153125 0.803472 0.042188 0.206944
-1 0.198437 0.257639 0.071875 0.162500
-1 0.288281 0.950694 0.028125 0.184722
-1 0.476953 0.510417 0.027344 0.154167
-1 0.397266 0.554861 0.046094 0.173611
-1 0.561719 0.395833 0.070312 0.169444
-1 0.724219 0.546528 0.035937 0.137500
-1 0.580078 0.505556 0.038281 0.119444
-1 0.859375 0.143750 0.039062 0.159722
-1 0.808203 0.425000 0.044531 0.122222
-1 0.773438 0.324306 0.031250 0.156944
-1 0.690234 0.146528 0.060156 0.193056
-1 0.771875 0.129861 0.039062 0.170833
-1 0.428906 0.970139 0.031250 0.170833
-1 0.663281 0.426389 0.023438 0.102778
-1 0.625391 0.443056 0.046094 0.158333
-1 0.615234 0.517361 0.033594 0.087500
-1 0.721094 0.716667 0.032813 0.155556
-1 0.658984 0.121528 0.049219 0.173611
4 0.469141 0.695139 0.222656 0.259722
-1 0.654297 0.806250 0.028906 0.176389
-1 0.888281 0.604167 0.029687 0.205556
-1 0.728906 0.862500 0.040625 0.219444
-1 0.788281 0.846528 0.031250 0.190278
-1 0.799219 0.603472 0.039062 0.162500
-1 0.908594 0.809028 0.032813 0.165278
-1 0.957031 0.796528 0.035937 0.093056
-1 0.941016 0.089583 0.035156 0.176389
-1 0.934766 0.525694 0.038281 0.165278