4 0.693359 0.986806 0.160156 0.404167
4 0.524609 1.011111 0.111719 0.261111
4 0.823828 1.047917 0.125781 0.259722
-1 0.764453 0.195833 0.028906 0.136111
-1 0.735156 0.213889 0.025000 0.102778
-1 0.463672 0.384028 0.033594 0.154167
-1 0.709766 0.602778 0.049219 0.152778
-1 0.873437 0.590972 0.050000 0.109722
-1 0.482812 0.554861 0.031250 0.168056
-1 0.849609 0.567361 0.035156 0.115278
-1 0.645703 0.568056 0.042969 0.150000
-1 0.598828 0.563194 0.038281 0.159722
-1 0.732422 0.459028 0.033594 0.093056
-1 0.527344 0.388889 0.054688 0.094444
-1 0.807031 0.544444 0.037500 0.116667
-1 0.841797 0.865278 0.039844 0.122222
4 0.828906 0.753472 0.270313 0.179167
-1 0.306250 0.357639 0.039062 0.098611
-1 0.323828 0.416667 0.038281 0.097222
-1 0.419922 0.388194 0.049219 0.109722
-1 0.585547 0.518750 0.028906 0.154167
-1 0.114453 0.820139 0.041406 0.176389
-1 0.619531 0.903472 0.029687 0.134722
-1 0.606641 0.841667 0.027344 0.188889
-1 0.571875 0.436806 0.035937 0.131944
-1 0.547266 0.603472 0.035156 0.137500
-1 0.448437 0.292361 0.034375 0.131944
-1 0.508594 0.570139 0.025000 0.151389
-1 0.066406 0.373611 0.028125 0.105556
-1 0.778125 0.537500 0.029687 0.141667
-1 0.116016 0.416667 0.036719 0.108333
-1 0.311719 0.195139 0.034375 0.131944
-1 0.219531 0.202083 0.039062 0.137500
-1 0.171875 0.271528 0.042188 0.143056
-1 0.927734 0.554167 0.027344 0.136111