1 0.044141 0.618750 0.146094 0.115278
-1 0.037109 0.594444 0.074219 0.069444
1 0.480859 0.452778 0.160156 0.122222
0 0.327734 0.613889 0.139844 0.102778
0 0.293359 0.399306 0.113281 0.101389
4 0.278906 0.215278 0.026562 0.038889
4 0.229297 0.188194 0.036719 0.048611
4 0.460156 0.145139 0.026562 0.045833
4 0.475000 0.167361 0.031250 0.043056
4 0.389062 0.175694 0.028125 0.034722
0 0.567187 0.257639 0.110937 0.081944
5 0.494922 0.334722 0.130469 0.119444
5 0.605469 0.629167 0.096875 0.188889
0 0.687109 0.167361 0.094531 0.065278
0 0.176172 0.121528 0.105469 0.065278
4 0.374219 0.258333 0.031250 0.038889
0 0.888281 0.567361 0.096875 0.073611
0 0.816016 0.656250 0.114844 0.151389