1 0.020703 0.486806 0.146094 0.115278
-1 0.002734 0.465278 0.074219 0.069444
1 0.455078 0.318056 0.160156 0.122222
0 0.296484 0.477778 0.139844 0.102778
0 0.272266 0.265972 0.113281 0.101389
4 0.262500 0.109028 0.028125 0.040278
5 0.466797 0.201389 0.136719 0.125000
5 0.572656 0.493750 0.101562 0.198611
4 0.355469 0.123611 0.032813 0.041667
0 0.857812 0.434722 0.101562 0.077778
0 0.785547 0.521528 0.114844 0.151389
0 0.114453 0.680556 0.116406 0.077778
1 0.187500 0.756250 0.179688 0.106944
1 0.848828 0.631944 0.167969 0.116667
-1 0.790625 0.640278 0.064062 0.069444