0 0.158984 0.879861 0.072656 0.101389
1 0.286719 0.665278 0.065625 0.077778
0 0.364063 0.855556 0.095312 0.105556
1 0.483594 0.850000 0.079687 0.080556
0 0.478906 0.722917 0.064062 0.059722
0 0.557422 0.665278 0.067969 0.061111
0 0.715625 0.871528 0.085938 0.098611
1 0.567187 0.547222 0.067187 0.063889
1 0.121094 0.786806 0.075000 0.062500
4 0.800000 0.667361 0.032813 0.040278
1 0.359375 0.691667 0.064062 0.080556
-1 0.362500 0.684722 0.051562 0.063889
1 0.591406 0.862500 0.087500 0.144444
0 0.722656 0.664583 0.079687 0.118056
0 0.465234 0.484028 0.074219 0.056944
0 0.310547 0.381250 0.055469 0.056944
0 0.607812 0.387500 0.075000 0.066667