0 0.328906 0.553472 0.114062 0.143056
0 0.111328 0.472222 0.103906 0.116667
0 0.080859 0.611111 0.122656 0.133333
0 0.279297 0.671528 0.127344 0.137500
0 0.550391 0.540278 0.103906 0.122222
1 0.501953 0.745833 0.111719 0.177778
-1 0.476953 0.756944 0.047656 0.130556
1 0.573047 0.334722 0.086719 0.111111
-1 0.546094 0.288889 0.031250 0.058333
0 0.453906 0.229861 0.068750 0.168056
0 0.596094 0.052778 0.075000 0.105556
0 0.728906 0.357639 0.120313 0.115278
0 0.727344 0.511111 0.109375 0.136111
0 0.729297 0.661806 0.114844 0.184722
3 0.232031 0.306250 0.067187 0.301389
3 0.353516 0.197917 0.086719 0.193056
3 0.203125 0.594444 0.057813 0.247222
0 0.709766 0.819444 0.099219 0.169444