4 0.812500 0.944444 0.145313 0.366667
4 0.652344 0.996528 0.106250 0.248611
4 0.944531 0.998611 0.114062 0.236111
-1 0.772266 0.161806 0.033594 0.156944
-1 0.741797 0.177083 0.027344 0.112500
-1 0.506641 0.368750 0.033594 0.154167
-1 0.773828 0.575000 0.049219 0.152778
-1 0.954688 0.565972 0.050000 0.109722
-1 0.543750 0.539583 0.029687 0.159722
-1 0.900000 0.530556 0.037500 0.122222
-1 0.708984 0.538889 0.042969 0.150000
-1 0.660547 0.541667 0.036719 0.152778
-1 0.783594 0.414583 0.040625 0.112500
-1 0.567969 0.369444 0.054688 0.094444
-1 0.866406 0.509722 0.039062 0.122222
-1 0.945312 0.819444 0.037500 0.116667
4 0.925781 0.679861 0.245312 0.162500
-1 0.338281 0.345139 0.039062 0.098611
-1 0.356641 0.405556 0.038281 0.097222
-1 0.451953 0.371528 0.049219 0.109722
-1 0.639453 0.500694 0.028906 0.154167
-1 0.212500 0.832639 0.043750 0.184722
-1 0.734375 0.888889 0.031250 0.141667
-1 0.701562 0.846528 0.045312 0.179167
-1 0.611719 0.422222 0.037500 0.138889
-1 0.614453 0.570139 0.038281 0.151389
-1 0.472656 0.279167 0.031250 0.119444
-1 0.573438 0.546528 0.025000 0.151389
-1 0.116406 0.352778 0.029687 0.111111
-1 0.828125 0.496528 0.028125 0.134722
-1 0.984766 0.475694 0.028906 0.098611
-1 0.155078 0.416667 0.035156 0.102778