0 0.007031 0.315972 0.120313 0.081944
0 0.096875 0.134028 0.104688 0.065278
0 0.378516 0.164583 0.107031 0.062500
0 0.119922 0.410417 0.138281 0.109722
5 0.150000 0.219444 0.087500 0.108333
0 0.402344 0.179167 0.129688 0.072222
0 0.342969 0.265972 0.110937 0.070833
0 0.309375 0.538889 0.179688 0.130556
0 0.488672 0.402778 0.110156 0.075000
0 0.427344 0.338889 0.115625 0.072222
5 0.271094 0.390972 0.151562 0.145833
3 0.003516 0.569444 0.102344 0.119444
3 0.138281 0.696528 0.139063 0.156944
0 0.700000 0.372222 0.120313 0.091667
0 0.835156 0.640278 0.132812 0.127778
0 0.453125 0.660417 0.201563 0.176389