0 0.227734 0.990278 0.105469 0.127778
1 0.029297 0.940972 0.108594 0.168056
-1 0.037500 0.926389 0.046875 0.091667
0 0.036328 0.673611 0.072656 0.080556
0 0.260156 0.436806 0.065625 0.093056
0 0.297656 0.363194 0.067187 0.059722
0 0.226172 0.695139 0.071094 0.123611
3 0.202734 0.426389 0.052344 0.172222
0 0.181641 0.915972 0.075781 0.106944
0 0.173828 0.550000 0.035156 0.066667
0 0.505469 0.490278 0.060937 0.094444
1 0.546094 0.529167 0.071875 0.105556
1 0.377734 0.454861 0.058594 0.090278
1 0.326172 0.695139 0.061719 0.151389
0 0.730859 0.803472 0.075781 0.170833
4 0.566797 0.755556 0.024219 0.041667
2 0.481641 0.918056 0.085156 0.147222
1 0.551562 0.243750 0.067187 0.076389
3 0.558203 0.356944 0.060156 0.119444
1 0.034375 0.521528 0.068750 0.068056
1 0.689844 0.256250 0.050000 0.087500
0 0.860547 0.343750 0.085156 0.093056
0 0.408594 0.668750 0.075000 0.118056
0 0.664844 0.582639 0.064062 0.118056