1 0.199219 0.523611 0.107813 0.130556
0 0.136719 0.265278 0.145313 0.088889
0 0.108594 0.733333 0.140625 0.113889
0 0.359375 0.505556 0.065625 0.091667
0 0.438281 0.906250 0.084375 0.148611
1 0.544531 0.625694 0.104688 0.137500
1 0.438672 0.646528 0.071094 0.093056
1 0.287891 0.931944 0.094531 0.130556
0 0.237109 0.670833 0.089844 0.086111
1 0.428125 0.317361 0.062500 0.073611
0 0.536328 0.484722 0.091406 0.100000
1 0.648047 0.472917 0.072656 0.073611
0 0.616406 0.365972 0.060937 0.056944
0 0.674609 0.315278 0.064844 0.058333
0 0.844531 0.488194 0.078125 0.090278
1 0.653516 0.207639 0.055469 0.051389
0 0.853516 0.715972 0.136719 0.165278
1 0.561719 0.872917 0.082812 0.118056
1 0.701172 0.646528 0.107031 0.084722
1 0.301172 0.425694 0.067969 0.056944
4 0.880469 0.316667 0.029687 0.036111
1 0.500391 0.331944 0.055469 0.069444
-1 0.500391 0.316667 0.042969 0.052778