-1 0.151562 0.881944 0.045312 0.158333
-1 0.022266 0.873611 0.046094 0.150000
-1 0.572656 0.838194 0.045312 0.201389
-1 0.521484 0.818750 0.038281 0.187500
-1 0.193359 0.497222 0.050781 0.169444
-1 0.327734 0.371528 0.067969 0.154167
-1 0.056250 0.347917 0.034375 0.120833
-1 0.666797 0.892361 0.024219 0.159722
-1 0.654297 0.503472 0.027344 0.154167
-1 0.584375 0.584722 0.048438 0.183333
-1 0.683594 0.461111 0.060937 0.280556
-1 0.798438 0.688194 0.040625 0.140278
-1 0.845703 0.473611 0.032031 0.125000
-1 0.735156 0.471528 0.032813 0.104167
-1 0.808984 0.125694 0.036719 0.151389
-1 0.396875 0.210417 0.039062 0.154167
-1 0.317578 0.229861 0.042969 0.126389
-1 0.808984 0.293750 0.036719 0.212500
-1 0.807031 0.287500 0.029687 0.150000
-1 0.884766 0.368056 0.042969 0.113889
-1 0.702734 0.147917 0.060156 0.193056
-1 0.721484 0.115972 0.036719 0.162500
-1 0.762500 0.897222 0.028125 0.155556
-1 0.807813 0.479861 0.031250 0.137500
-1 0.736719 0.394444 0.031250 0.108333
-1 0.763672 0.477778 0.035156 0.091667
-1 0.885156 0.700000 0.029687 0.105556
-1 0.598828 0.070139 0.035156 0.143056
-1 0.632422 0.136806 0.036719 0.129167
4 0.108203 0.211111 0.203906 0.158333
4 0.219531 0.183333 0.195312 0.205556
4 -0.021094 0.290278 0.139063 0.191667
4 0.698047 0.638889 0.144531 0.247222
-1 0.875781 0.622222 0.037500 0.130556
-1 0.976953 0.479167 0.027344 0.186111