-1 0.483984 0.619444 0.038281 0.136111
-1 0.413281 0.681944 0.028125 0.161111
-1 0.440234 0.701389 0.038281 0.169444
-1 0.352344 0.603472 0.050000 0.198611
-1 0.244922 0.638194 0.047656 0.187500
-1 0.198047 0.595833 0.049219 0.202778
-1 0.674609 0.499306 0.041406 0.184722
-1 0.753906 0.477778 0.045312 0.111111
-1 0.797656 0.444444 0.035937 0.136111
-1 0.829297 0.197222 0.042969 0.166667
-1 0.796484 0.268056 0.066406 0.083333
-1 0.748047 0.243056 0.027344 0.127778
-1 0.673828 0.221528 0.041406 0.145833
-1 0.546484 0.358333 0.050781 0.163889
-1 0.622656 0.327778 0.042188 0.108333
-1 0.592187 0.445833 0.043750 0.177778
4 0.475391 0.928472 0.380469 0.248611
4 0.154688 0.313194 0.259375 0.218056
-1 0.255469 0.406944 0.046875 0.155556
-1 0.346484 0.440278 0.049219 0.125000
-1 0.399219 0.482639 0.032813 0.137500
-1 0.492969 0.319444 0.046875 0.177778
-1 0.441016 0.307639 0.053906 0.143056
-1 0.423047 0.266667 0.047656 0.163889
-1 0.439453 0.575000 0.039844 0.050000
-1 0.351953 0.311806 0.038281 0.181944
-1 0.705859 0.400694 0.035156 0.156944
-1 0.577734 0.250694 0.030469 0.126389
-1 0.309766 0.304167 0.033594 0.163889