-1 0.242969 0.887500 0.050000 0.222222
-1 0.183203 0.840972 0.044531 0.218056
-1 0.189844 0.304861 0.071875 0.162500
-1 0.322266 0.965972 0.025781 0.168056
-1 0.477734 0.538194 0.027344 0.154167
-1 0.402734 0.586806 0.046094 0.173611
-1 0.548438 0.420833 0.067187 0.161111
-1 0.715625 0.565972 0.035937 0.137500
-1 0.576953 0.529167 0.036719 0.113889
-1 0.823047 0.179861 0.036719 0.151389
-1 0.312500 0.170833 0.043750 0.169444
-1 0.210156 0.165972 0.040625 0.120833
-1 0.747266 0.397222 0.044531 0.258333
-1 0.748437 0.346528 0.028125 0.143056
-1 0.657422 0.182639 0.060156 0.193056
-1 0.735156 0.138194 0.040625 0.179167
-1 0.467969 0.920833 0.028125 0.155556
-1 0.662500 0.466667 0.023438 0.102778
-1 0.609766 0.468750 0.046094 0.159722
-1 0.614453 0.547222 0.032031 0.083333
-1 0.719531 0.727778 0.029687 0.141667
-1 0.604297 0.047222 0.036719 0.150000
-1 0.621094 0.143750 0.046875 0.165278
4 0.450000 0.718750 0.151562 0.259722
-1 0.665234 0.811806 0.028906 0.176389
-1 0.875000 0.611111 0.029687 0.205556
-1 0.754297 0.863889 0.035156 0.188889
-1 0.798438 0.846528 0.034375 0.209722
-1 0.787891 0.606944 0.041406 0.169444
-1 0.914062 0.806250 0.032813 0.165278
-1 0.954688 0.793750 0.035937 0.093056
-1 0.891016 0.121528 0.032031 0.159722
-1 0.909766 0.538194 0.038281 0.165278