1 -0.003125 0.626389 0.165625 0.288889
-1 0.009375 0.588889 0.085938 0.163889
1 0.369922 0.470833 0.089844 0.130556
-1 0.373437 0.499306 0.060937 0.093056
-1 0.383984 0.235417 0.097656 0.123611
1 0.269922 0.339583 0.069531 0.073611
1 0.236328 0.495139 0.069531 0.101389
-1 0.236328 0.508333 0.044531 0.072222
0 0.078516 0.340972 0.052344 0.098611
1 0.567578 0.378472 0.069531 0.081944
1 0.387109 0.580556 0.102344 0.127778
2 0.457031 0.578472 0.064062 0.098611
2 0.696875 0.466667 0.051562 0.083333
2 0.835547 0.741667 0.069531 0.130556
0 0.781641 0.499306 0.113281 0.118056
0 0.843750 0.377083 0.070312 0.087500