1 0.209766 0.523611 0.085156 0.091667
0 0.133594 0.261111 0.145313 0.088889
0 0.120703 0.725000 0.147656 0.119444
5 0.039062 0.481250 0.079687 0.131944
0 0.364844 0.494444 0.065625 0.091667
0 0.452344 0.888194 0.084375 0.148611
1 0.546094 0.610417 0.104688 0.137500
1 0.445312 0.633333 0.075000 0.097222
1 0.305859 0.929167 0.094531 0.130556
0 0.248047 0.661111 0.089844 0.086111
1 0.426563 0.309028 0.062500 0.073611
0 0.537109 0.473611 0.091406 0.100000
1 0.645703 0.459028 0.072656 0.073611
0 0.614062 0.353472 0.060937 0.056944
0 0.669141 0.301389 0.064844 0.058333
0 0.840234 0.472222 0.074219 0.086111
1 0.642969 0.193750 0.057813 0.054167
0 0.853906 0.690972 0.143750 0.173611
1 0.572656 0.853472 0.082812 0.118056
1 0.704297 0.628472 0.107031 0.084722
1 0.302734 0.415972 0.067969 0.056944
4 0.868750 0.302778 0.029687 0.036111
1 0.498047 0.319444 0.055469 0.069444
-1 0.496875 0.305556 0.040625 0.050000