-1 0.491797 0.864583 0.039844 0.143056
-1 0.401562 0.909722 0.031250 0.177778
-1 0.429688 0.960417 0.043750 0.195833
-1 0.340625 0.856250 0.050000 0.198611
-1 0.233984 0.890972 0.052344 0.206944
-1 0.194141 0.852778 0.049219 0.202778
-1 0.678516 0.736806 0.046094 0.204167
-1 0.782813 0.713889 0.045312 0.111111
-1 0.809375 0.679861 0.037500 0.143056
-1 0.849609 0.430556 0.047656 0.183333
-1 0.809766 0.493750 0.069531 0.087500
-1 0.769141 0.483333 0.027344 0.127778
-1 0.681250 0.454167 0.043750 0.152778
-1 0.557031 0.597222 0.053125 0.172222
-1 0.633984 0.570833 0.049219 0.125000
-1 0.605078 0.693056 0.046094 0.186111
4 0.153125 0.550694 0.259375 0.218056
-1 0.257422 0.661111 0.049219 0.163889
-1 0.357812 0.687500 0.051562 0.130556
-1 0.401562 0.736806 0.035937 0.151389
-1 0.503516 0.556944 0.049219 0.186111
-1 0.455859 0.557639 0.053906 0.143056
-1 0.436328 0.502778 0.047656 0.163889
-1 0.436719 0.723611 0.046875 0.058333
-1 0.366016 0.560417 0.038281 0.181944
-1 0.716016 0.642361 0.036719 0.165278
-1 0.593359 0.481250 0.035156 0.145833
-1 0.318359 0.551389 0.033594 0.163889