0 0.036328 0.849306 0.074219 0.068056
1 0.057813 0.795139 0.073438 0.073611
0 0.362109 0.648611 0.078906 0.063889
0 0.502734 0.587500 0.060156 0.052778
1 0.499609 0.797222 0.064844 0.055556
0 0.439844 0.947222 0.070312 0.072222
4 0.443750 0.894444 0.035937 0.027778
4 0.316406 0.846528 0.020313 0.048611
4 0.419531 0.697222 0.021875 0.033333
0 0.403125 0.837500 0.085938 0.080556
1 0.568750 0.841667 0.075000 0.088889
0 0.557422 0.989583 0.091406 0.090278
0 0.734375 0.829861 0.056250 0.062500
0 0.714453 0.781944 0.050781 0.061111
5 0.203516 0.740278 0.061719 0.069444
0 0.652344 0.949306 0.051562 0.065278