1 0.481250 0.292361 0.117188 0.129167
-1 0.473047 0.279167 0.086719 0.086111
-1 0.514453 0.518056 0.144531 0.166667
0 0.285938 0.336806 0.107813 0.154167
4 0.226953 0.373611 0.027344 0.075000
4 0.082422 0.426389 0.025781 0.072222
1 0.157812 0.543750 0.104688 0.118056
-1 0.145313 0.545139 0.064062 0.095833
1 0.149219 0.383333 0.085938 0.147222
0 0.671484 0.112500 0.092969 0.105556
1 0.451953 0.140278 0.096094 0.111111
2 0.384766 0.233333 0.071094 0.188889
4 0.595313 0.106944 0.040625 0.061111
0 0.283984 0.630556 0.155469 0.316667
4 0.188281 0.779861 0.046875 0.062500
4 0.271875 0.834722 0.040625 0.050000