0 0.216016 0.522222 0.108594 0.136111
0 0.148828 0.620833 0.133594 0.144444
0 0.436719 0.570833 0.109375 0.127778
1 0.361328 0.762500 0.111719 0.177778
-1 0.333984 0.752778 0.047656 0.130556
1 0.483984 0.375000 0.091406 0.116667
-1 0.464844 0.323611 0.032813 0.061111
0 0.384375 0.242361 0.071875 0.176389
0 0.637109 0.443750 0.114844 0.109722
0 0.621094 0.595833 0.120313 0.150000
0 0.607812 0.747222 0.120313 0.194444
3 0.161719 0.288194 0.067187 0.301389
3 0.290234 0.195833 0.091406 0.202778
3 0.083203 0.508333 0.055469 0.236111
0 0.565234 0.898611 0.103906 0.177778
0 0.831641 0.728472 0.128906 0.176389
0 0.827344 0.885417 0.092188 0.145833
5 0.744531 0.290278 0.110937 0.141667
5 0.855859 0.336806 0.061719 0.123611