-1 0.223828 0.851389 0.047656 0.211111
-1 0.157812 0.794444 0.043750 0.216667
-1 0.198437 0.250694 0.071875 0.162500
-1 0.296875 0.932639 0.028125 0.184722
-1 0.478516 0.499306 0.027344 0.154167
-1 0.398828 0.546528 0.046094 0.173611
-1 0.560937 0.387500 0.070312 0.169444
-1 0.724219 0.535417 0.035937 0.137500
-1 0.581641 0.497222 0.038281 0.119444
-1 0.855469 0.136806 0.039062 0.159722
-1 0.807422 0.418056 0.044531 0.122222
-1 0.771875 0.314583 0.031250 0.156944
-1 0.687891 0.138194 0.060156 0.193056
-1 0.769531 0.122917 0.039062 0.170833
-1 0.433594 0.957639 0.031250 0.170833
-1 0.668750 0.413889 0.023438 0.102778
-1 0.625391 0.434722 0.046094 0.158333
-1 0.617578 0.511806 0.033594 0.087500
-1 0.723437 0.704861 0.031250 0.148611
-1 0.657422 0.113194 0.049219 0.173611
4 0.470703 0.685417 0.222656 0.259722
-1 0.657422 0.793750 0.028906 0.176389
-1 0.888281 0.593056 0.029687 0.205556
-1 0.733594 0.850000 0.040625 0.219444
-1 0.790625 0.834722 0.032813 0.200000
-1 0.798438 0.589583 0.039062 0.162500
-1 0.911719 0.795139 0.032813 0.165278
-1 0.959375 0.785417 0.035937 0.093056
-1 0.933984 0.084028 0.033594 0.168056
-1 0.933984 0.514583 0.038281 0.165278