-1 0.257422 0.954167 0.047656 0.211111
-1 0.200391 0.884722 0.046094 0.227778
-1 0.182031 0.384028 0.071875 0.162500
-1 0.339062 1.031250 0.028125 0.184722
-1 0.476172 0.602083 0.027344 0.154167
-1 0.404297 0.654861 0.046094 0.173611
-1 0.541406 0.487500 0.067187 0.161111
-1 0.707031 0.622222 0.037500 0.144444
-1 0.572656 0.595139 0.032813 0.104167
-1 0.799609 0.238889 0.035156 0.144444
-1 0.297266 0.240278 0.041406 0.161111
-1 0.198828 0.242361 0.042969 0.126389
-1 0.721875 0.482639 0.042188 0.245833
-1 0.732031 0.408333 0.029687 0.150000
-1 0.632812 0.245833 0.057813 0.183333
-1 0.709375 0.202083 0.040625 0.179167
-1 0.483203 0.978472 0.025781 0.140278
-1 0.655469 0.566667 0.026562 0.119444
-1 0.600000 0.522222 0.032813 0.113889
-1 0.608203 0.605556 0.032031 0.083333
-1 0.716406 0.780556 0.029687 0.141667
-1 0.581641 0.104167 0.036719 0.150000
-1 0.597656 0.207639 0.046875 0.165278
4 0.454688 0.782639 0.151562 0.259722
-1 0.669922 0.861806 0.028906 0.176389
-1 0.865625 0.661111 0.031250 0.216667
-1 0.768359 0.899306 0.036719 0.198611
-1 0.801562 0.900000 0.029687 0.180556
-1 0.779687 0.660417 0.039062 0.162500
-1 0.912500 0.854861 0.032813 0.165278
-1 0.956250 0.835417 0.035937 0.093056