-1 0.669531 0.614583 0.032813 0.118056
-1 0.621094 0.681944 0.028125 0.161111
-1 0.651172 0.697222 0.036719 0.161111
-1 0.532422 0.618056 0.047656 0.188889
-1 0.457031 0.668750 0.045312 0.179167
-1 0.409766 0.648611 0.044531 0.183333
-1 0.809766 0.460417 0.041406 0.184722
-1 0.872266 0.435417 0.041406 0.101389
-1 0.914062 0.395139 0.028125 0.106944
-1 0.902344 0.142361 0.039062 0.151389
-1 0.876172 0.218056 0.060156 0.075000
-1 0.835938 0.193750 0.025000 0.115278
-1 0.789062 0.188889 0.034375 0.119444
-1 0.668359 0.354167 0.050781 0.163889
-1 0.740234 0.307639 0.036719 0.093056
-1 0.726172 0.422222 0.041406 0.169444
-1 0.055859 0.619444 0.044531 0.180556
-1 0.017969 0.624306 0.037500 0.201389
-1 0.597656 0.166667 0.026562 0.183333
-1 0.631250 0.188194 0.035937 0.143056
-1 0.462500 0.204167 0.040625 0.111111
4 0.737500 0.887500 0.345313 0.225000
4 0.294141 0.381250 0.272656 0.229167
-1 0.406641 0.452083 0.044531 0.148611
-1 0.512891 0.473611 0.049219 0.125000
-1 0.556250 0.481944 0.029687 0.125000
-1 0.614453 0.325000 0.044531 0.169444
-1 0.569141 0.336806 0.053906 0.143056
-1 0.532422 0.279167 0.047656 0.163889
-1 0.558984 0.175694 0.041406 0.154167