0 0.078516 0.372222 0.119531 0.094444
5 0.128906 0.193056 0.087500 0.108333
0 0.365625 0.152083 0.117188 0.065278
0 0.296094 0.236806 0.110937 0.070833
0 0.240234 0.494444 0.163281 0.119444
0 0.425781 0.364583 0.095312 0.065278
0 0.369531 0.302083 0.100000 0.062500
5 0.218750 0.355556 0.131250 0.125000
3 0.092188 0.770833 0.132812 0.150000
0 0.632812 0.334722 0.120313 0.091667
0 0.738281 0.592361 0.139063 0.134722
0 0.365625 0.614583 0.192188 0.168056
3 0.569922 0.522222 0.080469 0.072222
3 0.280469 0.925000 0.275000 0.147222