-1 0.600781 0.745139 0.034375 0.123611
-1 0.541406 0.784722 0.026562 0.152778
-1 0.570703 0.804167 0.038281 0.169444
-1 0.472656 0.703472 0.050000 0.198611
-1 0.372266 0.749306 0.042969 0.170833
-1 0.327734 0.715278 0.044531 0.183333
-1 0.773438 0.586111 0.043750 0.194444
-1 0.846094 0.561806 0.043750 0.106944
-1 0.894531 0.523611 0.035937 0.136111
-1 0.905078 0.276389 0.042969 0.166667
-1 0.877734 0.351389 0.060156 0.075000
-1 0.829297 0.325000 0.027344 0.127778
-1 0.776172 0.310417 0.038281 0.131944
-1 0.641797 0.458333 0.050781 0.163889
-1 0.716406 0.420833 0.042188 0.108333
-1 0.693359 0.534722 0.041406 0.169444
-1 0.592969 0.254861 0.028125 0.193056
-1 0.626172 0.255556 0.039844 0.158333
-1 0.451562 0.265972 0.050000 0.134722
4 0.617578 1.046528 0.380469 0.248611
4 0.254297 0.431250 0.272656 0.229167
-1 0.358984 0.518750 0.044531 0.148611
-1 0.459766 0.556944 0.049219 0.125000
-1 0.512500 0.573611 0.031250 0.130556
-1 0.588281 0.418056 0.046875 0.177778
-1 0.534375 0.405556 0.051562 0.136111
-1 0.509375 0.352778 0.045312 0.155556
-1 0.551562 0.249306 0.050000 0.187500
-1 0.554297 0.673611 0.038281 0.047222