4 0.588672 0.946528 0.149219 0.170833
4 0.815234 0.656250 0.080469 0.204167
4 0.911719 0.849306 0.164062 0.143056
4 0.725000 0.686806 0.071875 0.168056
4 0.901172 0.673611 0.066406 0.138889
-1 0.686328 0.190278 0.019531 0.091667
-1 0.660937 0.201389 0.021875 0.088889
-1 0.546484 0.329861 0.019531 0.090278
-1 0.741016 0.436806 0.030469 0.093056
-1 0.948047 0.331250 0.021094 0.081944
-1 0.856250 0.381250 0.026562 0.081944
-1 0.388672 0.289583 0.024219 0.079167
-1 0.358984 0.247222 0.027344 0.094444
-1 0.308984 0.234722 0.022656 0.069444
-1 0.594141 0.412500 0.017969 0.097222
-1 0.806641 0.395833 0.024219 0.077778
-1 0.692187 0.416667 0.026562 0.091667
-1 0.665234 0.420833 0.021094 0.088889
-1 0.735547 0.320139 0.025781 0.068056
-1 0.587891 0.316667 0.028906 0.050000