1 0.031641 0.615278 0.063281 0.097222
1 -0.005078 0.488194 0.100781 0.095833
1 0.173437 0.638889 0.084375 0.097222
-1 0.161719 0.636111 0.059375 0.061111
-1 0.101172 0.654861 0.032031 0.090278
2 0.151172 0.761111 0.085156 0.111111
0 0.235156 0.832639 0.087500 0.148611
1 0.272656 0.327778 0.053125 0.077778
0 0.160938 0.320833 0.084375 0.063889
0 0.365625 0.613194 0.125000 0.112500
0 0.426172 0.822917 0.141406 0.120833
1 0.644531 0.755556 0.096875 0.138889
-1 0.648047 0.756250 0.069531 0.098611
0 0.553906 0.713889 0.101562 0.113889
1 0.668750 0.407639 0.073438 0.079167
0 0.326562 0.207639 0.062500 0.070833
0 0.532031 0.204861 0.103125 0.062500
0 0.669531 0.554861 0.104688 0.084722
5 0.536719 0.378472 0.056250 0.093056
0 0.777344 0.377778 0.051562 0.072222
0 0.938672 0.651389 0.066406 0.116667