4 0.608984 0.920139 0.135156 0.154167
4 0.805859 0.654861 0.069531 0.176389
4 0.896484 0.828472 0.141406 0.123611
4 0.726172 0.684028 0.061719 0.145833
4 0.883984 0.668750 0.063281 0.131944
-1 0.682813 0.236806 0.018750 0.087500
-1 0.656250 0.252083 0.020313 0.084722
-1 0.555859 0.365972 0.017969 0.081944
-1 0.733203 0.459028 0.027344 0.084722
-1 0.920312 0.361111 0.020313 0.077778
-1 0.839063 0.406250 0.026562 0.081944
-1 0.410156 0.330556 0.021875 0.072222
-1 0.383984 0.292361 0.025781 0.090278
-1 0.336719 0.276389 0.021875 0.066667
-1 0.600781 0.440972 0.017188 0.093056
-1 0.792969 0.421528 0.021875 0.070833
-1 0.691406 0.438194 0.025000 0.087500
-1 0.662500 0.445139 0.020313 0.084722
-1 0.727734 0.350694 0.024219 0.065278
-1 0.591797 0.348611 0.028906 0.050000
-1 0.912500 0.115972 0.021875 0.068056