4 0.673047 0.748611 0.060156 0.075000
4 0.130078 0.727778 0.089844 0.094444
4 0.266797 0.659028 0.052344 0.079167
4 0.323047 0.689583 0.072656 0.068056
4 0.626563 0.531944 0.053125 0.061111
4 0.689453 0.407639 0.044531 0.093056
1 0.235547 0.469444 0.178906 0.236111
4 0.778516 0.668056 0.067969 0.052778
4 0.757422 0.577778 0.058594 0.050000
4 0.737109 0.475694 0.064844 0.056944
4 0.978125 0.452778 0.040625 0.069444
4 0.793359 0.358333 0.055469 0.080556
4 0.897656 0.419444 0.057813 0.072222
1 0.919922 0.611111 0.158594 0.155556
0 0.055859 0.508333 0.166406 0.202778