0 0.012891 0.466667 0.069531 0.097222
0 0.079297 0.386806 0.074219 0.065278
0 0.259375 0.587500 0.070312 0.108333
1 0.292969 0.630556 0.079687 0.116667
1 0.119922 0.520833 0.061719 0.094444
1 -0.008984 0.782639 0.061719 0.151389
0 0.408594 1.051389 0.101562 0.227778
4 0.241406 0.922917 0.026562 0.045833
1 0.380859 0.302778 0.074219 0.083333
3 0.362109 0.487500 0.080469 0.161111
1 0.524609 0.347917 0.055469 0.095833
0 0.689844 0.494444 0.098437 0.108333
0 0.092969 0.778472 0.090625 0.143056
0 0.401953 0.727778 0.074219 0.136111
0 0.740234 0.348611 0.066406 0.111111
0 0.287109 0.254167 0.060156 0.100000
0 0.595313 0.950000 0.092188 0.183333
0 0.530078 0.806944 0.074219 0.125000
3 0.819141 0.475694 0.072656 0.137500
1 0.472656 0.333333 0.056250 0.086111
1 0.631641 0.418056 0.047656 0.069444
3 0.908594 0.586111 0.081250 0.080556