1 0.131641 0.955556 0.116406 0.177778
-1 0.130469 0.959722 0.096875 0.141667
1 0.383594 0.831250 0.206250 0.281944
-1 0.379297 0.740972 0.088281 0.101389
-1 0.424609 0.823611 0.057031 0.172222
4 0.516406 0.880556 0.051562 0.116667
4 0.549609 0.759028 0.047656 0.123611
4 0.562891 0.693056 0.038281 0.094444
1 0.161328 0.848611 0.125781 0.186111
-1 0.193750 0.804861 0.068750 0.104167
4 0.630859 0.840972 0.072656 0.076389
4 0.200000 0.596528 0.048438 0.104167
0 0.646484 0.670139 0.167969 0.248611
0 0.291797 0.587500 0.114844 0.263889
0 0.825000 0.534028 0.190625 0.270833
4 0.333594 0.352083 0.056250 0.079167