-1 0.243750 0.983333 0.045312 0.158333
-1 0.111328 0.968750 0.039844 0.129167
-1 0.653125 0.927778 0.043750 0.191667
-1 0.596094 0.893750 0.042188 0.206944
-1 0.256641 0.609722 0.050781 0.169444
-1 0.375391 0.479167 0.064844 0.147222
-1 0.111719 0.465972 0.034375 0.120833
-1 0.756641 0.986806 0.025781 0.168056
-1 0.699219 0.603472 0.028125 0.162500
-1 0.651172 0.686806 0.046094 0.173611
-1 0.742578 0.550000 0.047656 0.219444
-1 0.850000 0.768750 0.040625 0.140278
-1 0.883984 0.554167 0.032031 0.125000
-1 0.776563 0.561806 0.032813 0.104167
-1 0.823047 0.215278 0.035156 0.144444
-1 0.432031 0.317361 0.039062 0.154167
-1 0.356641 0.336806 0.042969 0.126389
-1 0.834766 0.381250 0.036719 0.212500
-1 0.832812 0.373611 0.029687 0.150000
-1 0.915234 0.437500 0.042969 0.113889
-1 0.720703 0.236111 0.057031 0.183333
-1 0.733594 0.207639 0.039062 0.170833
-1 0.830469 0.967361 0.031250 0.170833
-1 0.846875 0.562500 0.028125 0.125000
-1 0.775781 0.480556 0.032813 0.113889
-1 0.804297 0.568750 0.036719 0.095833
-1 0.938281 0.772222 0.028125 0.100000
-1 0.617578 0.154861 0.035156 0.143056
-1 0.653516 0.234722 0.038281 0.136111
4 0.152734 0.323611 0.203906 0.158333
4 0.257812 0.286806 0.185938 0.195833
4 0.029687 0.405556 0.139063 0.191667
4 0.753516 0.723611 0.144531 0.247222
-1 0.907031 0.675000 0.035937 0.125000