0 0.010937 0.556250 0.093750 0.118056
0 0.155859 0.720833 0.103906 0.122222
1 0.026562 0.833333 0.106250 0.169444
-1 0.023047 0.800000 0.047656 0.130556
1 0.262109 0.584722 0.086719 0.111111
-1 0.265234 0.538889 0.041406 0.077778
0 0.227344 0.431250 0.068750 0.168056
0 0.371484 0.735417 0.114844 0.109722
0 0.305469 0.860417 0.126562 0.156944
3 0.033984 0.390278 0.058594 0.261111
3 0.173047 0.298611 0.096094 0.166667
5 0.507812 0.655556 0.110937 0.141667
5 0.600391 0.764583 0.071094 0.143056
0 0.539453 0.472222 0.121094 0.172222
0 0.388672 0.393750 0.069531 0.098611
4 0.623047 0.488889 0.028906 0.047222
4 0.815625 0.515972 0.026562 0.043056
4 0.776172 0.502778 0.027344 0.050000
0 0.274219 0.248611 0.089063 0.122222
1 0.672266 0.245833 0.077344 0.111111