1 0.346094 0.446528 0.106250 0.118056
-1 0.342578 0.434722 0.086719 0.086111
-1 0.371875 0.665278 0.137500 0.158333
0 0.153516 0.484722 0.102344 0.147222
4 0.096875 0.523611 0.026562 0.072222
0 0.541797 0.291667 0.092969 0.105556
1 0.327734 0.310417 0.096094 0.090278
2 0.261328 0.394444 0.064844 0.172222
4 0.473828 0.287500 0.036719 0.055556
0 0.133984 0.769444 0.155469 0.316667
4 0.110156 0.972222 0.040625 0.050000
1 0.823828 0.720139 0.130469 0.218056
5 0.710156 0.445139 0.123438 0.176389
0 0.518750 0.183333 0.081250 0.086111