0 0.250781 0.918750 0.095312 0.162500
0 0.126172 0.866667 0.110156 0.216667
0 0.523828 0.578472 0.091406 0.109722
1 0.334766 0.612500 0.089844 0.138889
-1 0.332813 0.599306 0.040625 0.079167
0 0.216406 0.611806 0.076563 0.123611
0 0.241016 0.397222 0.072656 0.080556
0 0.384766 0.162500 0.057031 0.080556
0 0.388281 0.127083 0.064062 0.056944
0 0.436328 0.367361 0.071094 0.123611
1 0.657422 0.830556 0.096094 0.213889
3 0.575000 1.025694 0.081250 0.212500
3 0.195703 0.738889 0.205469 0.094444
3 0.305469 0.188889 0.039062 0.127778
0 0.463281 0.548611 0.065625 0.091667
0 0.332813 0.286806 0.040625 0.076389
0 0.769531 0.834028 0.067187 0.106944
5 0.774219 0.593056 0.109375 0.155556
0 0.614062 0.156944 0.050000 0.077778
1 0.655469 0.177083 0.059375 0.087500
1 0.502734 0.165278 0.050781 0.077778
1 0.518359 0.352778 0.050781 0.125000
0 0.848437 0.347222 0.059375 0.133333