0 0.039062 0.464583 0.109375 0.104167
5 0.185156 0.493056 0.128125 0.163889
5 0.192969 0.599306 0.056250 0.112500
0 0.275391 0.355556 0.121094 0.172222
0 0.171875 0.203472 0.062500 0.090278
4 0.340234 0.419444 0.028906 0.047222
4 0.513281 0.560417 0.028125 0.045833
4 0.469141 0.523611 0.030469 0.055556
0 0.154297 0.117361 0.060156 0.081944
1 0.475781 0.245139 0.070312 0.101389
4 0.439063 0.665278 0.035937 0.052778
4 0.679688 0.771528 0.034375 0.048611
2 0.673438 0.356250 0.073438 0.109722
0 0.789453 0.285417 0.077344 0.104167
4 0.722656 0.877778 0.034375 0.047222
1 0.557813 0.091667 0.059375 0.075000
-1 0.559766 0.101389 0.025781 0.052778