0 -0.008594 0.213889 0.142187 0.125000
0 -0.024609 0.901389 0.214844 0.200000
1 0.302344 0.520139 0.150000 0.262500
-1 0.285547 0.463889 0.082031 0.155556
1 0.596484 0.375694 0.085156 0.123611
-1 0.607812 0.403472 0.050000 0.076389
-1 0.570703 0.157639 0.088281 0.112500
1 0.482031 0.253472 0.062500 0.068056
1 0.478125 0.398611 0.062500 0.091667
-1 0.479687 0.403472 0.040625 0.065278
0 0.314844 0.251389 0.050000 0.094444
1 0.766016 0.297222 0.063281 0.075000
1 0.633203 0.477778 0.092969 0.116667
1 0.206641 0.443056 0.060156 0.077778
-1 0.221094 0.445139 0.037500 0.056944