1 0.127734 0.938889 0.124219 0.208333
5 0.061328 0.732639 0.111719 0.159722
1 0.347266 0.589583 0.060156 0.093056
1 0.258203 0.621528 0.071094 0.131944
1 0.298828 0.479167 0.096094 0.091667
1 0.373828 0.884722 0.096094 0.172222
1 0.491016 0.617361 0.080469 0.093056
-1 0.484375 0.615278 0.056250 0.058333
-1 0.430078 0.632639 0.028906 0.081944
2 0.480078 0.727778 0.085156 0.111111
0 0.580469 0.809722 0.092188 0.155556
1 0.526953 0.315278 0.058594 0.086111
0 0.421484 0.306944 0.080469 0.061111
0 0.657031 0.592361 0.125000 0.112500
0 0.744531 0.796528 0.128125 0.109722