1 0.086328 0.670139 0.146094 0.115278
-1 0.055859 0.648611 0.074219 0.069444
1 0.507422 0.502778 0.167969 0.127778
0 0.356250 0.664583 0.132812 0.098611
0 0.315625 0.451389 0.118750 0.105556
4 0.296875 0.266667 0.026562 0.038889
4 0.245703 0.236806 0.036719 0.048611
4 0.477344 0.195139 0.026562 0.045833
4 0.492188 0.215972 0.031250 0.043056
4 0.406250 0.226389 0.026562 0.033333
0 0.586719 0.306250 0.110937 0.081944
5 0.512891 0.380556 0.130469 0.119444
5 0.632812 0.683333 0.096875 0.188889
0 0.705859 0.215972 0.094531 0.065278
0 0.191016 0.155556 0.100781 0.061111
4 0.392969 0.306944 0.032813 0.041667
0 0.916406 0.616667 0.101562 0.077778
0 0.844141 0.707639 0.114844 0.151389