1 0.307422 0.668750 0.100781 0.090278
0 0.416406 0.632639 0.090625 0.081944
1 0.385547 0.562500 0.069531 0.069444
3 0.299219 0.815972 0.082812 0.115278
3 0.225391 0.692361 0.080469 0.240278
1 0.244531 0.379167 0.073438 0.066667
1 0.261328 0.504861 0.089844 0.079167
1 0.218750 0.286806 0.078125 0.073611
0 0.561328 0.359722 0.067969 0.055556
0 0.651172 0.270833 0.066406 0.058333
1 0.819922 0.470833 0.064844 0.055556
0 0.876563 0.618750 0.064062 0.065278
4 0.800000 0.572222 0.035937 0.027778
4 0.659375 0.567361 0.017188 0.040278
4 0.633203 0.395833 0.019531 0.030556
1 0.440234 0.197917 0.075781 0.048611