0 0.303125 0.538194 0.114062 0.143056
0 0.087500 0.441667 0.109375 0.122222
0 0.060547 0.576389 0.122656 0.133333
0 0.248047 0.647917 0.127344 0.137500
0 0.525000 0.537500 0.109375 0.127778
1 0.470703 0.741667 0.111719 0.177778
-1 0.444141 0.743056 0.047656 0.130556
1 0.552734 0.334722 0.086719 0.111111
-1 0.528125 0.286111 0.032813 0.061111
0 0.438281 0.218750 0.068750 0.168056
0 0.585938 0.052778 0.075000 0.105556
0 0.710156 0.368750 0.120313 0.115278
0 0.704297 0.520139 0.114844 0.143056
0 0.703516 0.671528 0.114844 0.184722
3 0.213281 0.286806 0.067187 0.301389
3 0.339453 0.192361 0.086719 0.193056
3 0.173437 0.570833 0.057813 0.247222
0 0.676953 0.829167 0.099219 0.169444
0 0.916797 0.606250 0.122656 0.168056
0 0.920312 0.752778 0.087500 0.138889