0 0.250781 0.514583 0.114062 0.143056
0 0.051172 0.397222 0.103906 0.116667
0 0.005469 0.527083 0.110937 0.120833
0 0.189453 0.619444 0.133594 0.144444
0 0.473438 0.543056 0.109375 0.127778
1 0.405859 0.737500 0.111719 0.177778
-1 0.380078 0.734722 0.047656 0.130556
1 0.512891 0.343056 0.086719 0.111111
-1 0.489844 0.294444 0.032813 0.061111
0 0.405469 0.217361 0.071875 0.176389
0 0.562891 0.058333 0.078906 0.111111
0 0.666016 0.395139 0.114844 0.109722
0 0.655859 0.549306 0.114844 0.143056
0 0.646484 0.702083 0.114844 0.184722
3 0.178906 0.257639 0.060937 0.273611
3 0.310547 0.188194 0.086719 0.193056
3 0.115625 0.521528 0.060937 0.259722
0 0.610547 0.858333 0.099219 0.169444
0 0.868359 0.663194 0.122656 0.168056
0 0.866406 0.814583 0.092188 0.145833