0 0.210156 0.528472 0.084375 0.095833
4 0.150391 0.531250 0.028906 0.043056
1 0.427734 0.879167 0.124219 0.208333
5 0.337891 0.647917 0.111719 0.159722
0 0.180859 0.436806 0.085156 0.090278
1 0.608984 0.511111 0.063281 0.097222
1 0.524609 0.550694 0.071094 0.131944
1 0.547266 0.397917 0.091406 0.087500
1 0.662891 0.834722 0.096094 0.172222
1 0.756641 0.564583 0.080469 0.093056
-1 0.753125 0.559722 0.059375 0.061111
-1 0.697266 0.574306 0.032031 0.090278
2 0.751953 0.676389 0.085156 0.111111
0 0.875000 0.780556 0.096875 0.163889
1 0.761328 0.236111 0.058594 0.086111
0 0.651172 0.222222 0.080469 0.061111