1 0.199219 0.595833 0.157812 0.275000
-1 0.189062 0.538194 0.078125 0.148611
1 0.518359 0.443750 0.085156 0.123611
-1 0.528125 0.472917 0.054688 0.084722
-1 0.507812 0.222917 0.084375 0.106944
1 0.411719 0.318750 0.062500 0.068056
1 0.394922 0.468750 0.069531 0.101389
-1 0.398438 0.478472 0.040625 0.065278
0 0.237109 0.324306 0.052344 0.098611
1 0.700391 0.359722 0.066406 0.077778
1 0.548047 0.550000 0.102344 0.127778
1 0.106641 0.515972 0.063281 0.081944
-1 0.121484 0.520139 0.041406 0.062500
2 0.616406 0.541667 0.060937 0.094444