0 0.094141 0.565278 0.108594 0.136111
0 0.008984 0.632639 0.127344 0.137500
0 0.294922 0.683333 0.103906 0.122222
1 0.186328 0.838889 0.111719 0.177778
-1 0.160156 0.816667 0.045312 0.125000
1 0.375391 0.509722 0.086719 0.111111
-1 0.363672 0.458333 0.039844 0.075000
0 0.303906 0.357639 0.071875 0.176389
0 0.512891 0.624306 0.114844 0.109722
0 0.472656 0.768750 0.126562 0.156944
0 0.434375 0.895139 0.126562 0.204167
3 0.090234 0.364583 0.055469 0.248611
3 0.223047 0.281944 0.091406 0.158333
3 0.072656 0.384722 0.064062 0.272222
0 0.675391 0.979861 0.149219 0.204167
5 0.636719 0.512500 0.110937 0.141667
5 0.741797 0.589583 0.064844 0.129167
4 0.789062 0.926389 0.021875 0.075000
4 0.866016 0.942361 0.035156 0.051389
0 0.625781 0.315278 0.115625 0.163889