1 0.235937 0.493056 0.093750 0.136111
-1 0.232813 0.524306 0.060937 0.093056
-1 0.280859 0.254861 0.092969 0.118056
1 0.147266 0.360417 0.066406 0.070833
1 0.095703 0.517361 0.072656 0.106944
-1 0.091797 0.530556 0.049219 0.080556
1 0.445312 0.398611 0.073438 0.086111
1 0.231250 0.611806 0.107813 0.134722
2 0.310156 0.609028 0.070312 0.109722
2 0.578906 0.490278 0.051562 0.083333
2 0.688672 0.788194 0.080469 0.151389
0 0.663281 0.523611 0.131250 0.136111
0 0.748828 0.392361 0.077344 0.095833
2 0.835156 0.465972 0.067187 0.084722
0 0.729297 0.692361 0.102344 0.123611
4 0.812109 0.550694 0.028906 0.054167
4 0.516406 0.638194 0.040625 0.051389