0 0.039453 0.490278 0.069531 0.097222
0 0.104297 0.409028 0.074219 0.065278
0 0.285938 0.590972 0.067187 0.104167
1 0.319531 0.647222 0.079687 0.116667
1 0.148047 0.537500 0.061719 0.094444
1 0.032422 0.813194 0.064844 0.159722
0 0.450781 1.027083 0.092188 0.206944
4 0.283594 0.924306 0.026562 0.045833
1 0.400781 0.310417 0.070312 0.079167
3 0.387109 0.488889 0.080469 0.161111
1 0.543359 0.346528 0.055469 0.095833
0 0.710938 0.481944 0.093750 0.102778
0 0.133203 0.788889 0.086719 0.136111
0 0.435547 0.726389 0.074219 0.136111
0 0.757422 0.332639 0.063281 0.106944
0 0.303516 0.269444 0.060156 0.100000
0 0.636719 0.906944 0.092188 0.183333
0 0.566406 0.797222 0.070312 0.119444
3 0.828516 0.454861 0.072656 0.137500
1 0.486719 0.329167 0.056250 0.086111