1 0.281641 0.756944 0.116406 0.177778
-1 0.278906 0.758333 0.096875 0.141667
2 0.209766 0.942361 0.074219 0.201389
2 0.281250 0.982639 0.109375 0.170833
2 0.471484 1.050694 0.116406 0.334722
1 0.536719 0.650694 0.206250 0.281944
-1 0.531250 0.561806 0.092188 0.106944
-1 0.580469 0.643056 0.059375 0.180556
4 0.669922 0.712500 0.053906 0.122222
4 0.698438 0.590972 0.050000 0.129167
4 0.711719 0.526389 0.040625 0.100000
1 0.309375 0.652083 0.132812 0.195833
-1 0.342187 0.614583 0.068750 0.104167
0 0.692578 1.047222 0.150781 0.269444
4 0.783203 0.670833 0.075781 0.080556
4 0.339062 0.404861 0.048438 0.104167
0 0.796094 0.511111 0.176563 0.261111
0 0.433594 0.396528 0.109375 0.251389