-1 0.534766 0.686111 0.036719 0.130556
-1 0.451562 0.705556 0.034375 0.111111
-1 0.588281 0.918750 0.034375 0.159722
-1 0.759375 0.594444 0.029687 0.130556
-1 0.726172 0.587500 0.027344 0.133333
-1 0.741797 0.792361 0.035156 0.140278
-1 0.710156 0.923611 0.035937 0.130556
-1 0.406250 0.449306 0.031250 0.104167
-1 0.291797 0.572222 0.036719 0.116667
-1 0.284375 0.629167 0.034375 0.147222
-1 0.629297 0.909722 0.033594 0.177778
-1 0.463281 0.343056 0.043750 0.100000
-1 0.316797 0.381250 0.025781 0.090278
-1 0.244922 0.556250 0.030469 0.126389
-1 0.833594 0.631250 0.025000 0.159722
-1 0.687891 0.920139 0.027344 0.137500
-1 0.865234 0.306250 0.024219 0.112500
-1 0.699219 0.381944 0.023438 0.133333
-1 0.714844 0.472917 0.031250 0.118056
-1 0.682031 0.326389 0.026562 0.122222
-1 0.822266 0.459028 0.033594 0.115278
-1 0.795703 0.315278 0.022656 0.088889
-1 0.735156 0.347917 0.023438 0.073611
-1 0.838672 0.936806 0.024219 0.123611
-1 0.785547 0.890278 0.021094 0.141667
-1 0.830469 0.700694 0.029687 0.095833
-1 0.870313 0.756944 0.032813 0.075000
-1 0.661719 0.104167 0.025000 0.102778
-1 0.457031 0.228472 0.026562 0.104167
-1 0.418359 0.249306 0.030469 0.090278
-1 0.951172 0.393750 0.024219 0.140278