0 0.378516 0.845139 0.100781 0.120833
1 0.188281 0.823611 0.098437 0.152778
-1 0.209375 0.797917 0.040625 0.079167
0 0.082031 0.777083 0.076563 0.123611
0 0.155078 0.561111 0.072656 0.080556
0 0.348047 0.339583 0.060156 0.084722
0 0.372656 0.270139 0.067187 0.059722
0 0.347266 0.579861 0.071094 0.123611
3 0.274219 0.350000 0.050000 0.163889
0 0.333984 0.779861 0.075781 0.106944
0 0.262891 0.462500 0.036719 0.069444
5 0.685547 0.933333 0.146094 0.208333
0 0.587891 0.372222 0.052344 0.080556
1 0.635156 0.402083 0.065625 0.095833
1 0.465625 0.352778 0.056250 0.086111
1 0.442578 0.569444 0.058594 0.144444
0 0.828125 0.636806 0.068750 0.154167
4 0.671094 0.607639 0.023438 0.040278
4 0.472266 0.897222 0.027344 0.063889
4 0.526172 0.976389 0.035156 0.041667
1 0.257812 0.922222 0.125000 0.152778
-1 0.207813 0.907639 0.048438 0.095833
2 0.612500 0.752083 0.081250 0.140278
1 0.605469 0.146528 0.067187 0.076389
3 0.628125 0.245139 0.051562 0.104167
1 0.129688 0.436806 0.068750 0.068056
1 0.738281 0.154861 0.050000 0.087500
0 0.902734 0.222917 0.077344 0.084722