4 0.837500 0.734028 0.103125 0.259722
4 0.719531 0.768750 0.087500 0.204167
4 0.942578 0.757639 0.085156 0.176389
-1 0.700000 0.130556 0.025000 0.116667
-1 0.678516 0.152778 0.027344 0.113889
-1 0.521484 0.306250 0.022656 0.104167
-1 0.758984 0.450000 0.036719 0.113889
-1 0.906641 0.397917 0.028906 0.090278
-1 0.316406 0.237500 0.028125 0.091667
-1 0.293750 0.192361 0.034375 0.120833
-1 0.229687 0.181250 0.028125 0.084722
-1 0.577734 0.425000 0.022656 0.125000
-1 0.850000 0.402083 0.028125 0.090278
-1 0.701953 0.426389 0.033594 0.116667
-1 0.666797 0.429167 0.027344 0.113889
-1 0.760938 0.308333 0.031250 0.083333
-1 0.573047 0.300000 0.036719 0.063889
-1 0.820312 0.384028 0.031250 0.095833
-1 0.924219 0.613194 0.028125 0.087500
4 0.899609 0.521528 0.233594 0.154167
-1 0.391797 0.300000 0.030469 0.077778
-1 0.416016 0.343056 0.032031 0.080556
-1 0.478906 0.319444 0.039062 0.086111
-1 0.647656 0.399306 0.020313 0.109722
-1 0.364844 0.687500 0.029687 0.125000
-1 0.769922 0.688889 0.024219 0.111111