0 0.074219 0.572917 0.103125 0.129167
0 -0.010547 0.640972 0.127344 0.137500
0 0.268359 0.700000 0.103906 0.122222
1 0.154297 0.848611 0.111719 0.177778
-1 0.129297 0.830556 0.047656 0.130556
1 0.354297 0.536111 0.086719 0.111111
-1 0.344922 0.480556 0.039844 0.075000
0 0.287500 0.381250 0.071875 0.176389
0 0.489063 0.657639 0.120313 0.115278
0 0.442969 0.799306 0.126562 0.156944
0 0.422656 0.937500 0.132812 0.213889
3 0.076172 0.365278 0.058594 0.261111
3 0.211328 0.302778 0.091406 0.158333
0 0.645312 1.022222 0.156250 0.213889
5 0.615234 0.546528 0.116406 0.148611
5 0.717578 0.629861 0.064844 0.129167
4 0.764062 0.959722 0.021875 0.075000
4 0.838672 1.003472 0.036719 0.054167
0 0.611719 0.351389 0.115625 0.163889
0 0.451953 0.304861 0.072656 0.104167