-1 0.693359 0.495139 0.033594 0.118056
-1 0.628125 0.532639 0.029687 0.095833
-1 0.732812 0.787500 0.020313 0.077778
-1 0.737109 0.849306 0.022656 0.101389
-1 0.994922 0.952083 0.016406 0.112500
-1 0.343359 0.989583 0.017969 0.101389
-1 0.354687 0.861806 0.021875 0.079167
-1 0.825781 0.688194 0.029687 0.137500
-1 0.939844 0.780556 0.039062 0.066667
-1 0.951172 0.870139 0.024219 0.109722
-1 0.905469 0.908333 0.018750 0.100000
-1 0.929297 0.912500 0.016406 0.083333
-1 0.799609 0.847917 0.024219 0.109722
-1 0.780469 0.807639 0.021875 0.131944
-1 0.894531 0.356944 0.021875 0.102778
-1 0.845313 0.364583 0.026562 0.118056
-1 0.812891 0.361806 0.024219 0.120833
-1 0.986328 0.635417 0.024219 0.120833
-1 0.951953 0.463889 0.022656 0.116667
-1 0.899219 0.526389 0.023438 0.094444
-1 0.947266 0.602083 0.024219 0.093056
-1 0.924219 0.659722 0.029687 0.108333
-1 0.881250 0.802083 0.029687 0.056944
-1 0.842578 0.844444 0.024219 0.097222
-1 0.482812 0.289583 0.031250 0.104167
-1 0.429297 0.416667 0.035156 0.111111
-1 0.453906 0.488194 0.029687 0.126389
-1 0.853906 0.674306 0.028125 0.145833
-1 0.983984 0.481250 0.032031 0.059722
-1 0.967187 0.504167 0.020313 0.063889
-1 0.494141 0.172917 0.039844 0.090278
-1 0.397266 0.256944 0.021094 0.075000
-1 0.396094 0.435417 0.028125 0.115278