1 0.118359 0.467361 0.078906 0.101389
-1 0.128516 0.427778 0.041406 0.077778
0 0.120313 0.319444 0.062500 0.152778
0 0.194531 0.627083 0.120313 0.115278
0 0.108594 0.727083 0.126562 0.156944
5 0.362891 0.617361 0.116406 0.148611
5 0.395313 0.717361 0.056250 0.112500
0 0.401953 0.430556 0.121094 0.172222
0 0.267969 0.316667 0.065625 0.094444
4 0.483203 0.468056 0.028906 0.047222
4 0.671094 0.543750 0.028125 0.045833
4 0.628516 0.519444 0.027344 0.050000
0 0.188281 0.165278 0.089063 0.122222
1 0.568750 0.245833 0.073438 0.105556
4 0.628906 0.670833 0.034375 0.050000
4 0.860938 0.688194 0.032813 0.062500
2 0.762891 0.280556 0.066406 0.100000