-1 0.473438 0.765972 0.040625 0.143056
-1 0.376563 0.787500 0.037500 0.122222
-1 0.573438 1.013194 0.032813 0.151389
-1 0.739844 0.660417 0.032813 0.143056
-1 0.700781 0.650694 0.031250 0.154167
-1 0.700391 0.889583 0.042969 0.170833
-1 0.719141 0.956944 0.039844 0.144444
-1 0.348438 0.493750 0.034375 0.115278
-1 0.205078 0.638194 0.047656 0.148611
-1 0.191406 0.696528 0.037500 0.162500
-1 0.576172 1.013889 0.032031 0.169444
-1 0.419922 0.371528 0.050781 0.115278
-1 0.244141 0.416667 0.028906 0.100000
-1 0.152734 0.617361 0.033594 0.140278
-1 0.821484 0.696528 0.022656 0.145833
-1 0.661328 1.000000 0.028906 0.144444
-1 0.880859 0.328472 0.027344 0.123611
-1 0.685547 0.413889 0.025781 0.147222
-1 0.692969 0.517361 0.032813 0.123611
-1 0.669141 0.359722 0.030469 0.141667
-1 0.825391 0.507639 0.036719 0.126389
-1 0.798438 0.343056 0.026562 0.102778
-1 0.738672 0.376389 0.024219 0.077778
-1 0.868750 0.929167 0.026562 0.136111
-1 0.809766 0.970833 0.021094 0.141667
-1 0.812891 0.788889 0.025781 0.083333
-1 0.853125 0.840972 0.034375 0.079167
-1 0.662891 0.106944 0.027344 0.113889
-1 0.417187 0.242361 0.028125 0.109722
-1 0.371484 0.272222 0.033594 0.100000
-1 0.971094 0.432639 0.026562 0.154167
-1 0.712109 0.202778 0.022656 0.130556
-1 0.726953 0.235417 0.024219 0.123611
-1 0.794141 0.254167 0.033594 0.088889
-1 0.895312 0.180556 0.032813 0.105556
-1 0.587891 0.154861 0.036719 0.118056
-1 0.598437 0.115972 0.025000 0.109722