1 0.083594 0.609722 0.107813 0.130556
0 0.069141 0.342361 0.138281 0.084722
0 0.251953 0.596528 0.072656 0.101389
1 0.436328 0.732639 0.121094 0.159722
1 0.311328 0.749306 0.071094 0.093056
0 0.087891 0.768750 0.074219 0.070833
1 0.350781 0.398611 0.065625 0.077778
0 0.444141 0.577778 0.091406 0.100000
1 0.557422 0.568056 0.075781 0.077778
0 0.542188 0.453472 0.060937 0.056944
0 0.610547 0.398611 0.067969 0.061111
0 0.772656 0.588194 0.078125 0.090278
1 0.604688 0.288194 0.064062 0.059722
0 0.744922 0.809028 0.150781 0.181944
1 0.591797 0.753472 0.117969 0.093056
1 0.202734 0.513194 0.067969 0.056944
4 0.834375 0.402083 0.031250 0.037500
1 0.421875 0.418750 0.060937 0.076389
-1 0.426172 0.415278 0.049219 0.061111
1 0.653125 0.580556 0.079687 0.130556