1 0.272656 0.905556 0.123438 0.177778
-1 0.275000 0.909722 0.084375 0.119444
0 0.169141 0.859028 0.117969 0.131944
1 0.396484 0.476389 0.077344 0.083333
0 0.269141 0.236111 0.132031 0.080556
0 0.359766 0.655556 0.127344 0.102778
5 0.235156 0.444444 0.068750 0.113889
0 0.534375 0.444444 0.059375 0.083333
0 0.680469 0.771528 0.073438 0.129167
1 0.714063 0.536111 0.090625 0.119444
1 0.630859 0.560417 0.071094 0.093056
0 0.096094 0.454167 0.071875 0.077778
1 0.565625 0.820833 0.078125 0.108333
0 0.471875 0.591667 0.078125 0.075000
1 0.545703 0.276389 0.053906 0.063889
0 0.667969 0.418056 0.075000 0.083333