-1 0.391016 1.004167 0.047656 0.166667
-1 0.262109 0.993750 0.039844 0.129167
-1 0.774219 0.901389 0.043750 0.191667
-1 0.721875 0.895139 0.042188 0.206944
-1 0.367188 0.637500 0.043750 0.147222
-1 0.087500 0.766667 0.054688 0.172222
-1 0.048828 0.865278 0.046094 0.197222
-1 0.465234 0.500000 0.064844 0.147222
-1 0.214062 0.511806 0.034375 0.120833
-1 0.042578 0.734028 0.041406 0.170833
-1 0.873437 0.978472 0.025000 0.159722
-1 0.789453 0.600000 0.025781 0.147222
-1 0.751172 0.700694 0.046094 0.173611
-1 0.793359 0.549306 0.042969 0.198611
-1 0.946875 0.752778 0.039062 0.133333
-1 0.962891 0.543056 0.032031 0.125000
-1 0.860156 0.560417 0.031250 0.098611
-1 0.874609 0.217361 0.033594 0.137500
-1 0.505469 0.336111 0.037500 0.147222
-1 0.436328 0.359028 0.042969 0.126389
-1 0.898828 0.362500 0.027344 0.158333
-1 0.906250 0.374306 0.028125 0.143056
-1 0.980078 0.424306 0.036719 0.098611
-1 0.774219 0.241667 0.054688 0.175000
-1 0.787891 0.212500 0.033594 0.147222
-1 0.959375 0.945139 0.032813 0.179167
-1 0.944922 0.913889 0.030469 0.172222
-1 0.928906 0.552778 0.029687 0.130556
-1 0.853125 0.477778 0.031250 0.108333
-1 0.889453 0.558333 0.035156 0.091667
-1 0.986328 0.611111 0.025781 0.091667
-1 0.671484 0.165278 0.033594 0.136111
-1 0.710547 0.244444 0.038281 0.136111