0 0.177344 1.001389 0.085938 0.147222
0 0.057813 0.915972 0.115625 0.226389
0 0.483594 0.684028 0.095312 0.115278
1 0.288281 0.695139 0.093750 0.145833
-1 0.288281 0.675694 0.040625 0.079167
0 0.173437 0.672917 0.076563 0.123611
0 0.220703 0.458333 0.072656 0.080556
0 0.389453 0.231944 0.057031 0.080556
0 0.404687 0.165972 0.064062 0.056944
0 0.418359 0.445139 0.071094 0.123611
1 0.595703 0.977083 0.100781 0.223611
3 0.139844 0.800694 0.178125 0.081944
3 0.313672 0.237500 0.042969 0.141667
0 0.425000 0.642361 0.068750 0.095833
0 0.319922 0.354167 0.042969 0.080556
0 0.726953 1.018750 0.077344 0.123611
5 0.757812 0.743750 0.126562 0.179167
0 0.623437 0.250000 0.050000 0.077778
1 0.666406 0.270139 0.065625 0.095833
1 0.507812 0.243750 0.053125 0.081944
1 0.503125 0.443750 0.056250 0.137500
0 0.864062 0.476389 0.065625 0.147222
4 0.718750 0.460417 0.021875 0.037500
4 0.564063 0.740278 0.023438 0.055556
4 0.620703 0.795833 0.030469 0.036111
4 0.481250 0.924306 0.021875 0.056944
3 0.289844 0.972917 0.106250 0.159722
1 0.359766 0.781944 0.113281 0.138889
-1 0.319531 0.775694 0.048438 0.095833
2 0.676172 0.590278 0.077344 0.133333