0 0.217188 0.453472 0.065625 0.093056
0 0.260937 0.377083 0.070312 0.062500
0 0.169922 0.720139 0.071094 0.123611
3 0.159375 0.445833 0.054688 0.180556
0 0.123047 0.568056 0.035156 0.066667
0 0.463281 0.512500 0.060937 0.094444
1 0.504297 0.555556 0.075781 0.111111
1 0.334766 0.474306 0.058594 0.090278
1 0.272266 0.722917 0.061719 0.151389
0 0.682422 0.839583 0.075781 0.170833
4 0.517578 0.791667 0.025781 0.044444
2 0.418359 0.951389 0.085156 0.147222
1 0.523438 0.260417 0.070312 0.079167
3 0.528125 0.375694 0.065625 0.131944
1 0.662891 0.276389 0.052344 0.091667
0 0.831641 0.370139 0.085156 0.093056
0 0.358594 0.699306 0.078125 0.123611
0 0.623437 0.610417 0.067187 0.123611