1 0.056641 0.725694 0.113281 0.137500
0 0.045312 0.445833 0.145313 0.088889
0 0.219141 0.714583 0.072656 0.101389
1 0.402734 0.857639 0.121094 0.159722
1 0.271875 0.873611 0.075000 0.097222
0 0.044531 0.889583 0.070312 0.068056
1 0.328125 0.512500 0.065625 0.077778
0 0.415625 0.694444 0.095312 0.105556
1 0.532422 0.686111 0.075781 0.077778
0 0.518750 0.567361 0.064062 0.059722
0 0.590234 0.513889 0.067969 0.061111
0 0.751953 0.706944 0.082031 0.094444
1 0.589844 0.402083 0.060937 0.056944
0 0.715234 0.929167 0.158594 0.191667
1 0.562891 0.879861 0.117969 0.093056
1 0.175000 0.627083 0.075000 0.062500
4 0.820312 0.514583 0.032813 0.040278
1 0.400781 0.533333 0.064062 0.080556
-1 0.404687 0.529167 0.046875 0.058333
1 0.634375 0.697222 0.079687 0.130556