4 0.555469 0.565278 0.145313 0.366667
4 0.380859 0.595833 0.111719 0.261111
4 0.673047 0.629861 0.125781 0.259722
-1 0.752734 0.036111 0.033594 0.136111
-1 0.624219 0.197917 0.046875 0.145833
-1 0.770312 0.203472 0.050000 0.109722
-1 0.753125 0.187500 0.037500 0.122222
-1 0.558984 0.168056 0.042969 0.150000
-1 0.513672 0.166667 0.036719 0.152778
-1 0.653516 0.072917 0.033594 0.093056
-1 0.720313 0.161111 0.039062 0.122222
-1 0.716797 0.482639 0.041406 0.129167
4 0.720313 0.377083 0.257812 0.170833
-1 0.010156 0.366667 0.050000 0.213889
-1 0.495312 0.452778 0.034375 0.155556
-1 0.462109 0.466667 0.024219 0.172222
-1 0.462109 0.196528 0.035156 0.137500
-1 0.424219 0.170833 0.026562 0.158333
-1 0.694531 0.150694 0.031250 0.148611
-1 0.841797 0.195139 0.028906 0.143056
-1 0.676953 0.497222 0.038281 0.086111