-1 0.620313 0.765972 0.032813 0.118056
-1 0.562500 0.818056 0.028125 0.161111
-1 0.590234 0.838889 0.038281 0.169444
-1 0.487500 0.740972 0.050000 0.198611
-1 0.395313 0.790972 0.045312 0.179167
-1 0.351953 0.758333 0.044531 0.183333
-1 0.783984 0.610417 0.041406 0.184722
-1 0.850000 0.585417 0.043750 0.106944
-1 0.898438 0.545833 0.034375 0.130556
-1 0.902344 0.295833 0.040625 0.158333
-1 0.875391 0.372222 0.060156 0.075000
-1 0.828906 0.345139 0.026562 0.120833
-1 0.785156 0.334722 0.035937 0.125000
-1 0.646484 0.488889 0.050781 0.163889
-1 0.722656 0.450000 0.040625 0.102778
-1 0.700781 0.565278 0.043750 0.177778
-1 0.000391 0.685417 0.049219 0.198611
-1 0.591406 0.288194 0.028125 0.193056
-1 0.630078 0.290278 0.039844 0.158333
-1 0.450391 0.306250 0.047656 0.129167
4 0.654297 1.034722 0.328906 0.213889
4 0.263281 0.475694 0.285938 0.240278
-1 0.369141 0.559028 0.044531 0.148611
-1 0.476953 0.588889 0.049219 0.125000
-1 0.523438 0.608333 0.031250 0.130556
-1 0.594922 0.453472 0.049219 0.187500
-1 0.538281 0.440278 0.051562 0.136111
-1 0.512500 0.394444 0.045312 0.155556
-1 0.553516 0.281944 0.047656 0.177778