-1 0.639453 0.605556 0.036719 0.130556
-1 0.561719 0.627083 0.031250 0.101389
-1 0.583984 0.918056 0.030469 0.113889
-1 0.560937 0.969444 0.023438 0.105556
-1 0.148828 0.884722 0.019531 0.072222
-1 0.707031 0.835417 0.034375 0.159722
-1 0.630078 0.981250 0.024219 0.109722
-1 0.615234 0.930556 0.022656 0.138889
-1 0.841406 0.514583 0.026562 0.118056
-1 0.814453 0.508333 0.027344 0.133333
-1 0.842578 0.690972 0.028906 0.115278
-1 0.824219 0.829167 0.034375 0.125000
-1 0.742969 0.961806 0.032813 0.062500
-1 0.656250 0.992361 0.026562 0.106944
-1 0.494531 0.372917 0.031250 0.104167
-1 0.400000 0.493056 0.039062 0.122222
-1 0.396875 0.552083 0.032813 0.140278
-1 0.746484 0.827778 0.030469 0.161111
-1 0.544531 0.273611 0.043750 0.100000
-1 0.410938 0.310417 0.023438 0.081944
-1 0.351953 0.477083 0.030469 0.126389
-1 0.919141 0.547222 0.021094 0.138889
-1 0.796484 0.828472 0.027344 0.137500
-1 0.803125 0.961111 0.042188 0.052778
-1 0.922266 0.234028 0.025781 0.118056
-1 0.767578 0.309028 0.022656 0.126389
-1 0.797656 0.402083 0.029687 0.112500
-1 0.750000 0.258333 0.028125 0.127778
-1 0.892578 0.371528 0.030469 0.104167
-1 0.858203 0.244444 0.022656 0.088889
-1 0.805859 0.279167 0.024219 0.077778
-1 0.948828 0.857639 0.024219 0.123611
-1 0.889062 0.796528 0.020313 0.134722
-1 0.933594 0.625000 0.028125 0.091667
-1 0.963281 0.668750 0.029687 0.068056