1 0.187109 0.768750 0.146094 0.115278
-1 0.156641 0.746528 0.077344 0.073611
1 0.602734 0.594444 0.160156 0.122222
0 0.462500 0.761806 0.126562 0.093056
0 0.012500 0.486806 0.154688 0.098611
0 0.400781 0.545833 0.118750 0.105556
4 0.369531 0.355556 0.026562 0.038889
4 0.316797 0.328472 0.038281 0.051389
4 0.545312 0.281250 0.026562 0.045833
4 0.564063 0.306250 0.031250 0.043056
4 0.478125 0.316667 0.026562 0.033333
0 0.668359 0.397222 0.116406 0.086111
5 0.597266 0.472222 0.124219 0.113889
5 0.737109 0.804861 0.124219 0.240278
0 0.780859 0.303472 0.099219 0.068056
0 0.401172 0.198611 0.130469 0.080556
1 0.568359 0.152778 0.075781 0.052778
0 0.257422 0.245139 0.105469 0.065278
4 0.473438 0.396528 0.034375 0.043056