0 0.641016 0.855556 0.136719 0.222222
1 0.296875 0.788194 0.179688 0.259722
-1 0.346875 0.874306 0.056250 0.148611
1 0.316797 0.401389 0.102344 0.197222
1 0.508984 0.448611 0.114844 0.166667
-1 0.525781 0.434028 0.071875 0.151389
0 0.750391 0.507639 0.122656 0.170833
1 0.475391 0.947222 0.141406 0.319444
1 0.192578 0.350000 0.110156 0.200000
-1 0.225391 0.299306 0.058594 0.093056
-1 0.176563 0.370833 0.067187 0.108333
0 0.053516 0.340278 0.107031 0.202778
3 0.423047 0.372222 0.061719 0.163889
0 0.839063 0.942361 0.151562 0.262500
0 0.763672 0.244444 0.108594 0.111111
0 0.921484 0.173611 0.108594 0.113889
0 0.855859 0.477083 0.113281 0.215278
4 0.917188 0.678472 0.045312 0.056944
3 0.805078 0.752778 0.072656 0.069444
3 0.462109 0.671528 0.125781 0.181944