1 0.075391 0.526389 0.096094 0.086111
0 0.195312 0.504167 0.095312 0.086111
1 0.182031 0.425694 0.073438 0.073611
3 0.067969 0.661806 0.082812 0.115278
1 0.066797 0.244444 0.066406 0.061111
1 0.049609 0.357639 0.099219 0.087500
1 0.066406 0.141667 0.095312 0.088889
0 0.396484 0.233333 0.071094 0.058333
0 0.501953 0.154167 0.066406 0.058333
1 0.616016 0.362500 0.058594 0.050000
0 0.665625 0.508333 0.070312 0.072222
4 0.596094 0.461806 0.034375 0.026389
4 0.453906 0.447222 0.018750 0.044444
4 0.467187 0.273611 0.021875 0.033333
0 0.540625 0.408333 0.085938 0.080556
1 0.685547 0.390278 0.067969 0.080556
0 0.755078 0.530556 0.086719 0.086111
0 0.830859 0.353472 0.053906 0.059722
0 0.786328 0.304167 0.046094 0.055556
0 0.914453 0.690972 0.078906 0.112500