0 0.051172 0.380556 0.099219 0.094444
5 0.153125 0.508333 0.128125 0.163889
0 0.280078 0.369444 0.121094 0.172222
0 0.221875 0.221528 0.062500 0.090278
4 0.316797 0.445833 0.024219 0.038889
4 0.456250 0.629861 0.028125 0.045833
4 0.419141 0.577778 0.030469 0.055556
1 0.484766 0.327778 0.063281 0.091667
4 0.364453 0.698611 0.038281 0.055556
4 0.585547 0.904167 0.038281 0.052778
2 0.671875 0.496528 0.073438 0.109722
0 0.811328 0.468750 0.085156 0.115278
1 0.599219 0.219444 0.059375 0.075000
-1 0.592578 0.227778 0.025781 0.052778
0 0.554297 0.368056 0.071094 0.127778
4 0.766016 0.556944 0.019531 0.050000
4 0.746484 0.515972 0.019531 0.040278
4 0.728125 0.607639 0.025000 0.031944
4 0.714453 0.668056 0.028906 0.030556
4 0.557422 0.613194 0.017969 0.051389
0 0.505469 0.623611 0.079687 0.125000