0 0.039844 0.417361 0.109375 0.104167
5 0.181250 0.456944 0.128125 0.163889
5 0.167187 0.572917 0.056250 0.112500
0 0.276172 0.337500 0.121094 0.172222
0 0.185156 0.181250 0.062500 0.090278
4 0.334766 0.406250 0.027344 0.045833
4 0.500000 0.563194 0.028125 0.045833
4 0.457422 0.522222 0.030469 0.055556
1 0.480469 0.247917 0.067187 0.095833
4 0.419531 0.656944 0.035937 0.052778
4 0.657813 0.795833 0.035937 0.050000
2 0.676562 0.375694 0.073438 0.109722
0 0.800391 0.317361 0.077344 0.104167
4 0.696094 0.906944 0.034375 0.047222
1 0.569531 0.102083 0.062500 0.079167
-1 0.569922 0.111111 0.025781 0.052778
0 0.554297 0.275000 0.071094 0.127778