4 0.603906 0.587500 0.145313 0.366667
4 0.426172 0.625000 0.111719 0.261111
4 0.724609 0.650694 0.125781 0.259722
-1 0.723828 0.061806 0.030469 0.123611
-1 0.654297 0.223611 0.049219 0.152778
-1 0.805859 0.215972 0.047656 0.104167
-1 0.428125 0.167361 0.029687 0.159722
-1 0.785937 0.201389 0.037500 0.122222
-1 0.587109 0.188889 0.042969 0.150000
-1 0.541797 0.188194 0.038281 0.159722
-1 0.677734 0.089583 0.033594 0.093056
-1 0.747656 0.175000 0.037500 0.116667
-1 0.761328 0.502083 0.041406 0.129167
4 0.753125 0.397917 0.245312 0.162500
-1 0.533984 0.143056 0.027344 0.147222
-1 0.044531 0.413889 0.045312 0.194444
-1 0.539062 0.516667 0.031250 0.141667
-1 0.531641 0.462500 0.025781 0.180556
-1 0.528125 0.095139 0.035937 0.131944
-1 0.489453 0.219444 0.036719 0.144444
-1 0.429688 0.136111 0.031250 0.119444
-1 0.452344 0.188889 0.026562 0.158333
-1 0.722656 0.170139 0.031250 0.148611
-1 0.871484 0.201389 0.027344 0.136111