1 0.036328 0.613889 0.063281 0.097222
1 0.007422 0.486111 0.096094 0.091667
1 0.185938 0.637500 0.084375 0.097222
-1 0.174219 0.631944 0.059375 0.061111
-1 0.116016 0.651389 0.033594 0.094444
2 0.165234 0.755556 0.085156 0.111111
0 0.249219 0.828472 0.087500 0.148611
1 0.283594 0.329167 0.053125 0.077778
0 0.172266 0.320833 0.080469 0.061111
0 0.377344 0.611806 0.125000 0.112500
0 0.438672 0.821528 0.141406 0.120833
1 0.653906 0.755556 0.096875 0.138889
-1 0.658984 0.756250 0.072656 0.104167
0 0.564063 0.712500 0.101562 0.113889
1 0.675781 0.406250 0.073438 0.079167
0 0.336719 0.206250 0.062500 0.070833
0 0.540625 0.206250 0.103125 0.062500
0 0.678906 0.554861 0.104688 0.084722
5 0.546094 0.377083 0.056250 0.093056
0 0.783594 0.379167 0.051562 0.072222
0 0.945703 0.651389 0.066406 0.116667