1 0.325000 0.613889 0.121875 0.186111
-1 0.325781 0.618750 0.101562 0.148611
2 0.255859 0.820833 0.077344 0.211111
2 0.332031 0.836806 0.109375 0.170833
2 0.526172 0.913194 0.116406 0.334722
1 0.589844 0.503472 0.217188 0.295833
-1 0.585156 0.413194 0.101562 0.118056
-1 0.639844 0.497222 0.062500 0.188889
4 0.729688 0.565278 0.056250 0.127778
4 0.757422 0.444444 0.052344 0.136111
4 0.769141 0.372917 0.044531 0.109722
1 0.351562 0.503472 0.132812 0.195833
-1 0.385156 0.467361 0.071875 0.109722
0 0.757422 0.908333 0.150781 0.269444
4 0.846094 0.527083 0.079687 0.084722
4 0.374609 0.243750 0.050781 0.109722