-1 0.075000 0.793750 0.046875 0.165278
-1 0.272266 0.643750 0.046094 0.204167
-1 0.407422 0.612500 0.047656 0.116667
-1 0.417187 0.587500 0.039062 0.150000
-1 0.476562 0.329167 0.045312 0.175000
-1 0.442188 0.404861 0.076563 0.095833
-1 0.382422 0.390972 0.028906 0.134722
-1 0.320703 0.372222 0.047656 0.169444
-1 0.165625 0.501389 0.053125 0.172222
-1 0.244531 0.479167 0.046875 0.119444
-1 0.213672 0.600000 0.046094 0.186111
-1 0.118750 0.470833 0.046875 0.177778
-1 0.073047 0.463194 0.053906 0.143056
-1 0.058203 0.420833 0.047656 0.163889
-1 0.064453 0.637500 0.044531 0.055556
-1 0.316016 0.520139 0.035156 0.156944
-1 0.211328 0.401389 0.036719 0.152778
-1 0.317969 0.204167 0.046875 0.166667
-1 0.654297 0.308333 0.044531 0.105556
-1 0.585156 0.195833 0.042188 0.136111
4 0.594531 0.817361 0.279687 0.306944
-1 0.735938 0.172917 0.048438 0.143056
-1 0.624219 0.122222 0.039062 0.161111
-1 0.686328 0.150000 0.041406 0.163889