1 0.064844 0.759028 0.212500 0.293056
0 0.103516 0.301389 0.238281 0.230556
0 0.394922 0.456944 0.272656 0.225000
4 0.863281 0.731250 0.065625 0.090278
4 0.649609 0.374306 0.058594 0.068056
4 0.796094 0.461806 0.037500 0.062500
1 0.494141 0.215278 0.202344 0.105556
4 0.614062 0.731944 0.051562 0.075000
4 0.659375 0.431250 0.026562 0.054167
4 0.532422 0.323611 0.042969 0.041667
-1 0.046484 0.752778 0.164844 0.125000
0 0.910937 0.184028 0.098437 0.137500
4 0.916016 0.678472 0.053906 0.073611
4 0.676562 0.278472 0.028125 0.054167
4 0.816016 0.184722 0.024219 0.050000
4 0.823828 0.420139 0.046094 0.068056