-1 0.673047 0.568750 0.035156 0.123611
-1 0.596875 0.589583 0.031250 0.101389
-1 0.628516 0.874306 0.027344 0.104167
-1 0.606250 0.936111 0.023438 0.105556
-1 0.196484 0.854861 0.017969 0.065278
-1 0.748437 0.792361 0.032813 0.151389
-1 0.674609 0.940972 0.025781 0.115278
-1 0.660547 0.898611 0.022656 0.138889
-1 0.869531 0.471528 0.026562 0.118056
-1 0.840234 0.465278 0.025781 0.127778
-1 0.876172 0.649306 0.030469 0.120833
-1 0.866406 0.783333 0.035937 0.130556
-1 0.785156 0.915972 0.032813 0.062500
-1 0.710156 0.945139 0.026562 0.106944
-1 0.519531 0.332639 0.031250 0.104167
-1 0.430469 0.456944 0.039062 0.122222
-1 0.428906 0.514583 0.032813 0.140278
-1 0.785547 0.784722 0.032031 0.169444
-1 0.566797 0.231250 0.046094 0.104167
-1 0.435156 0.276389 0.025000 0.086111
-1 0.382422 0.445833 0.032031 0.133333
-1 0.945703 0.500000 0.021094 0.138889
-1 0.837109 0.785417 0.027344 0.137500
-1 0.846484 0.915278 0.044531 0.055556
-1 0.937109 0.188194 0.024219 0.112500
-1 0.788281 0.268056 0.023438 0.133333
-1 0.822656 0.361806 0.028125 0.106944
-1 0.768750 0.213889 0.028125 0.127778
-1 0.914453 0.327083 0.030469 0.104167
-1 0.875781 0.199306 0.021875 0.084722
-1 0.824609 0.233333 0.024219 0.077778