1 0.137109 0.937500 0.124219 0.208333
5 0.069141 0.731250 0.111719 0.159722
1 0.355859 0.588194 0.060156 0.093056
1 0.266016 0.620139 0.071094 0.131944
1 0.305859 0.476389 0.096094 0.091667
1 0.383203 0.883333 0.096094 0.172222
1 0.498047 0.615972 0.080469 0.093056
-1 0.490625 0.613889 0.056250 0.058333
-1 0.437891 0.629167 0.030469 0.086111
2 0.488672 0.726389 0.085156 0.111111
0 0.588281 0.808333 0.092188 0.155556
1 0.533203 0.313889 0.058594 0.086111
0 0.427734 0.305556 0.080469 0.061111
0 0.664844 0.592361 0.125000 0.112500