1 0.130469 0.759028 0.212500 0.293056
0 0.186328 0.298611 0.238281 0.230556
0 0.067578 0.214583 0.113281 0.098611
0 0.437891 0.447222 0.286719 0.236111
4 0.876563 0.679167 0.062500 0.086111
4 0.667969 0.359722 0.056250 0.063889
4 0.820312 0.436806 0.035937 0.059722
1 0.525000 0.206944 0.212500 0.111111
4 0.668359 0.711806 0.049219 0.070833
4 0.685937 0.411806 0.026562 0.054167
4 0.559766 0.306944 0.042969 0.041667
-1 0.121484 0.745833 0.149219 0.113889
0 0.913281 0.161806 0.098437 0.137500
4 0.950391 0.645139 0.053906 0.073611
4 0.691406 0.263194 0.028125 0.054167
4 0.816016 0.162500 0.024219 0.050000
4 0.844141 0.392361 0.046094 0.068056