1 0.871094 0.899306 0.151562 0.179167
1 0.374219 0.904861 0.145313 0.184722
0 0.532031 0.725000 0.151562 0.147222
0 0.721484 0.802083 0.111719 0.129167
4 0.595703 0.920833 0.053906 0.052778
4 0.324219 0.752778 0.045312 0.050000
-1 0.350391 0.940278 0.049219 0.097222
0 0.184766 0.829167 0.182031 0.136111
1 0.516406 0.586806 0.184375 0.120833
-1 0.479687 0.572222 0.085938 0.080556
1 0.167578 0.504861 0.114844 0.098611
0 0.244531 0.550694 0.093750 0.084722
1 0.867578 0.345833 0.152344 0.116667
0 0.804688 0.552778 0.146875 0.108333