0 0.173828 0.852083 0.072656 0.101389
1 0.296875 0.641667 0.065625 0.077778
0 0.377344 0.827778 0.095312 0.105556
1 0.495312 0.822222 0.079687 0.080556
0 0.488281 0.697917 0.064062 0.059722
0 0.564453 0.641667 0.067969 0.061111
0 0.723047 0.844444 0.082031 0.094444
1 0.572656 0.525000 0.067187 0.063889
1 0.133594 0.761806 0.075000 0.062500
4 0.803125 0.643750 0.032813 0.040278
1 0.371094 0.665972 0.067187 0.084722
-1 0.373437 0.658333 0.054688 0.066667
1 0.602734 0.834028 0.083594 0.137500
0 0.727344 0.640972 0.079687 0.118056
0 0.469141 0.460417 0.074219 0.056944
0 0.312109 0.360417 0.055469 0.056944
0 0.608984 0.369444 0.078906 0.069444