1 0.624219 0.277778 0.125000 0.147222
1 0.790234 0.725000 0.121094 0.188889
-1 0.789453 0.700694 0.091406 0.090278
0 0.380859 0.734028 0.142969 0.109722
1 0.249609 0.440972 0.132031 0.168056
0 0.283203 0.228472 0.144531 0.140278
0 0.487500 0.243750 0.087500 0.101389
4 0.826953 0.418750 0.036719 0.068056
4 0.401172 0.381250 0.044531 0.043056
4 0.617969 0.409028 0.051562 0.040278
0 0.423438 0.493750 0.084375 0.126389
0 0.496875 0.516667 0.101562 0.125000
4 0.556250 0.878472 0.026562 0.090278
0 0.881641 0.595139 0.077344 0.095833