1 0.875781 0.725694 0.159375 0.187500
1 0.377344 0.795139 0.145313 0.184722
0 0.520312 0.584028 0.167187 0.162500
0 0.720703 0.639583 0.111719 0.129167
4 0.600391 0.773611 0.053906 0.052778
4 0.821875 0.870139 0.068750 0.054167
0 0.572266 0.886806 0.080469 0.120833
4 0.310937 0.627778 0.050000 0.055556
-1 0.342578 0.818056 0.049219 0.097222
0 0.176953 0.718750 0.191406 0.143056
4 0.416797 0.936806 0.047656 0.059722
4 0.463281 0.879167 0.046875 0.050000
1 0.497656 0.440972 0.167187 0.109722
-1 0.455859 0.434028 0.089844 0.084722
1 0.130078 0.385417 0.114844 0.098611
0 0.214062 0.430556 0.098437 0.088889