1 0.242188 0.790972 0.192188 0.265278
0 0.265234 0.327083 0.227344 0.220833
0 0.122266 0.257639 0.113281 0.098611
0 0.527734 0.470833 0.260156 0.213889
4 0.782813 0.656944 0.031250 0.075000
4 0.908594 0.644444 0.062500 0.086111
4 0.707422 0.366667 0.050781 0.058333
4 0.863672 0.438194 0.033594 0.056944
1 0.569531 0.229167 0.212500 0.111111
5 0.025781 0.677083 0.079687 0.143056
4 0.747266 0.712500 0.044531 0.063889
4 0.733594 0.417361 0.025000 0.051389
4 0.605078 0.320833 0.042969 0.041667
-1 0.240625 0.777778 0.142187 0.108333
0 0.928125 0.164583 0.098437 0.137500