1 0.110547 0.531250 0.100781 0.090278
0 0.226562 0.509722 0.095312 0.086111
1 0.208594 0.432639 0.073438 0.073611
3 0.099219 0.668750 0.082812 0.115278
3 0.025391 0.560417 0.080469 0.240278
1 0.089453 0.248611 0.069531 0.063889
1 0.080859 0.361111 0.094531 0.083333
1 0.083594 0.145139 0.090625 0.084722
0 0.415234 0.237500 0.071094 0.058333
0 0.517578 0.161111 0.060156 0.052778
1 0.645703 0.368056 0.067969 0.058333
0 0.694531 0.511111 0.070312 0.072222
4 0.623437 0.465972 0.034375 0.026389
4 0.481250 0.451389 0.018750 0.044444
4 0.486719 0.278472 0.020313 0.031944
0 0.565234 0.413194 0.082031 0.076389
1 0.711328 0.394444 0.067969 0.080556
0 0.786328 0.533333 0.086719 0.086111
0 0.854688 0.357639 0.059375 0.065278
0 0.806641 0.305556 0.046094 0.055556