0 0.185156 0.552083 0.084375 0.095833
4 0.125391 0.551389 0.027344 0.041667
1 0.394141 0.895833 0.124219 0.208333
5 0.308984 0.668750 0.107031 0.151389
0 0.151953 0.459028 0.085156 0.090278
1 0.579297 0.530556 0.063281 0.097222
1 0.494141 0.565972 0.071094 0.131944
1 0.519141 0.415972 0.091406 0.087500
1 0.629297 0.845833 0.096094 0.172222
1 0.724609 0.574306 0.080469 0.093056
-1 0.721875 0.569444 0.059375 0.061111
-1 0.666797 0.586111 0.030469 0.086111
2 0.721484 0.686111 0.085156 0.111111
0 0.839844 0.787500 0.096875 0.163889
1 0.736328 0.251389 0.058594 0.086111
0 0.625391 0.241667 0.080469 0.061111
0 0.894531 0.556250 0.131250 0.118056