-1 0.751953 0.551389 0.036719 0.130556
-1 0.682031 0.584028 0.029687 0.095833
-1 0.776953 0.846528 0.019531 0.073611
-1 0.776953 0.914583 0.022656 0.101389
-1 0.379297 0.915972 0.024219 0.087500
-1 0.876563 0.750694 0.032813 0.151389
-1 0.993750 0.851389 0.039062 0.066667
-1 0.997266 0.946528 0.024219 0.109722
-1 0.951172 0.944444 0.019531 0.105556
-1 0.970313 0.981250 0.017188 0.087500
-1 0.842578 0.914583 0.025781 0.115278
-1 0.823047 0.870139 0.024219 0.145833
-1 0.966016 0.415278 0.022656 0.108333
-1 0.914844 0.421528 0.026562 0.118056
-1 0.880859 0.418056 0.027344 0.133333
-1 0.960938 0.586111 0.025000 0.100000
-1 0.986328 0.655556 0.027344 0.102778
-1 0.978906 0.723611 0.031250 0.113889
-1 0.929688 0.865972 0.031250 0.059722
-1 0.886328 0.909722 0.025781 0.102778
-1 0.546094 0.340972 0.034375 0.115278
-1 0.487500 0.468056 0.039062 0.122222
-1 0.504687 0.533333 0.031250 0.133333
-1 0.905469 0.736806 0.028125 0.145833
-1 0.564063 0.222222 0.043750 0.100000
-1 0.459766 0.301389 0.021094 0.075000
-1 0.447266 0.493750 0.030469 0.126389