0 0.169531 0.131250 0.106250 0.059722
0 0.032813 0.215972 0.117188 0.073611
0 0.098437 0.377083 0.082812 0.056944
0 0.076172 0.294444 0.110156 0.069444
0 0.348047 0.372222 0.146094 0.111111
0 0.295703 0.698611 0.161719 0.155556
3 0.167578 0.602778 0.080469 0.144444
0 0.543359 0.568750 0.158594 0.109722
0 0.494531 0.296528 0.107813 0.065278
0 0.696094 0.517361 0.139063 0.120833
0 0.606641 0.437500 0.105469 0.102778
0 0.819141 0.254167 0.124219 0.094444
0 0.638672 0.175000 0.083594 0.077778
0 0.860156 0.374306 0.107813 0.090278
0 0.866406 0.456944 0.092188 0.069444
3 0.230078 0.389583 0.055469 0.145833
3 0.878125 0.692361 0.104688 0.170833