1 0.046484 0.399306 0.078906 0.101389
-1 0.058984 0.363889 0.039844 0.075000
0 0.064844 0.258333 0.062500 0.152778
0 0.119141 0.560417 0.114844 0.109722
0 0.017969 0.665972 0.126562 0.156944
5 0.283203 0.576389 0.122656 0.155556
5 0.298047 0.684028 0.061719 0.123611
0 0.334766 0.404167 0.121094 0.172222
0 0.208203 0.271528 0.069531 0.098611
4 0.411328 0.452778 0.028906 0.047222
4 0.596094 0.553472 0.028125 0.045833
4 0.551172 0.526389 0.025781 0.047222
0 0.151562 0.138889 0.073438 0.100000
1 0.517188 0.244444 0.073438 0.105556
4 0.540625 0.672222 0.034375 0.050000
4 0.778125 0.715972 0.032813 0.045833
2 0.710547 0.306944 0.066406 0.100000
0 0.810547 0.214583 0.077344 0.104167