0 0.192969 0.464583 0.065625 0.093056
0 0.239844 0.384028 0.070312 0.062500
0 0.139453 0.734028 0.071094 0.123611
3 0.133594 0.458333 0.054688 0.180556
0 0.094141 0.581944 0.035156 0.066667
0 0.439063 0.526389 0.060937 0.094444
1 0.479297 0.570833 0.075781 0.111111
1 0.310547 0.484028 0.058594 0.090278
1 0.241797 0.739583 0.061719 0.151389
0 0.653125 0.864583 0.079687 0.179167
4 0.488672 0.813889 0.025781 0.044444
2 0.385547 0.971528 0.089844 0.154167
1 0.505469 0.268750 0.070312 0.079167
3 0.511719 0.385417 0.062500 0.126389
1 0.646484 0.284722 0.052344 0.091667
0 0.817578 0.382639 0.089844 0.098611
0 0.329688 0.715972 0.078125 0.123611
0 0.600000 0.627083 0.067187 0.123611