-1 0.441406 0.838194 0.045312 0.201389
-1 0.380469 0.802083 0.042188 0.206944
-1 0.087109 0.434722 0.050781 0.169444
-1 0.271094 0.321528 0.071875 0.162500
-1 0.525781 0.918056 0.034375 0.225000
-1 0.587109 0.495139 0.027344 0.154167
-1 0.514453 0.552083 0.046094 0.173611
-1 0.627344 0.445833 0.067187 0.308333
-1 0.705859 0.706944 0.042969 0.147222
-1 0.791797 0.481250 0.033594 0.131944
-1 0.673438 0.470139 0.032813 0.104167
-1 0.827734 0.117361 0.036719 0.151389
-1 0.365625 0.164583 0.039062 0.154167
-1 0.278906 0.178472 0.040625 0.120833
-1 0.791797 0.318056 0.038281 0.222222
-1 0.792188 0.288194 0.034375 0.173611
-1 0.676562 0.143056 0.057813 0.183333
-1 0.736719 0.100694 0.039062 0.170833
-1 0.639844 0.909028 0.032813 0.179167
-1 0.757031 0.486806 0.031250 0.137500
-1 0.689844 0.390278 0.032813 0.113889
-1 0.705078 0.479861 0.033594 0.087500
-1 0.798438 0.729167 0.029687 0.105556
-1 0.605859 0.025000 0.036719 0.150000
-1 0.633984 0.113889 0.038281 0.136111
4 0.058984 0.126389 0.214844 0.166667
4 0.189062 0.143056 0.195312 0.205556
4 0.596094 0.654861 0.151562 0.259722
-1 0.800781 0.686111 0.032813 0.113889
-1 0.942969 0.507639 0.028125 0.195833
-1 0.897266 0.745139 0.032031 0.170833
-1 0.928906 0.714583 0.035937 0.220833
-1 0.865625 0.513194 0.037500 0.154167