-1 0.647656 0.678472 0.032813 0.118056
-1 0.595313 0.740278 0.028125 0.161111
-1 0.625391 0.759722 0.038281 0.169444
-1 0.509766 0.673611 0.047656 0.188889
-1 0.428906 0.721528 0.045312 0.179167
-1 0.384375 0.698611 0.042188 0.175000
-1 0.799609 0.524306 0.041406 0.184722
-1 0.858203 0.496528 0.041406 0.101389
-1 0.907031 0.457639 0.028125 0.106944
-1 0.902344 0.208333 0.040625 0.158333
-1 0.876172 0.283333 0.060156 0.075000
-1 0.832031 0.254861 0.025000 0.115278
-1 0.787500 0.248611 0.034375 0.119444
-1 0.658203 0.411111 0.050781 0.163889
-1 0.732422 0.367361 0.036719 0.093056
-1 0.712891 0.483333 0.041406 0.169444
-1 0.030859 0.651389 0.044531 0.180556
-1 0.593750 0.215972 0.028125 0.193056
-1 0.628516 0.222222 0.039844 0.158333
-1 0.451562 0.248611 0.040625 0.111111
4 0.696094 0.954167 0.345313 0.225000
4 0.278125 0.420139 0.259375 0.218056
-1 0.388672 0.495139 0.044531 0.148611
-1 0.496484 0.523611 0.049219 0.125000
-1 0.539844 0.534722 0.031250 0.130556
-1 0.605859 0.380556 0.044531 0.169444
-1 0.555469 0.381944 0.051562 0.136111
-1 0.524219 0.329167 0.045312 0.155556
-1 0.555469 0.220139 0.043750 0.162500