0 0.254688 0.917361 0.095312 0.162500
0 0.131641 0.865278 0.110156 0.216667
0 0.527734 0.571528 0.091406 0.109722
1 0.337891 0.609722 0.089844 0.138889
-1 0.335938 0.593750 0.040625 0.079167
0 0.219531 0.610417 0.076563 0.123611
0 0.243359 0.395833 0.072656 0.080556
0 0.385547 0.159722 0.057031 0.080556
0 0.387500 0.125694 0.064062 0.056944
0 0.437109 0.364583 0.071094 0.123611
1 0.660547 0.822222 0.096094 0.213889
3 0.577344 1.017361 0.081250 0.212500
3 0.203516 0.734722 0.186719 0.086111
3 0.306250 0.187500 0.039062 0.127778
0 0.464844 0.544444 0.065625 0.091667
0 0.333594 0.284028 0.040625 0.076389
0 0.773047 0.828472 0.063281 0.101389
5 0.776563 0.584722 0.109375 0.155556
0 0.612500 0.152778 0.050000 0.077778
1 0.655469 0.172917 0.059375 0.087500
1 0.501953 0.162500 0.050781 0.077778
1 0.519922 0.348611 0.050781 0.125000
0 0.846875 0.338889 0.059375 0.133333