0 0.627734 0.884722 0.136719 0.222222
1 0.280078 0.806944 0.197656 0.286111
-1 0.326562 0.890972 0.056250 0.148611
1 0.305078 0.406944 0.102344 0.197222
1 0.500781 0.456944 0.120313 0.175000
-1 0.515625 0.443750 0.071875 0.151389
0 0.742578 0.521528 0.122656 0.170833
1 0.458984 0.961111 0.141406 0.319444
1 0.179297 0.354167 0.110156 0.200000
-1 0.213672 0.302083 0.058594 0.093056
-1 0.167969 0.375000 0.067187 0.108333
0 0.032031 0.334028 0.112500 0.212500
3 0.407422 0.366667 0.061719 0.163889
0 0.827344 0.964583 0.151562 0.262500
0 0.761328 0.254167 0.108594 0.111111
0 0.930078 0.190278 0.108594 0.113889
0 0.849609 0.503472 0.113281 0.215278
4 0.910547 0.702083 0.047656 0.059722
3 0.800391 0.769444 0.072656 0.069444
3 0.460547 0.714583 0.125781 0.181944