-1 0.066797 0.902778 0.047656 0.166667
-1 0.505859 0.876389 0.047656 0.211111
-1 0.450391 0.849306 0.038281 0.187500
-1 0.133203 0.509722 0.050781 0.169444
-1 0.283203 0.389583 0.067969 0.154167
-1 0.002344 0.354861 0.034375 0.120833
-1 0.590234 0.914583 0.025781 0.168056
-1 0.607031 0.545139 0.029687 0.170833
-1 0.536719 0.612500 0.048438 0.183333
-1 0.641406 0.484722 0.064062 0.294444
-1 0.748437 0.728472 0.040625 0.140278
-1 0.805859 0.513889 0.032031 0.125000
-1 0.691406 0.508333 0.034375 0.108333
-1 0.792578 0.156250 0.036719 0.151389
-1 0.361719 0.228472 0.039062 0.154167
-1 0.279297 0.249306 0.042969 0.126389
-1 0.782031 0.352083 0.046875 0.270833
-1 0.778125 0.322222 0.029687 0.150000
-1 0.856250 0.417361 0.050000 0.131944
-1 0.690234 0.173611 0.057031 0.183333
-1 0.707422 0.150694 0.036719 0.162500
-1 0.698828 0.925000 0.027344 0.147222
-1 0.767188 0.518056 0.029687 0.130556
-1 0.698438 0.425000 0.031250 0.108333
-1 0.722266 0.513194 0.033594 0.087500
-1 0.833594 0.747222 0.029687 0.105556
-1 0.578516 0.075000 0.036719 0.150000
-1 0.609766 0.165278 0.038281 0.136111
4 0.061328 0.190278 0.203906 0.158333
4 0.183984 0.190278 0.177344 0.186111
4 0.638672 0.684722 0.144531 0.247222
-1 0.833203 0.675694 0.039844 0.137500
-1 0.943359 0.525000 0.025781 0.177778
-1 0.927734 0.768056 0.033594 0.180556
-1 0.957031 0.729861 0.034375 0.209722