0 0.302734 0.143750 0.111719 0.062500
0 0.208594 0.236111 0.106250 0.066667
0 0.095703 0.490278 0.163281 0.119444
0 0.317969 0.364583 0.090625 0.062500
0 0.274219 0.296528 0.095312 0.059722
5 0.118750 0.340972 0.151562 0.145833
3 0.126953 0.932639 0.114844 0.129167
0 0.532031 0.337500 0.120313 0.091667
0 0.581250 0.604861 0.139063 0.134722
0 0.220312 0.610417 0.182812 0.159722
3 0.437891 0.567361 0.066406 0.059722
3 0.082422 0.915278 0.249219 0.133333
0 0.753125 0.477083 0.143750 0.098611
0 0.641797 0.263194 0.097656 0.059722
0 0.867969 0.422917 0.126562 0.109722
0 0.767578 0.366667 0.091406 0.088889