4 0.645703 0.739583 0.072656 0.090278
4 0.021484 0.711806 0.099219 0.104167
4 0.180078 0.631944 0.060156 0.091667
4 0.242188 0.670833 0.079687 0.075000
4 0.598047 0.486806 0.061719 0.070833
4 0.674219 0.345139 0.051562 0.106944
1 0.153906 0.404861 0.217188 0.287500
4 0.769922 0.646528 0.082031 0.065278
4 0.746875 0.543750 0.071875 0.059722
4 0.728516 0.423611 0.078906 0.069444
4 0.797656 0.285417 0.064062 0.093056
4 0.917188 0.359028 0.067187 0.084722
1 0.930859 0.589583 0.183594 0.179167
0 -0.055859 0.457639 0.202344 0.245833