0 0.155469 1.030556 0.085938 0.147222
0 0.039062 0.935417 0.115625 0.226389
0 0.467969 0.714583 0.095312 0.115278
1 0.271094 0.721528 0.093750 0.145833
-1 0.271875 0.700694 0.040625 0.079167
0 0.159375 0.692361 0.076563 0.123611
0 0.210547 0.479167 0.072656 0.080556
0 0.384766 0.252778 0.057031 0.080556
0 0.403125 0.186806 0.064062 0.056944
0 0.407422 0.471528 0.071094 0.123611
1 0.580078 1.014583 0.100781 0.223611
3 0.121875 0.822917 0.178125 0.081944
3 0.310547 0.261111 0.042969 0.141667
0 0.410156 0.672917 0.071875 0.101389
0 0.312891 0.376389 0.042969 0.080556
5 0.749219 0.782639 0.126562 0.179167
0 0.620313 0.276389 0.050000 0.077778
1 0.663281 0.297917 0.065625 0.095833
1 0.503906 0.267361 0.053125 0.081944
1 0.495312 0.468750 0.056250 0.137500
0 0.862500 0.509722 0.065625 0.147222
4 0.714844 0.490972 0.021875 0.037500
4 0.550000 0.772222 0.023438 0.055556
4 0.605859 0.835417 0.032031 0.037500
4 0.462500 0.960417 0.021875 0.056944
3 0.268750 0.999306 0.106250 0.159722
1 0.343359 0.811111 0.113281 0.138889
-1 0.300000 0.803472 0.048438 0.095833
2 0.667969 0.625694 0.081250 0.140278
1 0.620313 0.058333 0.064062 0.072222
3 0.647266 0.170139 0.049219 0.098611