0 0.039844 0.405556 0.081250 0.077778
5 0.086328 0.527083 0.116406 0.148611
0 0.217969 0.438889 0.100000 0.141667
0 0.196484 0.309028 0.049219 0.070833
4 0.302344 0.527083 0.026562 0.043056
4 0.325000 0.695139 0.028125 0.045833
4 0.301953 0.641667 0.030469 0.055556
1 0.416406 0.438194 0.060937 0.087500
4 0.226172 0.733333 0.038281 0.055556
4 0.394141 0.970833 0.038281 0.052778
2 0.564844 0.611806 0.073438 0.065278
0 0.723047 0.635417 0.089844 0.120833
1 0.550781 0.368750 0.062500 0.079167
-1 0.537891 0.366667 0.024219 0.050000
0 0.473047 0.486111 0.067969 0.122222
4 0.662500 0.711111 0.020313 0.052778
4 0.646875 0.665278 0.020313 0.041667
4 0.608594 0.744444 0.023438 0.030556
4 0.581641 0.793750 0.030469 0.031944
4 0.427344 0.704861 0.017188 0.048611
0 0.373828 0.700000 0.075781 0.119444
4 0.161719 0.654167 0.014063 0.052778
0 0.810937 0.526389 0.064062 0.077778
0 0.759375 0.743750 0.076563 0.118056
0 0.862891 0.743750 0.072656 0.118056