-1 0.572656 0.745139 0.034375 0.123611
-1 0.513281 0.787500 0.028125 0.161111
-1 0.539453 0.806944 0.038281 0.169444
-1 0.446875 0.702083 0.050000 0.198611
-1 0.342187 0.743750 0.045312 0.179167
-1 0.294531 0.702083 0.046875 0.193056
-1 0.755859 0.592361 0.041406 0.184722
-1 0.832812 0.572222 0.045312 0.111111
-1 0.879687 0.536111 0.035937 0.136111
-1 0.899609 0.283333 0.042969 0.166667
-1 0.869922 0.356944 0.060156 0.075000
-1 0.819922 0.331944 0.027344 0.127778
-1 0.757031 0.315278 0.035937 0.125000
-1 0.627734 0.461111 0.050781 0.163889
-1 0.700781 0.429167 0.042188 0.108333
-1 0.676172 0.538889 0.041406 0.169444
-1 0.585938 0.254861 0.028125 0.193056
-1 0.617578 0.257639 0.041406 0.165278
-1 0.438281 0.262500 0.045312 0.122222
4 0.584375 1.041667 0.362500 0.236111
4 0.235937 0.421528 0.259375 0.218056
-1 0.339844 0.513889 0.046875 0.155556
-1 0.431641 0.545833 0.049219 0.125000
-1 0.489063 0.579167 0.031250 0.130556
-1 0.573438 0.416667 0.046875 0.177778
-1 0.521484 0.404861 0.053906 0.143056
-1 0.499219 0.354861 0.050000 0.170833
-1 0.541406 0.252083 0.050000 0.187500
-1 0.530859 0.676389 0.036719 0.044444