4 0.885547 0.849306 0.119531 0.301389
4 0.746484 0.886111 0.096094 0.225000
4 0.997656 0.881944 0.089063 0.186111
-1 0.755859 0.152778 0.028906 0.136111
-1 0.733984 0.172222 0.032031 0.130556
-1 0.544922 0.354861 0.030469 0.140278
-1 0.810156 0.525000 0.040625 0.125000
-1 0.981250 0.468750 0.035937 0.109722
-1 0.312109 0.263194 0.032031 0.106944
-1 0.283984 0.218750 0.039844 0.140278
-1 0.213672 0.202083 0.032031 0.098611
-1 0.601953 0.495139 0.025781 0.137500
-1 0.921484 0.470139 0.033594 0.109722
-1 0.746875 0.494444 0.039062 0.136111
-1 0.703906 0.495139 0.032813 0.137500
-1 0.814063 0.365972 0.037500 0.101389
-1 0.603906 0.347917 0.040625 0.070833
-1 0.882812 0.455556 0.034375 0.105556
-1 0.982812 0.721528 0.032813 0.101389
4 0.958203 0.602083 0.233594 0.154167
-1 0.393359 0.343056 0.036719 0.094444
-1 0.418359 0.395139 0.033594 0.084722
-1 0.494922 0.364583 0.044531 0.098611
-1 0.683594 0.464583 0.026562 0.140278
-1 0.342969 0.791667 0.035937 0.152778
-1 0.810156 0.802083 0.028125 0.129167
-1 0.778516 0.756944 0.036719 0.147222
-1 0.653125 0.387500 0.032813 0.119444
-1 0.658984 0.508333 0.032031 0.125000
-1 0.508984 0.260417 0.025781 0.098611
-1 0.629687 0.513889 0.021875 0.130556