0 0.475000 0.834722 0.085938 0.147222
0 0.350781 0.843056 0.095312 0.186111
0 0.154688 0.807639 0.082812 0.159722
0 0.062109 0.513889 0.075781 0.108333
0 0.609766 0.454167 0.071094 0.086111
1 0.465625 0.551389 0.081250 0.125000
-1 0.453516 0.540972 0.038281 0.076389
0 0.358203 0.602083 0.069531 0.112500
0 0.660156 0.870833 0.067187 0.119444
0 0.325391 0.408333 0.072656 0.080556
0 0.383984 0.170833 0.049219 0.069444
0 0.370703 0.123611 0.052344 0.047222
0 0.482422 0.313194 0.067969 0.118056
1 0.749609 0.606250 0.067969 0.151389
3 0.732422 0.874306 0.057031 0.298611
3 0.369531 0.701389 0.132812 0.061111
3 0.157422 0.948611 0.099219 0.100000
3 0.319141 0.233333 0.033594 0.111111
3 0.080859 0.764583 0.086719 0.165278