-1 0.661719 0.632639 0.032813 0.118056
-1 0.613281 0.698611 0.028125 0.161111
-1 0.642578 0.715278 0.038281 0.169444
-1 0.524609 0.634722 0.047656 0.188889
-1 0.448437 0.685417 0.045312 0.179167
-1 0.400391 0.663889 0.044531 0.183333
-1 0.805859 0.478472 0.041406 0.184722
-1 0.869141 0.453472 0.041406 0.101389
-1 0.909375 0.411806 0.028125 0.106944
-1 0.899609 0.163889 0.042969 0.166667
-1 0.874609 0.236111 0.060156 0.075000
-1 0.832812 0.209028 0.025000 0.115278
-1 0.785937 0.202778 0.034375 0.119444
-1 0.663672 0.370833 0.050781 0.163889
-1 0.735547 0.322917 0.036719 0.093056
-1 0.719922 0.440278 0.041406 0.169444
-1 0.047266 0.630556 0.044531 0.180556
-1 0.016406 0.627778 0.034375 0.183333
-1 0.593750 0.179861 0.028125 0.193056
-1 0.627344 0.200694 0.035937 0.143056
-1 0.457031 0.216667 0.040625 0.111111
4 0.723437 0.887500 0.345313 0.225000
4 0.287109 0.392361 0.272656 0.229167
-1 0.399609 0.465972 0.044531 0.148611
-1 0.506641 0.487500 0.049219 0.125000
-1 0.550781 0.498611 0.029687 0.125000
-1 0.609766 0.340278 0.044531 0.169444
-1 0.563672 0.352083 0.053906 0.143056
-1 0.527734 0.291667 0.047656 0.163889
-1 0.555859 0.186806 0.041406 0.154167