1 0.283984 0.587500 0.085156 0.091667
0 0.175391 0.340972 0.138281 0.084722
0 0.224609 0.790278 0.147656 0.119444
5 0.112109 0.568056 0.075781 0.125000
0 0.434375 0.547222 0.065625 0.091667
0 0.564063 0.907639 0.084375 0.148611
1 0.621094 0.640278 0.100000 0.130556
1 0.528906 0.673611 0.075000 0.097222
1 0.430469 0.973611 0.085938 0.119444
0 0.346875 0.714583 0.085938 0.081944
1 0.467187 0.364583 0.059375 0.070833
0 0.591016 0.510417 0.078906 0.087500
1 0.693750 0.490278 0.068750 0.069444
0 0.652344 0.393750 0.057813 0.054167
0 0.698047 0.338889 0.061719 0.055556
0 0.874219 0.485417 0.070312 0.081944
1 0.652344 0.230556 0.050000 0.047222
0 0.911328 0.684028 0.130469 0.156944
1 0.674219 0.864583 0.075000 0.106944
1 0.756250 0.640972 0.096875 0.076389
1 0.363672 0.479861 0.067969 0.056944