0 0.589063 0.917361 0.157812 0.256944
1 0.213281 0.847917 0.207813 0.301389
-1 0.244922 0.916667 0.061719 0.163889
1 0.264453 0.422222 0.102344 0.197222
1 0.476562 0.495139 0.132812 0.193056
-1 0.476953 0.484028 0.075781 0.159722
0 0.723047 0.577083 0.135156 0.187500
1 0.416406 0.999306 0.134375 0.304167
1 0.136719 0.361111 0.115625 0.211111
-1 0.176172 0.307639 0.058594 0.093056
-1 0.135156 0.383333 0.070312 0.113889
0 -0.033594 0.344444 0.123438 0.233333
3 0.369531 0.393056 0.068750 0.180556
0 0.783594 1.054167 0.167187 0.288889
0 0.758594 0.285417 0.114062 0.118056
0 0.942187 0.227778 0.114062 0.119444
0 0.837500 0.559028 0.118750 0.226389
4 0.894531 0.779861 0.050000 0.062500
3 0.766016 0.840278 0.072656 0.069444
3 0.421484 0.748611 0.132031 0.191667