1 0.123438 0.576389 0.107813 0.130556
0 0.088672 0.313194 0.138281 0.084722
0 0.018359 0.791667 0.127344 0.102778
0 0.288672 0.564583 0.072656 0.101389
1 0.475391 0.699306 0.121094 0.159722
1 0.354297 0.714583 0.071094 0.093056
0 0.137891 0.730556 0.082031 0.077778
1 0.378125 0.369444 0.065625 0.077778
0 0.476953 0.545833 0.091406 0.100000
1 0.590234 0.536111 0.075781 0.077778
0 0.568750 0.422917 0.060937 0.056944
0 0.633984 0.369444 0.067969 0.061111
0 0.800781 0.554861 0.078125 0.090278
1 0.624219 0.261806 0.060937 0.056944
0 0.786328 0.799306 0.150781 0.181944
1 0.459766 0.933333 0.091406 0.130556
1 0.628516 0.717361 0.117969 0.093056
1 0.235547 0.481250 0.067969 0.056944
4 0.853906 0.373611 0.029687 0.036111
1 0.450000 0.388194 0.060937 0.076389
-1 0.454688 0.381944 0.046875 0.058333
1 0.682813 0.548611 0.079687 0.130556