-1 0.043359 0.900000 0.047656 0.166667
-1 0.489453 0.886111 0.047656 0.211111
-1 0.434375 0.859028 0.042188 0.206944
-1 0.122266 0.505556 0.050781 0.169444
-1 0.281641 0.388194 0.067969 0.154167
-1 0.575391 0.943750 0.025781 0.168056
-1 0.603906 0.552083 0.029687 0.170833
-1 0.533203 0.614583 0.046094 0.173611
-1 0.637500 0.493056 0.067187 0.308333
-1 0.739844 0.734028 0.040625 0.140278
-1 0.804297 0.525694 0.033594 0.131944
-1 0.687500 0.515972 0.032813 0.104167
-1 0.802734 0.166667 0.035156 0.144444
-1 0.364063 0.227083 0.039062 0.154167
-1 0.280859 0.247917 0.042969 0.126389
-1 0.784766 0.368056 0.044531 0.258333
-1 0.782031 0.331944 0.029687 0.150000
-1 0.856250 0.421528 0.050000 0.131944
-1 0.702344 0.181944 0.054688 0.175000
-1 0.718359 0.157639 0.036719 0.162500
-1 0.683594 0.945139 0.031250 0.170833
-1 0.767188 0.531944 0.029687 0.130556
-1 0.697656 0.436111 0.031250 0.108333
-1 0.720703 0.522917 0.033594 0.087500
-1 0.825781 0.758333 0.029687 0.105556
-1 0.588672 0.083333 0.036719 0.150000
-1 0.616797 0.169444 0.038281 0.136111
4 0.059766 0.188889 0.214844 0.166667
4 0.182812 0.189583 0.185938 0.195833
4 0.632812 0.689583 0.151562 0.259722
-1 0.826562 0.713889 0.037500 0.130556
-1 0.943359 0.538889 0.027344 0.186111
-1 0.920703 0.777083 0.032031 0.170833
-1 0.951562 0.743750 0.034375 0.209722