1 0.221094 0.732639 0.068750 0.081944
0 0.400781 0.822917 0.067187 0.062500
0 0.498047 0.769444 0.071094 0.063889
1 0.548438 0.636806 0.064062 0.059722
1 0.040625 0.835417 0.082812 0.068056
4 0.775000 0.802778 0.034375 0.041667
1 0.289844 0.771528 0.067187 0.084722
-1 0.291797 0.770833 0.042969 0.052778
0 0.689844 0.798611 0.092188 0.136111
0 0.461719 0.549306 0.078125 0.059722
0 0.335547 0.425694 0.058594 0.059722
0 0.638672 0.456944 0.078906 0.069444
0 0.909766 0.929861 0.110156 0.104167
0 0.905859 0.379861 0.060156 0.040278
0 0.917188 0.563194 0.070312 0.051389