1 0.188281 0.976389 0.123438 0.177778
-1 0.183594 0.986806 0.089063 0.126389
0 0.054297 0.930556 0.124219 0.138889
1 0.329297 0.523611 0.085156 0.091667
0 0.205859 0.280556 0.132031 0.080556
0 0.283594 0.718056 0.140625 0.113889
5 0.157812 0.504167 0.071875 0.119444
0 0.474219 0.486806 0.062500 0.087500
0 0.619141 0.830556 0.080469 0.141667
1 0.660156 0.576389 0.100000 0.130556
1 0.572266 0.604861 0.071094 0.093056
0 0.013672 0.511806 0.075781 0.081944
1 0.494531 0.886111 0.085938 0.119444
0 0.403125 0.645139 0.085938 0.081944
1 0.494531 0.309028 0.059375 0.070833
0 0.619531 0.454167 0.082812 0.091667
1 0.722656 0.431944 0.065625 0.066667
0 0.675000 0.338194 0.057813 0.054167
0 0.717578 0.286111 0.061719 0.055556
0 0.890625 0.431250 0.070312 0.081944