1 0.125000 0.739583 0.153125 0.120833
-1 0.094922 0.720833 0.074219 0.069444
1 0.547266 0.566667 0.160156 0.122222
0 0.396484 0.736111 0.139844 0.102778
0 0.350781 0.519444 0.118750 0.105556
4 0.325000 0.333333 0.026562 0.038889
4 0.274609 0.303472 0.038281 0.051389
4 0.503906 0.260417 0.026562 0.045833
4 0.520312 0.284028 0.031250 0.043056
4 0.434766 0.293056 0.025781 0.030556
0 0.618750 0.372917 0.110937 0.081944
5 0.549609 0.448611 0.124219 0.113889
5 0.673047 0.768056 0.107031 0.208333
0 0.735547 0.282639 0.099219 0.068056
0 0.359375 0.177778 0.143750 0.088889
1 0.527344 0.133333 0.079687 0.055556
0 0.217188 0.220139 0.110937 0.068056
4 0.425000 0.372222 0.032813 0.041667