-1 0.335547 0.866667 0.047656 0.211111
-1 0.272266 0.827083 0.044531 0.218056
-1 -0.002344 0.440278 0.053125 0.177778
-1 0.200000 0.327083 0.071875 0.162500
-1 0.418750 0.940278 0.034375 0.225000
-1 0.508984 0.513194 0.027344 0.154167
-1 0.438672 0.567361 0.046094 0.173611
-1 0.562500 0.397222 0.067187 0.161111
-1 0.740625 0.511111 0.037500 0.144444
-1 0.598437 0.496528 0.032813 0.104167
-1 0.786719 0.139583 0.039062 0.159722
-1 0.300391 0.184722 0.041406 0.161111
-1 0.213281 0.184028 0.040625 0.120833
-1 0.736719 0.350694 0.042188 0.245833
-1 0.733594 0.312500 0.029687 0.150000
-1 0.624219 0.159722 0.057813 0.183333
-1 0.690625 0.110417 0.040625 0.179167
-1 0.538281 0.949306 0.032813 0.179167
-1 0.683594 0.512500 0.032813 0.144444
-1 0.621875 0.413889 0.032813 0.113889
-1 0.633984 0.506944 0.032031 0.083333
-1 0.714844 0.762500 0.029687 0.105556
-1 0.561719 0.034028 0.039062 0.156944
-1 0.583594 0.126389 0.042188 0.150000
4 0.505469 0.682639 0.151562 0.259722
-1 0.717187 0.723611 0.029687 0.102778
-1 0.878906 0.543056 0.029687 0.205556
-1 0.810937 0.793056 0.039062 0.208333
-1 0.846875 0.749306 0.035937 0.220833
-1 0.798438 0.547917 0.037500 0.154167