0 0.207813 0.957639 0.090625 0.154167
0 0.086719 0.884028 0.115625 0.226389
0 0.502344 0.638194 0.095312 0.115278
1 0.309766 0.655556 0.089844 0.138889
-1 0.307812 0.638194 0.040625 0.079167
0 0.192188 0.640972 0.076563 0.123611
0 0.231641 0.423611 0.072656 0.080556
0 0.391797 0.195833 0.057031 0.080556
0 0.403906 0.134028 0.064062 0.056944
0 0.428516 0.410417 0.071094 0.123611
1 0.633984 0.893056 0.096094 0.213889
3 0.162891 0.766667 0.186719 0.086111
3 0.312891 0.208333 0.042969 0.141667
0 0.442188 0.600694 0.068750 0.095833
0 0.328906 0.320139 0.040625 0.076389
0 0.744531 0.938194 0.067187 0.106944
5 0.771094 0.672917 0.126562 0.179167
0 0.624219 0.204167 0.050000 0.077778
1 0.668750 0.227778 0.062500 0.091667
1 0.510938 0.206250 0.053125 0.081944
1 0.514453 0.401389 0.050781 0.125000
0 0.861719 0.420833 0.065625 0.147222
4 0.721484 0.409722 0.021094 0.036111
4 0.582422 0.686111 0.022656 0.052778
4 0.637109 0.737500 0.030469 0.036111
4 0.506641 0.868750 0.019531 0.051389
3 0.322656 0.923611 0.101562 0.152778
1 0.378516 0.737500 0.113281 0.138889
-1 0.348047 0.734722 0.046094 0.091667
2 0.683984 0.534722 0.077344 0.133333