4 0.489844 0.995139 0.065625 0.090278
4 0.433594 0.149306 0.071875 0.081944
4 0.583203 0.309028 0.069531 0.065278
4 0.423438 0.225000 0.056250 0.066667
4 0.495312 0.601389 0.087500 0.119444
4 0.628125 0.069444 0.035937 0.069444
4 0.681250 0.295833 0.056250 0.083333
4 0.848437 0.307639 0.051562 0.081944
4 0.592969 0.563194 0.043750 0.084722
4 0.769531 0.295139 0.046875 0.084722
4 0.320312 0.643750 0.085938 0.068056
4 0.677344 0.644444 0.085938 0.091667
4 0.523438 0.154861 0.051562 0.070833
4 0.758594 0.057639 0.040625 0.059722