1 0.055078 0.653472 0.096094 0.095833
0 0.071094 0.276389 0.142187 0.125000
0 0.160156 0.917361 0.176563 0.165278
1 0.404687 0.556250 0.135937 0.237500
-1 0.381250 0.497917 0.078125 0.148611
1 0.660937 0.389583 0.081250 0.118056
-1 0.674609 0.409722 0.047656 0.072222
-1 0.605859 0.188889 0.080469 0.102778
1 0.536328 0.281944 0.060156 0.063889
1 0.551172 0.425694 0.060156 0.087500
-1 0.552734 0.421528 0.036719 0.059722
0 0.379688 0.291667 0.050000 0.094444
1 0.807422 0.305556 0.063281 0.075000
1 0.706250 0.481944 0.084375 0.105556
1 0.303516 0.478472 0.063281 0.081944
-1 0.314844 0.482639 0.035937 0.054167