-1 0.430078 0.700000 0.038281 0.136111
-1 0.354687 0.758333 0.028125 0.161111
-1 0.381641 0.788889 0.038281 0.169444
-1 0.289844 0.678472 0.050000 0.198611
-1 0.185156 0.719444 0.050000 0.197222
-1 0.137109 0.675000 0.049219 0.202778
-1 0.618359 0.567361 0.041406 0.184722
-1 0.715625 0.548611 0.045312 0.111111
-1 0.744531 0.504167 0.035937 0.136111
-1 0.773438 0.255556 0.045312 0.175000
-1 0.737891 0.326389 0.066406 0.083333
-1 0.695703 0.313194 0.028906 0.134722
-1 0.616797 0.284028 0.041406 0.145833
-1 0.490625 0.422222 0.053125 0.172222
-1 0.567187 0.391667 0.042188 0.108333
-1 0.538672 0.520833 0.046094 0.186111
4 0.406250 1.001389 0.362500 0.236111
4 0.096094 0.372917 0.259375 0.218056
-1 0.198828 0.477778 0.049219 0.163889
-1 0.295703 0.505556 0.049219 0.125000
-1 0.342187 0.556250 0.035937 0.151389
-1 0.436328 0.384722 0.049219 0.186111
-1 0.386328 0.379861 0.053906 0.143056
-1 0.368359 0.331944 0.047656 0.163889
-1 0.400781 0.555556 0.042188 0.052778
-1 0.297266 0.386806 0.038281 0.181944
-1 0.648828 0.467361 0.035156 0.156944
-1 0.522266 0.313889 0.032031 0.133333
-1 0.251953 0.373611 0.035156 0.172222