0 0.105859 0.809028 0.074219 0.068056
1 0.133984 0.748611 0.069531 0.069444
0 0.403906 0.611111 0.075000 0.061111
0 0.528516 0.554167 0.057031 0.050000
1 0.549609 0.754167 0.061719 0.052778
0 0.508594 0.895833 0.070312 0.072222
4 0.503125 0.845139 0.034375 0.026389
4 0.376563 0.806944 0.018750 0.044444
4 0.459375 0.659722 0.021875 0.033333
0 0.467578 0.792361 0.089844 0.084722
1 0.616016 0.795139 0.071094 0.084722
0 0.619141 0.937500 0.086719 0.086111
0 0.768750 0.781250 0.056250 0.062500
0 0.746484 0.736111 0.050781 0.061111
5 0.270703 0.699306 0.064844 0.073611
0 0.710156 0.900694 0.051562 0.065278
0 0.925000 0.945833 0.098437 0.108333