0 0.188672 0.136806 0.111719 0.062500
0 0.062500 0.229861 0.110937 0.070833
0 0.137891 0.379861 0.086719 0.059722
0 0.110937 0.302778 0.104688 0.066667
0 0.381250 0.367361 0.139063 0.106944
0 0.351172 0.686111 0.161719 0.155556
3 0.217578 0.593056 0.080469 0.144444
0 0.587109 0.552083 0.166406 0.115278
0 0.521875 0.288194 0.107813 0.065278
0 0.728125 0.495139 0.132812 0.115278
0 0.638281 0.420139 0.095312 0.093056
0 0.832031 0.239583 0.118750 0.090278
0 0.653516 0.170139 0.078906 0.073611
0 0.878906 0.354861 0.107813 0.090278
0 0.889844 0.436111 0.092188 0.069444
3 0.267578 0.396528 0.055469 0.145833
3 0.907813 0.653472 0.100000 0.162500