1 0.219531 0.735417 0.068750 0.081944
0 0.399219 0.825694 0.067187 0.062500
0 0.497266 0.773611 0.071094 0.063889
1 0.547656 0.639583 0.064062 0.059722
1 0.040625 0.838194 0.082812 0.068056
4 0.775781 0.808333 0.034375 0.041667
1 0.286719 0.775000 0.064062 0.080556
-1 0.290234 0.772222 0.042969 0.052778
0 0.687500 0.801389 0.092188 0.136111
0 0.463281 0.553472 0.078125 0.059722
0 0.336328 0.427083 0.058594 0.059722
0 0.639062 0.459028 0.082812 0.073611
0 0.907813 0.936806 0.104688 0.098611
0 0.909766 0.385417 0.060156 0.040278
0 0.918750 0.567361 0.070312 0.051389