0 0.136719 0.489583 0.065625 0.093056
0 0.188281 0.406250 0.070312 0.062500
0 0.070312 0.763889 0.075000 0.130556
3 0.080469 0.472222 0.054688 0.180556
0 0.025391 0.615278 0.035156 0.066667
0 0.385156 0.556250 0.064062 0.098611
1 0.425391 0.604167 0.075781 0.111111
1 0.248828 0.518056 0.061719 0.094444
1 0.166797 0.784028 0.061719 0.151389
0 0.585938 0.910417 0.079687 0.179167
4 0.418359 0.859722 0.025781 0.044444
2 0.301953 1.033333 0.085156 0.147222
1 0.464844 0.289583 0.070312 0.079167
3 0.468359 0.434028 0.072656 0.145833
1 0.605859 0.307639 0.055469 0.095833
0 0.778516 0.410417 0.089844 0.098611
0 0.260547 0.754167 0.082031 0.130556
0 0.542969 0.666667 0.070312 0.130556
0 0.805859 0.272917 0.060156 0.101389
0 0.368359 0.259028 0.057031 0.095833
0 0.748437 0.822222 0.087500 0.175000
0 0.674219 0.713889 0.064062 0.108333