1 0.315234 0.559722 0.085156 0.091667
0 0.197266 0.318750 0.138281 0.084722
0 0.264453 0.758333 0.147656 0.119444
5 0.143359 0.543056 0.075781 0.125000
0 0.461719 0.517361 0.062500 0.087500
0 0.602344 0.864583 0.084375 0.148611
1 0.647656 0.604861 0.104688 0.137500
1 0.559375 0.636111 0.075000 0.097222
1 0.472656 0.923611 0.085938 0.119444
0 0.385156 0.681250 0.085938 0.081944
1 0.487500 0.336806 0.059375 0.070833
0 0.612891 0.479861 0.078906 0.087500
1 0.715625 0.452778 0.065625 0.066667
0 0.669531 0.360417 0.057813 0.054167
0 0.713672 0.308333 0.061719 0.055556
0 0.889844 0.450694 0.070312 0.081944
1 0.662500 0.200000 0.050000 0.047222
0 0.932422 0.635417 0.130469 0.156944
1 0.710156 0.821528 0.075000 0.106944