0 0.148438 0.475694 0.081250 0.126389
1 0.168359 0.506944 0.083594 0.122222
4 0.078906 0.788194 0.026562 0.045833
1 0.308984 0.181944 0.082031 0.091667
3 0.264844 0.378472 0.084375 0.168056
1 0.451562 0.261806 0.057813 0.101389
0 0.601172 0.462500 0.103906 0.113889
0 0.269531 0.630556 0.085938 0.158333
0 0.674609 0.321528 0.069531 0.118056
0 0.195312 0.134722 0.062500 0.105556
0 0.438281 0.898611 0.101562 0.202778
0 0.387109 0.744444 0.074219 0.125000
3 0.758984 0.484028 0.080469 0.151389
1 0.400781 0.234028 0.059375 0.090278
1 0.552734 0.365972 0.052344 0.076389
3 0.813672 0.611806 0.085156 0.084722
0 0.862891 0.505556 0.063281 0.097222
0 0.707422 0.624306 0.071094 0.115278
0 0.748828 0.191667 0.044531 0.075000