0 0.138672 0.559722 0.108594 0.136111
0 0.066016 0.634722 0.133594 0.144444
0 0.348828 0.656944 0.103906 0.122222
1 0.251953 0.825000 0.111719 0.177778
-1 0.223438 0.811806 0.050000 0.137500
1 0.418359 0.476389 0.086719 0.111111
-1 0.404297 0.423611 0.039844 0.075000
0 0.335938 0.328472 0.068750 0.168056
0 0.560937 0.575694 0.120313 0.115278
0 0.531250 0.722222 0.120313 0.150000
0 0.515625 0.887500 0.120313 0.194444
3 0.119141 0.352083 0.055469 0.248611
3 0.248828 0.258333 0.091406 0.158333
3 0.062500 0.507639 0.060937 0.259722
0 0.456250 1.023611 0.120313 0.205556
0 0.736328 0.904861 0.135156 0.184722
0 0.705859 1.066667 0.096094 0.152778
5 0.680469 0.448611 0.110937 0.141667
5 0.790234 0.513194 0.061719 0.123611
4 0.842969 0.834028 0.020313 0.070833
4 0.916797 0.843056 0.032031 0.047222
0 0.656250 0.251389 0.115625 0.163889