-1 0.396484 0.894444 0.042969 0.150000
-1 0.277734 0.908333 0.046094 0.150000
-1 0.751953 0.790278 0.041406 0.183333
-1 0.698828 0.784028 0.038281 0.187500
-1 0.673828 1.027083 0.042969 0.170833
-1 0.682813 1.002083 0.037500 0.137500
-1 0.314063 0.549306 0.042188 0.140278
-1 0.078906 0.697222 0.054688 0.172222
-1 0.055859 0.785417 0.041406 0.179167
-1 0.401172 0.403472 0.061719 0.140278
-1 0.173437 0.438194 0.032813 0.115278
-1 0.031250 0.679861 0.039062 0.162500
-1 0.846875 0.847222 0.029687 0.194444
-1 0.673828 1.006944 0.028906 0.144444
-1 0.982031 0.400000 0.034375 0.158333
-1 0.714453 0.473611 0.025781 0.147222
-1 0.705859 0.588194 0.046094 0.173611
-1 0.717969 0.420833 0.039062 0.180556
-1 0.882812 0.612500 0.039062 0.133333
-1 0.880078 0.409722 0.030469 0.119444
-1 0.784375 0.444444 0.029687 0.094444
-1 0.845313 1.018750 0.023438 0.118056
-1 0.811719 1.009722 0.018750 0.122222
-1 0.828906 0.947222 0.028125 0.091667
-1 0.858594 1.022222 0.035937 0.083333
-1 0.751953 0.102778 0.030469 0.125000
-1 0.421094 0.242361 0.035937 0.140278
-1 0.359375 0.265972 0.039062 0.115278
-1 0.793359 0.229167 0.027344 0.158333
-1 0.808203 0.254861 0.024219 0.123611
-1 0.873828 0.300694 0.036719 0.098611
-1 1.017187 0.215278 0.035937 0.116667
-1 0.658203 0.142361 0.044531 0.143056
-1 0.673828 0.112500 0.027344 0.122222
-1 0.917969 0.804861 0.032813 0.179167
-1 0.901172 0.791667 0.030469 0.172222
-1 0.848437 0.423611 0.029687 0.130556
-1 0.769531 0.356944 0.029687 0.102778
-1 0.815234 0.427083 0.033594 0.087500
-1 0.946875 0.501389 0.029687 0.105556