0 0.135937 0.125694 0.101562 0.056944
0 -0.012891 0.200000 0.122656 0.077778
0 0.020313 0.371528 0.082812 0.056944
0 0.017578 0.283333 0.110156 0.069444
0 0.288672 0.388194 0.153906 0.118056
0 0.179688 0.739583 0.178125 0.170833
3 0.058203 0.620139 0.092969 0.168056
0 0.461328 0.609028 0.166406 0.115278
0 0.447656 0.309722 0.118750 0.072222
0 0.634766 0.563889 0.153906 0.133333
0 0.553125 0.469444 0.110937 0.108333
0 0.803906 0.286806 0.143750 0.109722
0 0.625391 0.191667 0.096094 0.088889
0 0.836719 0.416667 0.118750 0.100000
0 0.830469 0.511111 0.101562 0.077778
3 0.167187 0.393056 0.060937 0.161111
3 0.832031 0.780556 0.121875 0.197222