-1 0.085938 0.491667 0.043750 0.194444
-1 0.208984 0.470833 0.033594 0.122222
-1 0.232031 0.429167 0.039062 0.150000
-1 0.303906 0.188889 0.045312 0.175000
-1 0.271094 0.263194 0.076563 0.095833
-1 0.203516 0.246528 0.028906 0.134722
-1 0.156250 0.220833 0.053125 0.186111
-1 0.065625 0.331944 0.046875 0.119444
-1 0.029297 0.447222 0.046094 0.186111
-1 0.136328 0.352083 0.028906 0.129167
-1 0.040234 0.241667 0.036719 0.152778
-1 0.383984 0.147222 0.044531 0.105556
4 0.392969 0.675694 0.279687 0.306944
-1 0.575000 0.042361 0.048438 0.143056