1 0.278125 0.990278 0.187500 0.255556
-1 0.291797 0.907639 0.088281 0.101389
-1 0.335938 0.995833 0.059375 0.180556
4 0.465625 0.932639 0.050000 0.129167
4 0.476172 0.852778 0.038281 0.094444
4 0.110937 0.764583 0.048438 0.104167
0 0.562891 0.822917 0.167969 0.248611
0 0.201953 0.752778 0.114844 0.263889
0 0.742188 0.675000 0.181250 0.258333
4 0.250000 0.511806 0.056250 0.079167
0 0.478906 0.330556 0.143750 0.169444
0 0.251953 0.379861 0.152344 0.181944
1 0.592187 0.309722 0.109375 0.183333
-1 0.609766 0.257639 0.061719 0.062500