0 0.014063 0.913194 0.087500 0.148611
1 0.112109 0.357639 0.061719 0.090278
0 0.188281 0.667361 0.125000 0.112500
0 0.227734 0.902778 0.155469 0.133333
1 0.483984 0.823611 0.107031 0.152778
-1 0.486719 0.827778 0.084375 0.119444
0 0.385937 0.788889 0.112500 0.125000
1 0.550000 0.440972 0.073438 0.079167
0 0.183594 0.223611 0.065625 0.075000
0 0.417187 0.225000 0.114062 0.069444
0 0.536328 0.603472 0.121094 0.098611
5 0.404687 0.411111 0.062500 0.102778
0 0.669922 0.410417 0.053906 0.076389
0 0.825391 0.706944 0.069531 0.122222
1 0.840234 0.497222 0.082031 0.108333
1 0.767578 0.516667 0.067969 0.088889
0 0.290625 0.422222 0.062500 0.066667