1 0.102344 0.615972 0.101562 0.112500
-1 0.096094 0.607639 0.082812 0.081944
-1 0.117969 0.825000 0.137500 0.158333
0 0.312891 0.471528 0.088281 0.101389
1 0.093359 0.493750 0.096094 0.090278
2 0.031641 0.593056 0.064844 0.172222
4 0.260547 0.473611 0.036719 0.055556
1 0.559766 0.854861 0.130469 0.218056
5 0.459375 0.611806 0.123438 0.176389
0 0.288281 0.373611 0.081250 0.086111
1 0.726953 0.483333 0.066406 0.102778
1 0.643750 0.515278 0.075000 0.138889
1 0.657422 0.352778 0.086719 0.083333
1 0.791797 0.823611 0.096094 0.172222