1 0.871094 0.617361 0.151562 0.179167
1 0.373437 0.717361 0.145313 0.184722
0 0.499219 0.500000 0.151562 0.147222
0 0.710156 0.540972 0.106250 0.123611
4 0.593359 0.681944 0.053906 0.052778
4 0.822656 0.767361 0.068750 0.054167
0 0.573047 0.797917 0.080469 0.120833
0 0.596484 0.869444 0.083594 0.102778
4 0.295312 0.548611 0.050000 0.055556
5 0.694141 0.990972 0.144531 0.226389
-1 0.340625 0.744444 0.051562 0.102778
0 0.168359 0.649306 0.191406 0.143056
4 0.416016 0.854861 0.047656 0.059722
4 0.461719 0.795833 0.046875 0.050000
1 0.470703 0.356250 0.175781 0.115278
-1 0.433203 0.350694 0.089844 0.084722
1 0.098047 0.314583 0.114844 0.098611
0 0.186719 0.358333 0.098437 0.088889