-1 0.088281 0.800694 0.046875 0.165278
-1 0.284766 0.646528 0.046094 0.204167
-1 0.419141 0.613889 0.047656 0.116667
-1 0.429688 0.590278 0.039062 0.150000
-1 0.486719 0.333333 0.045312 0.175000
-1 0.452344 0.407639 0.076563 0.095833
-1 0.393359 0.396528 0.028906 0.134722
-1 0.331641 0.379167 0.047656 0.169444
-1 0.178125 0.506944 0.053125 0.172222
-1 0.254688 0.484722 0.046875 0.119444
-1 0.225000 0.604861 0.048438 0.195833
-1 0.129688 0.476389 0.046875 0.177778
-1 0.083984 0.468750 0.053906 0.143056
-1 0.067578 0.425000 0.047656 0.163889
-1 0.072266 0.641667 0.044531 0.055556
-1 0.326172 0.527083 0.036719 0.165278
-1 0.222266 0.405556 0.036719 0.152778
-1 0.334375 0.212500 0.046875 0.166667
-1 0.670703 0.309722 0.044531 0.105556
-1 0.601562 0.198611 0.042188 0.136111
4 0.607031 0.820139 0.279687 0.306944
-1 0.746094 0.175694 0.048438 0.143056
-1 0.633594 0.125000 0.039062 0.161111
-1 0.694141 0.154167 0.041406 0.163889