1 0.259766 0.839583 0.175781 0.115278
-1 0.221875 0.818750 0.081250 0.076389
1 0.654297 0.652778 0.152344 0.116667
0 0.535937 0.829167 0.146875 0.108333
0 0.040625 0.545139 0.140625 0.090278
0 0.436719 0.606944 0.118750 0.105556
1 0.674219 0.940972 0.142187 0.115278
4 0.380469 0.411111 0.026562 0.038889
4 0.323828 0.382639 0.036719 0.048611
4 0.551562 0.336806 0.026562 0.045833
4 0.573438 0.360417 0.031250 0.043056
4 0.484375 0.370833 0.029687 0.036111
0 0.692187 0.450694 0.110937 0.081944
5 0.599609 0.523611 0.117969 0.108333
5 0.818359 0.864583 0.117969 0.229167
0 0.792578 0.356250 0.099219 0.068056
0 0.398828 0.252778 0.130469 0.080556