1 0.214062 0.745139 0.068750 0.081944
0 0.392188 0.840972 0.067187 0.062500
0 0.492578 0.790278 0.071094 0.063889
1 0.548438 0.654167 0.067187 0.063889
1 0.023828 0.838194 0.078906 0.065278
4 0.771875 0.833333 0.035937 0.044444
1 0.282813 0.786111 0.064062 0.080556
-1 0.285547 0.784722 0.042969 0.052778
0 0.684375 0.823611 0.092188 0.136111
0 0.465625 0.564583 0.078125 0.059722
0 0.342578 0.435417 0.058594 0.059722
0 0.643750 0.475694 0.082812 0.073611
0 0.903516 0.946528 0.110156 0.104167
0 0.919141 0.403472 0.060156 0.040278
0 0.925000 0.589583 0.070312 0.051389
1 0.763281 0.660417 0.064062 0.068056
1 0.630078 0.661111 0.047656 0.083333
1 0.283203 0.596528 0.058594 0.104167