1 0.290234 0.738889 0.116406 0.177778
-1 0.291406 0.740278 0.096875 0.141667
2 0.219922 0.925694 0.074219 0.201389
2 0.292969 0.960417 0.109375 0.170833
2 0.487891 1.029861 0.116406 0.334722
1 0.546875 0.629861 0.206250 0.281944
-1 0.542188 0.540972 0.092188 0.106944
-1 0.591406 0.621528 0.065625 0.198611
4 0.681641 0.694444 0.053906 0.122222
4 0.708594 0.571528 0.050000 0.129167
4 0.721094 0.505556 0.040625 0.100000
1 0.317969 0.631250 0.132812 0.195833
-1 0.351562 0.595139 0.068750 0.104167
0 0.706641 1.030556 0.150781 0.269444
4 0.793359 0.650000 0.075781 0.080556
4 0.346484 0.382639 0.050781 0.109722
0 0.807813 0.491667 0.176563 0.261111
0 0.441797 0.376389 0.114844 0.263889