1 0.207031 0.952778 0.123438 0.177778
-1 0.209375 0.937500 0.084375 0.119444
0 0.091797 0.909722 0.124219 0.138889
1 0.343750 0.502083 0.081250 0.087500
0 0.217578 0.254861 0.138281 0.084722
0 0.299609 0.690278 0.133594 0.108333
5 0.175000 0.475000 0.068750 0.113889
0 0.486719 0.466667 0.059375 0.083333
0 0.631641 0.806944 0.080469 0.141667
1 0.671094 0.556944 0.095312 0.125000
1 0.583984 0.586111 0.067969 0.088889
0 0.039062 0.487500 0.079687 0.086111
1 0.510547 0.858333 0.082031 0.113889
0 0.417578 0.622222 0.082031 0.077778
1 0.501953 0.290972 0.057031 0.068056
0 0.628125 0.436111 0.075000 0.083333
1 0.728125 0.418056 0.065625 0.066667
0 0.681250 0.328472 0.057813 0.054167
0 0.719141 0.272222 0.058594 0.052778
0 0.896094 0.416667 0.067187 0.077778