1 0.017969 0.586111 0.073438 0.086111
2 0.166406 0.667361 0.062500 0.101389
2 0.176953 0.997917 0.072656 0.137500
0 0.224219 0.713889 0.151562 0.158333
0 0.351562 0.578472 0.081250 0.101389
2 0.425391 0.657639 0.074219 0.093056
0 0.229687 0.914583 0.107813 0.129167
4 0.372266 0.753472 0.032031 0.059722
4 0.020703 0.854861 0.042969 0.054167
1 0.532422 0.504167 0.061719 0.088889
-1 0.533594 0.499306 0.029687 0.065278
0 0.655859 0.506250 0.055469 0.081944
2 0.810156 0.514583 0.075000 0.159722
2 0.900391 0.328472 0.082031 0.118056
2 0.708594 0.248611 0.071875 0.086111