1 0.030859 0.656944 0.183594 0.252778
0 0.073047 0.189583 0.216406 0.209722
0 0.354297 0.340972 0.247656 0.204167
4 0.862109 0.663889 0.069531 0.094444
4 0.622656 0.279167 0.056250 0.063889
4 0.784375 0.363194 0.037500 0.062500
1 0.543750 0.143056 0.223438 0.116667
4 0.574609 0.636111 0.060156 0.086111
4 0.646094 0.331250 0.026562 0.054167
4 0.523047 0.219444 0.044531 0.044444
-1 -0.001953 0.651389 0.164844 0.125000
0 0.928906 0.080556 0.103125 0.144444
4 0.896875 0.584722 0.056250 0.077778
4 0.675781 0.175694 0.028125 0.054167
4 0.829297 0.084722 0.025781 0.052778
4 0.819141 0.322917 0.046094 0.068056
4 0.900000 0.295833 0.045312 0.055556