1 0.092578 0.951389 0.124219 0.208333
5 0.020703 0.736806 0.107031 0.151389
1 0.318359 0.603472 0.060156 0.093056
1 0.228516 0.634028 0.071094 0.131944
1 0.271484 0.490278 0.096094 0.091667
1 0.341016 0.895833 0.096094 0.172222
1 0.460547 0.627083 0.080469 0.093056
-1 0.454688 0.626389 0.056250 0.058333
-1 0.400391 0.642361 0.028906 0.081944
2 0.450391 0.738889 0.085156 0.111111
0 0.547656 0.818750 0.087500 0.148611
1 0.501172 0.327778 0.058594 0.086111
0 0.395703 0.320833 0.080469 0.061111
0 0.628906 0.603472 0.125000 0.112500
0 0.718750 0.807639 0.128125 0.109722