1 0.639844 0.261806 0.118750 0.140278
1 0.791016 0.714583 0.127344 0.198611
-1 0.791016 0.689583 0.091406 0.090278
0 0.380859 0.709028 0.142969 0.109722
1 0.263672 0.417361 0.132031 0.168056
0 0.309375 0.204167 0.137500 0.133333
0 0.507812 0.222917 0.087500 0.101389
4 0.843359 0.407639 0.036719 0.068056
4 0.421484 0.357639 0.044531 0.043056
4 0.634375 0.392361 0.051562 0.040278
0 0.435937 0.468750 0.084375 0.126389
0 0.503906 0.494444 0.096875 0.119444
4 0.551562 0.858333 0.028125 0.094444
0 0.888672 0.586806 0.077344 0.095833
4 0.128906 0.288889 0.045312 0.050000