0 0.159375 0.205556 0.279687 0.227778
4 0.769531 0.704861 0.076563 0.104167
4 0.515234 0.188194 0.061719 0.070833
4 0.677344 0.282639 0.037500 0.062500
4 0.344141 0.560417 0.063281 0.090278
4 0.532422 0.247222 0.030469 0.063889
4 0.419922 0.121528 0.049219 0.048611
4 0.742188 0.531944 0.068750 0.094444
4 0.610938 0.082639 0.031250 0.059722
4 0.738281 0.249306 0.048438 0.070833
4 0.850000 0.222917 0.054688 0.068056
4 0.795703 0.480556 0.039844 0.077778
4 0.796484 0.236111 0.036719 0.066667
4 0.528906 0.512500 0.078125 0.061111