0 0.061328 0.360417 0.074219 0.065278
0 0.239844 0.576389 0.070312 0.108333
1 0.269531 0.619444 0.079687 0.116667
1 0.098047 0.498611 0.061719 0.094444
4 0.210156 0.909028 0.026562 0.045833
1 0.367188 0.293750 0.078125 0.087500
3 0.344922 0.476389 0.080469 0.161111
1 0.510547 0.345139 0.055469 0.095833
0 0.674219 0.504167 0.098437 0.108333
0 0.064844 0.754861 0.095312 0.151389
0 0.376563 0.724306 0.078125 0.143056
0 0.729297 0.355556 0.066406 0.111111
0 0.275391 0.238889 0.060156 0.100000
0 0.564844 0.954167 0.092188 0.183333
0 0.505078 0.809722 0.074219 0.125000
3 0.809766 0.489583 0.072656 0.137500
1 0.458594 0.327778 0.056250 0.086111
1 0.616797 0.422222 0.047656 0.069444
3 0.888672 0.607639 0.085156 0.084722