-1 0.253906 0.981944 0.045312 0.158333
-1 0.120703 0.968750 0.039844 0.129167
-1 0.661719 0.926389 0.043750 0.191667
-1 0.605469 0.895139 0.042188 0.206944
-1 0.265234 0.609722 0.050781 0.169444
-1 0.383203 0.476389 0.064844 0.147222
-1 0.119531 0.465972 0.034375 0.120833
-1 0.766016 0.982639 0.025781 0.168056
-1 0.705859 0.599306 0.027344 0.154167
-1 0.659766 0.685417 0.046094 0.173611
-1 0.748828 0.558333 0.047656 0.219444
-1 0.857812 0.764583 0.040625 0.140278
-1 0.891016 0.551389 0.032031 0.125000
-1 0.782813 0.561806 0.032813 0.104167
-1 0.829297 0.211806 0.033594 0.137500
-1 0.438281 0.314583 0.039062 0.154167
-1 0.363672 0.335417 0.042969 0.126389
-1 0.841797 0.378472 0.036719 0.212500
-1 0.839063 0.372222 0.029687 0.150000
-1 0.923047 0.434722 0.042969 0.113889
-1 0.726172 0.233333 0.057031 0.183333
-1 0.740625 0.204861 0.039062 0.170833
-1 0.852344 0.963194 0.031250 0.170833
-1 0.867578 0.976389 0.030469 0.172222
-1 0.854688 0.558333 0.028125 0.125000
-1 0.782031 0.479167 0.032813 0.113889
-1 0.812891 0.564583 0.036719 0.095833
-1 0.971875 0.669444 0.028125 0.100000
-1 0.623047 0.153472 0.035156 0.143056
-1 0.658984 0.230556 0.038281 0.136111
4 0.158984 0.322222 0.203906 0.158333
4 0.265625 0.285417 0.185938 0.195833
4 0.038281 0.405556 0.139063 0.191667
4 0.762109 0.720833 0.144531 0.247222