0 0.053516 0.381944 0.099219 0.094444
5 0.156250 0.512500 0.128125 0.163889
0 0.280078 0.372222 0.121094 0.172222
0 0.223438 0.224306 0.062500 0.090278
4 0.315234 0.447222 0.024219 0.038889
4 0.453906 0.632639 0.028125 0.045833
4 0.416797 0.580556 0.030469 0.055556
1 0.483984 0.333333 0.063281 0.091667
4 0.358984 0.698611 0.038281 0.055556
4 0.580078 0.908333 0.039844 0.055556
2 0.670312 0.504861 0.073438 0.109722
0 0.811328 0.475694 0.085156 0.115278
1 0.598437 0.225694 0.062500 0.079167
-1 0.594141 0.233333 0.025781 0.052778
0 0.551953 0.372222 0.071094 0.127778
4 0.765234 0.563889 0.019531 0.050000
4 0.746484 0.522917 0.019531 0.040278
4 0.725781 0.614583 0.025000 0.031944
4 0.712891 0.673611 0.028906 0.030556
4 0.554297 0.617361 0.017969 0.051389
0 0.501563 0.626389 0.079687 0.125000