0 0.175000 0.132639 0.106250 0.059722
0 0.039844 0.221528 0.110937 0.070833
0 0.107813 0.377083 0.082812 0.056944
0 0.085156 0.298611 0.104688 0.066667
0 0.359375 0.371528 0.139063 0.106944
0 0.310547 0.697222 0.161719 0.155556
3 0.181641 0.601389 0.080469 0.144444
0 0.555078 0.565972 0.158594 0.109722
0 0.502344 0.293750 0.107813 0.065278
0 0.704688 0.510417 0.139063 0.120833
0 0.615234 0.433333 0.105469 0.102778
0 0.822266 0.249306 0.130469 0.098611
0 0.641797 0.172917 0.078906 0.073611
0 0.864062 0.371528 0.107813 0.090278
0 0.872656 0.451389 0.092188 0.069444
3 0.239453 0.392361 0.055469 0.145833
3 0.886719 0.684028 0.100000 0.162500