1 0.321094 0.631944 0.121875 0.186111
-1 0.320312 0.632639 0.101562 0.148611
2 0.251953 0.837500 0.077344 0.211111
2 0.326562 0.852083 0.109375 0.170833
2 0.519141 0.927083 0.116406 0.334722
1 0.584375 0.521528 0.217188 0.295833
-1 0.578906 0.428472 0.101562 0.118056
-1 0.632812 0.513889 0.062500 0.188889
4 0.724219 0.587500 0.056250 0.127778
4 0.751172 0.461111 0.052344 0.136111
4 0.763281 0.390972 0.042188 0.104167
1 0.347656 0.521528 0.132812 0.195833
-1 0.380469 0.484028 0.071875 0.109722
0 0.747266 0.920833 0.150781 0.269444
4 0.839063 0.543750 0.079687 0.084722
4 0.371484 0.261806 0.050781 0.109722