0 0.573047 0.947222 0.174219 0.283333
1 0.181250 0.847917 0.207813 0.301389
-1 0.216016 0.920833 0.058594 0.155556
1 0.248438 0.432639 0.107813 0.206944
1 0.460547 0.509722 0.139844 0.202778
-1 0.463672 0.496528 0.075781 0.159722
0 0.714063 0.600000 0.142187 0.197222
1 0.386719 1.018056 0.128125 0.288889
1 0.120313 0.366667 0.115625 0.211111
-1 0.161328 0.314583 0.058594 0.093056
-1 0.120703 0.390278 0.074219 0.119444
3 0.376953 0.400000 0.064844 0.172222
0 0.755859 0.300694 0.119531 0.123611
0 0.939453 0.240278 0.119531 0.125000
0 0.831250 0.582639 0.118750 0.226389
4 0.884375 0.810417 0.050000 0.062500
3 0.748437 0.865278 0.076563 0.072222
3 0.400781 0.766667 0.139063 0.200000
4 0.760938 0.149306 0.018750 0.051389
3 0.320312 0.255556 0.135937 0.108333