0 0.205078 0.992361 0.100781 0.120833
1 0.009766 0.945139 0.108594 0.168056
-1 0.023438 0.937500 0.046875 0.091667
0 0.011719 0.665972 0.076563 0.084722
0 0.247656 0.440972 0.065625 0.093056
0 0.286719 0.367361 0.070312 0.062500
0 0.210547 0.702083 0.071094 0.123611
3 0.191016 0.431944 0.052344 0.172222
0 0.162891 0.927083 0.075781 0.106944
0 0.160547 0.554167 0.035156 0.066667
0 0.492188 0.498611 0.060937 0.094444
1 0.534766 0.534722 0.075781 0.111111
1 0.365234 0.460417 0.058594 0.090278
1 0.311328 0.703472 0.061719 0.151389
0 0.716797 0.813194 0.075781 0.170833
4 0.552734 0.765278 0.024219 0.041667
2 0.465234 0.925000 0.085156 0.147222
1 0.543750 0.249306 0.070312 0.079167
3 0.551562 0.365972 0.062500 0.126389
1 0.014844 0.520139 0.071875 0.070833
1 0.681641 0.265278 0.052344 0.091667
0 0.851953 0.352083 0.085156 0.093056
0 0.393750 0.677083 0.075000 0.118056
0 0.653906 0.589583 0.064062 0.118056