4 0.692578 0.897917 0.027344 0.084722
1 0.415234 0.802778 0.183594 0.252778
4 0.044922 0.513889 0.036719 0.047222
0 0.347656 0.350000 0.206250 0.200000
0 0.200000 0.284028 0.107813 0.093056
0 0.035937 0.232639 0.159375 0.151389
0 0.615234 0.452778 0.260156 0.213889
4 0.756250 0.789583 0.029687 0.073611
4 0.860938 0.601389 0.031250 0.075000
4 0.910937 0.532639 0.051562 0.070833
4 0.734766 0.326389 0.046094 0.052778
4 0.888281 0.379167 0.028125 0.047222
1 0.580469 0.212500 0.175000 0.091667
5 0.205859 0.722222 0.075781 0.136111
4 0.844141 0.652778 0.042969 0.061111
4 0.770703 0.373611 0.022656 0.047222
4 0.639844 0.300694 0.040625 0.040278
-1 0.417969 0.783333 0.142187 0.108333