0 0.238281 0.917361 0.095312 0.162500
0 0.114453 0.866667 0.110156 0.216667
0 0.518359 0.590972 0.091406 0.109722
1 0.327734 0.618056 0.089844 0.138889
-1 0.325000 0.603472 0.040625 0.079167
0 0.210156 0.613194 0.076563 0.123611
0 0.238672 0.397222 0.072656 0.080556
0 0.386328 0.165278 0.057031 0.080556
0 0.391406 0.124306 0.064062 0.056944
0 0.434766 0.371528 0.071094 0.123611
1 0.650391 0.850000 0.096094 0.213889
3 0.188672 0.740972 0.196094 0.090278
3 0.307031 0.190278 0.039062 0.127778
0 0.457813 0.558333 0.065625 0.091667
0 0.332031 0.290972 0.040625 0.076389
0 0.762500 0.859028 0.067187 0.106944
5 0.771875 0.608333 0.109375 0.155556
0 0.616406 0.163889 0.050000 0.077778
1 0.660156 0.185417 0.059375 0.087500
1 0.505859 0.172222 0.050781 0.077778
1 0.516797 0.362500 0.050781 0.125000
0 0.852344 0.361111 0.059375 0.133333