1 0.659375 0.262500 0.125000 0.147222
1 0.791797 0.725694 0.127344 0.198611
-1 0.791797 0.700694 0.091406 0.090278
0 0.383203 0.706250 0.142969 0.109722
1 0.277734 0.410417 0.132031 0.168056
0 0.333594 0.197222 0.137500 0.133333
0 0.528125 0.224306 0.092188 0.106944
4 0.859766 0.417361 0.036719 0.068056
4 0.439453 0.356250 0.044531 0.043056
4 0.648828 0.397222 0.053906 0.041667
0 0.449219 0.464583 0.084375 0.126389
0 0.511719 0.497222 0.092188 0.113889
4 0.548438 0.862500 0.028125 0.094444
0 0.895703 0.600694 0.077344 0.095833
4 0.152344 0.277778 0.045312 0.050000