-1 -0.000781 0.806944 0.050000 0.175000
-1 0.449219 0.843750 0.045312 0.201389
-1 0.388281 0.810417 0.042188 0.206944
-1 0.093359 0.441667 0.050781 0.169444
-1 0.274219 0.324306 0.071875 0.162500
-1 0.533594 0.923611 0.034375 0.225000
-1 0.591016 0.497917 0.027344 0.154167
-1 0.519141 0.557639 0.046094 0.173611
-1 0.630469 0.450000 0.067187 0.308333
-1 0.711328 0.708333 0.042969 0.147222
-1 0.795703 0.489583 0.033594 0.131944
-1 0.676562 0.472917 0.032813 0.104167
-1 0.827734 0.127083 0.036719 0.151389
-1 0.367969 0.170139 0.039062 0.154167
-1 0.280469 0.186806 0.040625 0.120833
-1 0.794141 0.325000 0.039844 0.233333
-1 0.793750 0.293750 0.034375 0.173611
-1 0.676562 0.148611 0.057813 0.183333
-1 0.739062 0.106250 0.039062 0.170833
-1 0.646875 0.907639 0.032813 0.179167
-1 0.760156 0.489583 0.031250 0.137500
-1 0.692969 0.395833 0.032813 0.113889
-1 0.707422 0.479861 0.033594 0.087500
-1 0.804688 0.733333 0.029687 0.105556
-1 0.606641 0.031944 0.036719 0.150000
-1 0.633984 0.120833 0.038281 0.136111
4 0.062109 0.130556 0.214844 0.166667
4 0.191406 0.151389 0.195312 0.205556
4 0.603125 0.657639 0.151562 0.259722
-1 0.806250 0.691667 0.032813 0.113889
-1 0.946094 0.510417 0.028125 0.195833
-1 0.900391 0.750694 0.032031 0.170833
-1 0.932813 0.714583 0.035937 0.220833
-1 0.867969 0.518750 0.037500 0.154167