0 0.130859 0.125694 0.111719 0.062500
0 0.276953 0.392361 0.153906 0.118056
0 0.160156 0.746528 0.178125 0.170833
3 0.046484 0.622917 0.092969 0.168056
0 0.444922 0.614583 0.166406 0.115278
0 0.440625 0.313889 0.118750 0.072222
0 0.621875 0.572917 0.160938 0.140278
0 0.541406 0.476389 0.110937 0.108333
0 0.799609 0.295139 0.158594 0.120833
0 0.621484 0.195139 0.091406 0.084722
0 0.831250 0.424306 0.125000 0.104167
0 0.821094 0.519444 0.101562 0.077778
3 0.156250 0.395833 0.060937 0.161111
3 0.807422 0.786806 0.127344 0.206944