0 0.064453 0.365972 0.074219 0.065278
0 0.242969 0.577778 0.070312 0.108333
1 0.272656 0.623611 0.079687 0.116667
1 0.101953 0.502778 0.061719 0.094444
4 0.214062 0.913194 0.026562 0.045833
1 0.369531 0.297917 0.078125 0.087500
3 0.346484 0.480556 0.080469 0.161111
1 0.513672 0.347917 0.055469 0.095833
0 0.676562 0.505556 0.098437 0.108333
0 0.068750 0.759028 0.095312 0.151389
0 0.381641 0.726389 0.074219 0.136111
0 0.730859 0.356944 0.066406 0.111111
0 0.277734 0.244444 0.060156 0.100000
0 0.570312 0.958333 0.092188 0.183333
0 0.508984 0.809722 0.074219 0.125000
3 0.811328 0.489583 0.072656 0.137500
1 0.461719 0.329167 0.056250 0.086111
1 0.619141 0.425000 0.047656 0.069444
3 0.891797 0.607639 0.085156 0.084722