4 0.549609 0.943750 0.080469 0.109722
4 0.420703 0.170833 0.067969 0.077778
4 0.572656 0.307639 0.039062 0.065278
4 0.034766 0.525000 0.069531 0.100000
4 0.415234 0.240278 0.033594 0.069444
4 0.530859 0.594444 0.083594 0.113889
4 0.587500 0.077778 0.035937 0.069444
4 0.664062 0.296528 0.053125 0.079167
4 0.805078 0.284722 0.049219 0.077778
4 0.615234 0.551389 0.039844 0.077778
4 0.741406 0.279167 0.042188 0.077778
4 0.350391 0.605556 0.082031 0.063889
4 0.703125 0.620833 0.070312 0.075000
4 0.501563 0.168056 0.046875 0.063889
4 0.701172 0.063194 0.038281 0.056944