-1 0.392969 0.841667 0.043750 0.191667
-1 0.328516 0.804861 0.044531 0.218056
-1 0.044922 0.427778 0.050781 0.169444
-1 0.238281 0.313194 0.071875 0.162500
-1 0.476953 0.922917 0.038281 0.248611
-1 0.549609 0.495833 0.025781 0.147222
-1 0.477344 0.547222 0.048438 0.183333
-1 0.593750 0.448611 0.067187 0.308333
-1 0.760156 0.484722 0.037500 0.144444
-1 0.638281 0.470139 0.032813 0.104167
-1 0.810937 0.117361 0.039062 0.159722
-1 0.336719 0.161806 0.039062 0.154167
-1 0.246875 0.172917 0.040625 0.120833
-1 0.766016 0.306250 0.036719 0.212500
-1 0.764062 0.289583 0.032813 0.165278
-1 0.652344 0.143056 0.054688 0.175000
-1 0.715625 0.093750 0.039062 0.170833
-1 0.593750 0.907639 0.032813 0.179167
-1 0.722656 0.488194 0.031250 0.137500
-1 0.657813 0.393056 0.032813 0.113889
-1 0.673828 0.484722 0.032031 0.083333
-1 0.760156 0.734028 0.031250 0.109722
-1 0.587109 0.020833 0.036719 0.150000
-1 0.610156 0.112500 0.042188 0.150000
4 0.028125 0.113889 0.225000 0.175000
4 0.158594 0.120139 0.204687 0.215278
4 0.552344 0.659028 0.151562 0.259722
-1 0.761719 0.694444 0.031250 0.108333
-1 0.913281 0.517361 0.028125 0.195833
-1 0.857422 0.755556 0.035156 0.188889
-1 0.891406 0.718750 0.035937 0.220833
-1 0.834375 0.521528 0.037500 0.154167