0 0.342578 0.895139 0.100781 0.120833
1 0.153125 0.861111 0.098437 0.152778
-1 0.178125 0.837500 0.042188 0.083333
0 0.050781 0.807639 0.076563 0.123611
0 0.131641 0.595139 0.069531 0.076389
0 0.331641 0.370139 0.060156 0.084722
0 0.358594 0.299306 0.067187 0.059722
0 0.322266 0.615972 0.071094 0.123611
3 0.255859 0.377778 0.047656 0.155556
0 0.301953 0.821528 0.075781 0.106944
0 0.249219 0.490278 0.039062 0.072222
5 0.665234 0.972917 0.153906 0.218056
0 0.572266 0.411111 0.052344 0.080556
1 0.617969 0.442361 0.068750 0.101389
1 0.448437 0.383333 0.056250 0.086111
1 0.419141 0.608333 0.058594 0.144444
0 0.810156 0.685417 0.068750 0.154167
4 0.650781 0.652083 0.023438 0.040278
4 0.441016 0.944444 0.027344 0.063889
4 0.502734 0.954861 0.032031 0.037500
1 0.192969 0.969444 0.125000 0.152778
-1 0.170313 0.949306 0.048438 0.095833
2 0.585156 0.799306 0.081250 0.140278
1 0.595313 0.177778 0.064062 0.072222
3 0.612500 0.278472 0.051562 0.104167
1 0.110937 0.463194 0.065625 0.065278
1 0.731250 0.188194 0.050000 0.087500
0 0.896875 0.258333 0.081250 0.088889
0 0.495703 0.581250 0.071094 0.112500
0 0.731250 0.485417 0.060937 0.112500