-1 0.432031 0.838194 0.045312 0.201389
-1 0.369531 0.802083 0.042188 0.206944
-1 0.080078 0.430556 0.050781 0.169444
-1 0.265625 0.315972 0.071875 0.162500
-1 0.515625 0.918056 0.034375 0.225000
-1 0.580078 0.493750 0.027344 0.154167
-1 0.508203 0.550694 0.046094 0.173611
-1 0.621875 0.445833 0.067187 0.308333
-1 0.697266 0.708333 0.042969 0.147222
-1 0.783984 0.482639 0.033594 0.131944
-1 0.667969 0.468750 0.032813 0.104167
-1 0.825391 0.120139 0.036719 0.151389
-1 0.360938 0.163194 0.039062 0.154167
-1 0.273438 0.178472 0.040625 0.120833
-1 0.787500 0.311806 0.034375 0.201389
-1 0.787500 0.288194 0.034375 0.173611
-1 0.673438 0.140278 0.057813 0.183333
-1 0.734375 0.097917 0.039062 0.170833
-1 0.630469 0.909028 0.032813 0.179167
-1 0.750000 0.486806 0.031250 0.137500
-1 0.685156 0.388889 0.032813 0.113889
-1 0.699609 0.481250 0.033594 0.087500
-1 0.791406 0.731250 0.031250 0.109722
-1 0.605078 0.023611 0.036719 0.150000
-1 0.630859 0.114583 0.039844 0.143056
4 0.055859 0.125000 0.214844 0.166667
4 0.182812 0.138889 0.195312 0.205556
4 0.589844 0.652083 0.151562 0.259722
-1 0.793750 0.687500 0.032813 0.113889
-1 0.937500 0.510417 0.028125 0.195833
-1 0.890234 0.745139 0.032031 0.170833
-1 0.921875 0.720139 0.035937 0.220833
-1 0.860938 0.515972 0.037500 0.154167