1 0.114844 0.759028 0.212500 0.293056
0 0.176953 0.301389 0.238281 0.230556
0 0.058594 0.213889 0.118750 0.102778
0 0.429297 0.448611 0.286719 0.236111
4 0.874219 0.686806 0.065625 0.090278
4 0.662500 0.362500 0.056250 0.063889
4 0.815625 0.442361 0.035937 0.059722
1 0.517969 0.208333 0.212500 0.111111
4 0.657813 0.715278 0.051562 0.075000
4 0.681250 0.414583 0.026562 0.054167
4 0.554297 0.311111 0.042969 0.041667
-1 0.108984 0.744444 0.157031 0.119444
0 0.913281 0.164583 0.098437 0.137500
4 0.943359 0.652083 0.053906 0.073611
4 0.687500 0.264583 0.028125 0.054167
4 0.814453 0.168056 0.024219 0.050000
4 0.840234 0.399306 0.046094 0.068056