1 0.008984 0.374306 0.061719 0.090278
0 0.071484 0.704167 0.144531 0.130556
0 0.100000 0.950000 0.171875 0.147222
1 0.378906 0.872222 0.112500 0.161111
-1 0.381641 0.875000 0.080469 0.113889
0 0.281250 0.831944 0.112500 0.125000
1 0.474609 0.465278 0.077344 0.083333
0 0.094141 0.234028 0.075781 0.087500
0 0.346094 0.236111 0.114062 0.069444
0 0.448828 0.636806 0.121094 0.098611
5 0.321875 0.433333 0.062500 0.102778
0 0.603516 0.435417 0.057031 0.079167
0 0.753125 0.749306 0.073438 0.129167
1 0.777344 0.523611 0.090625 0.119444
1 0.701953 0.549306 0.071094 0.093056
0 0.193750 0.445139 0.065625 0.070833
1 0.648828 0.793056 0.074219 0.102778
4 0.503906 0.976389 0.039062 0.044444
0 0.551172 0.575694 0.074219 0.070833
1 0.606250 0.279167 0.051562 0.061111
0 0.725391 0.413889 0.067969 0.075000