0 0.199609 0.530556 0.108594 0.136111
0 0.132031 0.624306 0.140625 0.151389
0 0.419531 0.587500 0.109375 0.127778
1 0.339453 0.776389 0.111719 0.177778
-1 0.308984 0.775000 0.047656 0.130556
1 0.469922 0.394444 0.091406 0.116667
-1 0.451562 0.343056 0.034375 0.063889
0 0.374219 0.257639 0.071875 0.176389
0 0.622266 0.468750 0.114844 0.109722
0 0.603906 0.620139 0.126562 0.156944
0 0.587109 0.772917 0.114844 0.184722
3 0.155469 0.306250 0.064062 0.287500
3 0.280859 0.200000 0.091406 0.158333
3 0.063281 0.523611 0.057813 0.247222
0 0.541797 0.913889 0.099219 0.169444
0 0.814453 0.767361 0.128906 0.176389
0 0.810937 0.922917 0.092188 0.145833
5 0.732812 0.322222 0.110937 0.141667
5 0.842578 0.365972 0.061719 0.123611
4 0.905859 0.668750 0.019531 0.068056
4 0.973047 0.665278 0.032031 0.047222