0 0.112500 0.581250 0.076563 0.087500
4 0.046875 0.585417 0.025000 0.037500
1 0.304297 0.895833 0.124219 0.208333
5 0.226172 0.693750 0.107031 0.151389
0 0.078125 0.495833 0.081250 0.086111
1 0.498828 0.554167 0.063281 0.097222
1 0.414453 0.585417 0.071094 0.131944
1 0.445703 0.440972 0.091406 0.087500
1 0.541016 0.852778 0.096094 0.172222
1 0.644922 0.585417 0.080469 0.093056
-1 0.638281 0.581944 0.056250 0.058333
-1 0.584766 0.597222 0.030469 0.086111
2 0.640234 0.695833 0.085156 0.111111
0 0.747656 0.784722 0.096875 0.163889
1 0.666797 0.273611 0.058594 0.086111
0 0.558203 0.266667 0.080469 0.061111
0 0.812500 0.563194 0.125000 0.112500