0 0.037500 0.599306 0.076563 0.087500
1 0.223047 0.895833 0.124219 0.208333
5 0.147266 0.710417 0.107031 0.151389
1 0.426172 0.568056 0.063281 0.097222
1 0.338672 0.600694 0.071094 0.131944
1 0.374609 0.458333 0.096094 0.091667
1 0.460547 0.865278 0.096094 0.172222
1 0.568750 0.598611 0.076563 0.088889
-1 0.564844 0.594444 0.059375 0.061111
-1 0.509766 0.611111 0.030469 0.086111
2 0.559766 0.705556 0.085156 0.111111
0 0.666406 0.793056 0.096875 0.163889
1 0.596484 0.294444 0.058594 0.086111
0 0.491016 0.283333 0.080469 0.061111
0 0.735156 0.575694 0.125000 0.112500