0 0.070312 0.355556 0.139063 0.080556
0 0.154688 0.445833 0.126562 0.086111
0 0.196484 0.227778 0.121094 0.075000
0 0.473828 0.227083 0.124219 0.073611
0 0.304688 0.521528 0.131250 0.104167
5 0.274219 0.325694 0.079687 0.098611
0 0.540625 0.259722 0.135937 0.075000
0 0.623047 0.095833 0.107031 0.063889
0 0.500000 0.359028 0.117188 0.073611
0 0.539844 0.644444 0.179688 0.130556
0 0.689453 0.477778 0.105469 0.072222
0 0.596484 0.427778 0.110156 0.069444
5 0.453906 0.495833 0.131250 0.125000
3 0.018750 0.580556 0.125000 0.211111
3 0.160547 0.731944 0.124219 0.144444
3 0.357031 0.853472 0.153125 0.173611
0 0.899219 0.438194 0.132812 0.101389