-1 0.408203 0.826389 0.042969 0.150000
-1 0.305078 0.838194 0.039844 0.129167
-1 0.703906 0.711111 0.035937 0.158333
-1 0.658594 0.699306 0.032813 0.162500
-1 0.648047 0.934028 0.044531 0.179167
-1 0.678906 0.976389 0.035937 0.130556
-1 0.290625 0.520139 0.035937 0.120833
-1 0.124219 0.668056 0.050000 0.155556
-1 0.106250 0.738194 0.037500 0.162500
-1 0.367969 0.390972 0.056250 0.126389
-1 0.174609 0.434722 0.028906 0.100000
-1 0.071875 0.648611 0.035937 0.147222
-1 0.791406 0.740278 0.023438 0.152778
-1 0.648828 0.927778 0.028906 0.144444
-1 0.870313 0.359028 0.031250 0.143056
-1 0.649609 0.440278 0.025781 0.147222
-1 0.645312 0.548611 0.035937 0.136111
-1 0.637891 0.383333 0.030469 0.141667
-1 0.800781 0.544444 0.039062 0.133333
-1 0.778906 0.368056 0.026562 0.102778
-1 0.703125 0.406944 0.029687 0.094444
-1 0.847656 1.024306 0.028125 0.143056
-1 0.779687 1.000694 0.020313 0.134722
-1 0.780469 0.842361 0.029687 0.095833
-1 0.817969 0.911111 0.035937 0.083333
-1 0.641016 0.111111 0.027344 0.113889
-1 0.369922 0.249306 0.032031 0.126389
-1 0.319922 0.279861 0.035156 0.104167
-1 0.960938 0.465972 0.029687 0.170833
-1 0.689844 0.216667 0.023438 0.136111
-1 0.705469 0.246528 0.021875 0.112500
-1 0.775391 0.269444 0.033594 0.088889
-1 0.889844 0.194444 0.032813 0.105556
-1 0.558594 0.159722 0.040625 0.130556
-1 0.570703 0.120833 0.028906 0.127778