-1 0.457813 0.768750 0.040625 0.143056
-1 0.360938 0.788889 0.037500 0.122222
-1 0.564063 1.057639 0.032813 0.151389
-1 0.727344 0.663889 0.034375 0.150000
-1 0.687500 0.656250 0.032813 0.162500
-1 0.687109 0.895139 0.042969 0.170833
-1 0.712891 0.972222 0.039844 0.144444
-1 0.332813 0.496528 0.034375 0.115278
-1 0.188281 0.641667 0.050000 0.155556
-1 0.174219 0.697917 0.037500 0.162500
-1 0.560547 1.016667 0.032031 0.169444
-1 0.405859 0.372917 0.050781 0.115278
-1 0.228516 0.415278 0.028906 0.100000
-1 0.136328 0.618750 0.033594 0.140278
-1 0.808984 0.697917 0.022656 0.145833
-1 0.670703 1.025000 0.028906 0.144444
-1 0.871094 0.327778 0.028125 0.130556
-1 0.673047 0.415278 0.025781 0.147222
-1 0.680469 0.517361 0.032813 0.123611
-1 0.657422 0.361111 0.030469 0.141667
-1 0.813672 0.510417 0.036719 0.126389
-1 0.787500 0.343056 0.026562 0.102778
-1 0.727734 0.376389 0.024219 0.077778
-1 0.856250 0.929167 0.026562 0.136111
-1 0.808203 0.927778 0.021094 0.141667
-1 0.802344 0.789583 0.026562 0.087500
-1 0.841406 0.846528 0.034375 0.079167
-1 0.651172 0.101389 0.027344 0.113889
-1 0.404687 0.239583 0.028125 0.109722
-1 0.358203 0.269444 0.033594 0.100000
-1 0.960938 0.432639 0.026562 0.154167
-1 0.701172 0.200000 0.022656 0.130556
-1 0.716797 0.234028 0.024219 0.123611
-1 0.782422 0.252778 0.033594 0.088889
-1 0.885938 0.179167 0.032813 0.105556
-1 0.576172 0.152083 0.036719 0.118056
-1 0.585938 0.113194 0.025000 0.109722