1 0.100391 0.947222 0.124219 0.208333
5 0.028516 0.734028 0.107031 0.151389
1 0.324609 0.599306 0.060156 0.093056
1 0.234766 0.631250 0.071094 0.131944
1 0.277734 0.486111 0.096094 0.091667
1 0.348828 0.891667 0.096094 0.172222
1 0.467578 0.625694 0.080469 0.093056
-1 0.460938 0.620833 0.056250 0.058333
-1 0.407422 0.638194 0.028906 0.081944
2 0.455859 0.736111 0.085156 0.111111
0 0.555469 0.815278 0.092188 0.155556
1 0.507422 0.325000 0.058594 0.086111
0 0.402734 0.315278 0.080469 0.061111
0 0.634375 0.602083 0.125000 0.112500
0 0.725781 0.804861 0.128125 0.109722