2 0.346484 1.011806 0.161719 0.201389
4 0.684766 0.709028 0.053906 0.068056
4 0.190234 0.690972 0.077344 0.081944
4 0.314453 0.629167 0.047656 0.072222
4 0.365625 0.658333 0.062500 0.058333
4 0.638281 0.512500 0.048438 0.055556
4 0.693750 0.397917 0.040625 0.084722
0 0.850000 1.019444 0.215625 0.277778
1 0.278906 0.463889 0.162500 0.213889
4 0.779297 0.636111 0.064844 0.050000
4 0.758594 0.555556 0.053125 0.044444
4 0.739453 0.460417 0.058594 0.051389
4 0.966016 0.439583 0.036719 0.062500
4 0.788672 0.352778 0.047656 0.069444
4 0.883594 0.407639 0.050000 0.062500
1 0.926562 0.589583 0.143750 0.140278
0 0.127734 0.490278 0.166406 0.202778