1 0.804688 0.279861 0.137500 0.162500
1 0.864453 0.803472 0.139844 0.218056
-1 0.867578 0.766667 0.100781 0.100000
0 0.419922 0.735417 0.142969 0.109722
1 0.357422 0.404861 0.132031 0.168056
0 0.448828 0.197917 0.144531 0.140278
0 0.655078 0.219444 0.096094 0.111111
4 0.551172 0.357639 0.044531 0.043056
4 0.772266 0.419444 0.057031 0.044444
0 0.541016 0.474306 0.080469 0.120833
0 0.584375 0.526389 0.087500 0.108333
4 0.585156 0.912500 0.028125 0.094444
4 0.257031 0.254167 0.045312 0.050000
5 0.668750 0.642361 0.125000 0.195833
-1 0.325391 0.431944 0.049219 0.097222