1 0.269141 0.562500 0.085156 0.091667
0 0.173828 0.309028 0.138281 0.084722
0 0.198828 0.761111 0.147656 0.119444
5 0.098047 0.533333 0.075781 0.125000
0 0.421875 0.527778 0.065625 0.091667
0 0.535937 0.897917 0.084375 0.148611
1 0.604688 0.627083 0.104688 0.137500
1 0.510156 0.658333 0.075000 0.097222
1 0.398047 0.963194 0.099219 0.137500
0 0.322656 0.692361 0.085938 0.081944
1 0.467187 0.342361 0.059375 0.070833
0 0.584766 0.496528 0.078906 0.087500
1 0.691406 0.477778 0.068750 0.069444
0 0.652344 0.379861 0.060937 0.056944
0 0.701953 0.325000 0.061719 0.055556
0 0.877734 0.480556 0.074219 0.086111
1 0.663672 0.215278 0.052344 0.050000
0 0.905859 0.686806 0.130469 0.156944
1 0.649219 0.859028 0.075000 0.106944
1 0.748437 0.636806 0.096875 0.076389
1 0.355078 0.452083 0.064844 0.054167