0 0.138672 0.525000 0.082031 0.075000
1 0.128906 0.443750 0.073438 0.073611
0 0.368359 0.265278 0.071094 0.058333
0 0.483203 0.190278 0.069531 0.061111
1 0.563672 0.397222 0.061719 0.052778
0 0.592187 0.546528 0.078125 0.079167
4 0.534375 0.497222 0.035937 0.027778
4 0.393359 0.476389 0.017969 0.041667
4 0.434766 0.306944 0.019531 0.030556
0 0.484375 0.447222 0.085938 0.080556
1 0.632031 0.430556 0.075000 0.088889
0 0.682422 0.573611 0.086719 0.086111
0 0.783594 0.399306 0.059375 0.065278
0 0.745703 0.350000 0.046094 0.055556
0 0.819922 0.739583 0.078906 0.112500
5 0.409766 0.795833 0.217969 0.275000
5 0.278125 0.368056 0.082812 0.094444
1 0.712891 0.702778 0.077344 0.108333
-1 0.718750 0.720833 0.059375 0.063889