1 0.237109 0.842361 0.175781 0.115278
-1 0.200781 0.821528 0.081250 0.076389
1 0.637891 0.658333 0.152344 0.116667
0 0.520312 0.833333 0.120313 0.088889
0 0.034375 0.550694 0.140625 0.090278
0 0.426563 0.612500 0.118750 0.105556
4 0.378125 0.420139 0.025000 0.037500
4 0.322266 0.390972 0.038281 0.051389
4 0.550781 0.345139 0.026562 0.045833
4 0.571875 0.368750 0.031250 0.043056
4 0.482031 0.380556 0.026562 0.033333
0 0.686328 0.459722 0.116406 0.086111
5 0.592578 0.534722 0.117969 0.108333
5 0.794922 0.871528 0.117969 0.229167
0 0.788672 0.364583 0.099219 0.068056
0 0.401172 0.261111 0.130469 0.080556
1 0.565625 0.211111 0.079687 0.055556
0 0.264062 0.303472 0.110937 0.068056