1 0.224219 0.728472 0.068750 0.081944
0 0.407031 0.810417 0.067187 0.062500
0 0.501953 0.754167 0.071094 0.063889
1 0.546875 0.621528 0.064062 0.059722
1 0.039453 0.836806 0.078906 0.065278
4 0.775781 0.779167 0.034375 0.041667
1 0.293750 0.765278 0.064062 0.080556
-1 0.294922 0.765278 0.044531 0.055556
0 0.690625 0.775000 0.092188 0.136111
0 0.457813 0.540972 0.078125 0.059722
0 0.326172 0.421528 0.058594 0.059722
0 0.629687 0.445139 0.082812 0.073611
0 0.912500 0.896528 0.104688 0.098611
0 0.891016 0.363194 0.060156 0.040278
0 0.907031 0.539583 0.067187 0.048611