0 0.186719 0.987500 0.085938 0.147222
0 0.065625 0.910417 0.115625 0.226389
0 0.489844 0.674306 0.095312 0.115278
1 0.293359 0.687500 0.089844 0.138889
-1 0.293750 0.667361 0.040625 0.079167
0 0.179688 0.664583 0.076563 0.123611
0 0.223828 0.451389 0.072656 0.080556
0 0.390234 0.225000 0.057031 0.080556
0 0.405469 0.159028 0.064062 0.056944
0 0.422266 0.436806 0.071094 0.123611
1 0.602734 0.964583 0.100781 0.223611
3 0.148438 0.793750 0.178125 0.081944
3 0.314063 0.232639 0.045312 0.148611
0 0.430469 0.634028 0.068750 0.095833
0 0.323828 0.345833 0.042969 0.080556
0 0.734375 0.998611 0.073438 0.116667
5 0.762500 0.727083 0.126562 0.179167
0 0.623437 0.237500 0.050000 0.077778
1 0.667969 0.261806 0.065625 0.095833
1 0.509375 0.235417 0.053125 0.081944
1 0.507812 0.433333 0.053125 0.130556
0 0.864062 0.463889 0.065625 0.147222
4 0.720703 0.447222 0.021094 0.036111
4 0.569531 0.727778 0.023438 0.055556
4 0.625391 0.781944 0.030469 0.036111
4 0.489063 0.910417 0.021875 0.056944
3 0.298438 0.961806 0.106250 0.159722
1 0.366797 0.769444 0.113281 0.138889
-1 0.325781 0.765972 0.048438 0.095833
2 0.678516 0.577778 0.077344 0.133333