0 0.081250 0.233333 0.279687 0.227778
4 0.708594 0.784028 0.076563 0.104167
4 0.479297 0.187500 0.064844 0.075000
4 0.635156 0.297917 0.037500 0.062500
4 0.242578 0.559028 0.063281 0.090278
4 0.488672 0.251389 0.030469 0.063889
4 0.396094 0.122917 0.051562 0.051389
4 0.673047 0.557639 0.075781 0.104167
4 0.596094 0.086806 0.032813 0.062500
4 0.707812 0.270139 0.053125 0.079167
4 0.828125 0.250694 0.057813 0.070833
4 0.734375 0.513194 0.043750 0.084722
4 0.773828 0.250000 0.036719 0.066667
4 0.468359 0.538889 0.082031 0.063889
4 0.821094 0.564583 0.064062 0.068056
4 0.305469 0.151389 0.060937 0.052778
4 0.545312 0.175000 0.042188 0.058333