0 0.014063 0.543750 0.095312 0.134722
0 0.004687 0.418750 0.051562 0.073611
4 0.109766 0.591667 0.032031 0.052778
4 0.113672 0.780556 0.033594 0.055556
4 0.088672 0.730556 0.032031 0.058333
1 0.226562 0.510417 0.060937 0.087500
4 0.002734 0.837500 0.038281 0.055556
2 0.374219 0.652083 0.073438 0.065278
0 0.527734 0.640972 0.089844 0.120833
1 0.370312 0.421528 0.062500 0.079167
-1 0.356641 0.416667 0.024219 0.050000
0 0.281641 0.547222 0.067969 0.122222
4 0.498437 0.863194 0.017188 0.043056
4 0.454297 0.685417 0.021094 0.043056
4 0.407031 0.768056 0.026562 0.033333
4 0.376953 0.820833 0.033594 0.036111
4 0.225000 0.765972 0.017188 0.048611
0 0.164453 0.770833 0.072656 0.113889
4 0.030859 0.677083 0.011719 0.043056
0 0.621875 0.528472 0.060937 0.073611
0 0.560937 0.735417 0.076563 0.118056
0 0.661719 0.718750 0.076563 0.123611
0 0.355859 0.513889 0.050781 0.108333
0 0.416797 0.528472 0.060156 0.087500