0 0.012891 0.229167 0.077344 0.069444
0 0.179297 0.487500 0.077344 0.119444
1 0.201172 0.526389 0.083594 0.122222
1 0.040234 0.373611 0.061719 0.094444
4 0.121875 0.806250 0.026562 0.045833
1 0.332422 0.200000 0.082031 0.091667
3 0.293359 0.395833 0.080469 0.161111
1 0.475000 0.274306 0.057813 0.101389
0 0.627734 0.465278 0.103906 0.113889
0 -0.003516 0.618056 0.086719 0.136111
0 0.304688 0.645833 0.085938 0.158333
0 0.698047 0.324306 0.069531 0.118056
0 0.226172 0.150000 0.060156 0.100000
0 0.478125 0.897222 0.101562 0.202778
0 0.423828 0.752778 0.074219 0.125000
3 0.782422 0.481250 0.080469 0.151389
1 0.424219 0.248611 0.056250 0.086111
1 0.576953 0.375694 0.052344 0.076389
3 0.841797 0.607639 0.085156 0.084722
0 0.890234 0.501389 0.063281 0.097222
0 0.737891 0.624306 0.071094 0.115278
0 0.766797 0.191667 0.044531 0.075000