-1 0.296875 0.895139 0.045312 0.201389
-1 0.233203 0.852778 0.046094 0.227778
-1 0.189062 0.340972 0.071875 0.162500
-1 0.375781 0.971528 0.031250 0.204167
-1 0.488672 0.543750 0.027344 0.154167
-1 0.420703 0.599306 0.046094 0.173611
-1 0.550781 0.427778 0.067187 0.161111
-1 0.717187 0.554167 0.037500 0.144444
-1 0.583594 0.534722 0.034375 0.108333
-1 0.791406 0.179861 0.039062 0.159722
-1 0.296094 0.197222 0.043750 0.169444
-1 0.203516 0.196528 0.042969 0.126389
-1 0.731250 0.381250 0.046875 0.270833
-1 0.729688 0.348611 0.029687 0.150000
-1 0.625000 0.186111 0.054688 0.175000
-1 0.695312 0.142361 0.040625 0.179167
-1 0.506250 0.972917 0.029687 0.162500
-1 0.666406 0.540278 0.032813 0.144444
-1 0.609375 0.445833 0.032813 0.113889
-1 0.616797 0.544444 0.032031 0.083333
-1 0.730469 0.708333 0.029687 0.141667
-1 0.567969 0.077083 0.039062 0.156944
-1 0.586328 0.153472 0.044531 0.156944
4 0.479687 0.715972 0.151562 0.259722
-1 0.688672 0.792361 0.030469 0.184722
-1 0.868750 0.588889 0.029687 0.205556
-1 0.787109 0.834028 0.036719 0.198611
-1 0.822656 0.803472 0.035937 0.220833
-1 0.785937 0.589583 0.039062 0.162500
-1 0.921875 0.790278 0.029687 0.150000
-1 0.967969 0.754167 0.034375 0.088889