1 0.638281 0.270139 0.118750 0.140278
1 0.793359 0.724306 0.127344 0.198611
-1 0.791797 0.696528 0.091406 0.090278
0 0.383203 0.720139 0.142969 0.109722
1 0.262109 0.429861 0.132031 0.168056
0 0.305469 0.216667 0.137500 0.133333
0 0.503906 0.235417 0.087500 0.101389
4 0.842578 0.415972 0.036719 0.068056
4 0.419922 0.370139 0.044531 0.043056
4 0.632031 0.403472 0.051562 0.040278
0 0.433594 0.481250 0.084375 0.126389
0 0.504687 0.506944 0.096875 0.119444
4 0.553125 0.870139 0.026562 0.090278
0 0.887891 0.593750 0.077344 0.095833
4 0.125000 0.302778 0.045312 0.050000