4 0.659375 0.870139 0.076563 0.104167
4 0.454297 0.200000 0.064844 0.075000
4 0.608594 0.321528 0.039062 0.065278
4 0.163672 0.562500 0.069531 0.100000
4 0.456641 0.266667 0.030469 0.063889
4 0.368750 0.125694 0.054688 0.054167
4 0.619141 0.590972 0.075781 0.104167
4 0.586719 0.102083 0.032813 0.062500
4 0.689844 0.296528 0.053125 0.079167
4 0.816797 0.282639 0.044531 0.070833
4 0.688672 0.549306 0.038281 0.073611
4 0.757812 0.285417 0.040625 0.073611
4 0.425391 0.575000 0.082031 0.063889
4 0.776563 0.603472 0.064062 0.068056
4 0.275781 0.161111 0.064062 0.055556
4 0.525391 0.190278 0.044531 0.061111
4 0.683984 0.079861 0.036719 0.054167