1 0.237500 0.843750 0.167187 0.109722
-1 0.199219 0.821528 0.081250 0.076389
1 0.636328 0.658333 0.152344 0.116667
0 0.515625 0.835417 0.126562 0.093056
0 0.032031 0.550694 0.140625 0.090278
0 0.425781 0.613889 0.118750 0.105556
4 0.377344 0.421528 0.025000 0.037500
4 0.322266 0.390972 0.038281 0.051389
4 0.551562 0.346528 0.026562 0.045833
4 0.571875 0.368750 0.031250 0.043056
4 0.482031 0.381944 0.026562 0.033333
0 0.685547 0.461111 0.116406 0.086111
5 0.592578 0.536111 0.117969 0.108333
5 0.792578 0.874306 0.117969 0.229167
0 0.788672 0.368750 0.094531 0.065278
0 0.400391 0.261111 0.130469 0.080556
1 0.564453 0.215278 0.083594 0.058333
0 0.257812 0.306250 0.110937 0.068056
4 0.489063 0.442361 0.034375 0.043056