0 0.357812 0.571528 0.114062 0.143056
0 0.137109 0.502778 0.103906 0.116667
0 0.109766 0.643056 0.122656 0.133333
0 0.311328 0.692361 0.127344 0.137500
0 0.574609 0.543056 0.103906 0.122222
1 0.533203 0.751389 0.111719 0.177778
-1 0.509766 0.763889 0.047656 0.130556
1 0.593359 0.340278 0.086719 0.111111
-1 0.564844 0.295833 0.029687 0.055556
0 0.471875 0.240972 0.068750 0.168056
0 0.610156 0.051389 0.075000 0.105556
0 0.749219 0.353472 0.120313 0.115278
0 0.750781 0.504167 0.109375 0.136111
0 0.756641 0.653472 0.114844 0.184722
3 0.252344 0.322917 0.067187 0.301389
3 0.371484 0.206250 0.086719 0.193056
3 0.232031 0.620833 0.057813 0.247222
0 0.741016 0.815278 0.094531 0.161111