4 0.685547 0.975694 0.160156 0.404167
4 0.517969 1.004861 0.117188 0.273611
4 0.812109 1.043750 0.125781 0.259722
-1 0.759766 0.191667 0.028906 0.136111
-1 0.730469 0.206944 0.025000 0.102778
-1 0.458203 0.378472 0.035156 0.162500
-1 0.703516 0.594444 0.049219 0.152778
-1 0.865625 0.584028 0.050000 0.109722
-1 0.476562 0.547917 0.031250 0.168056
-1 0.843359 0.557639 0.035156 0.115278
-1 0.641016 0.559722 0.042969 0.150000
-1 0.592578 0.554167 0.036719 0.152778
-1 0.725391 0.452083 0.033594 0.093056
-1 0.521875 0.381944 0.054688 0.094444
-1 0.800781 0.537500 0.037500 0.116667
-1 0.833203 0.858333 0.039844 0.122222
4 0.818750 0.747917 0.257812 0.170833
-1 0.301563 0.352083 0.039062 0.098611
-1 0.318359 0.408333 0.038281 0.097222
-1 0.416016 0.382639 0.049219 0.109722
-1 0.580078 0.509722 0.027344 0.147222
-1 0.108203 0.810417 0.041406 0.176389
-1 0.612500 0.895139 0.029687 0.134722
-1 0.598047 0.831944 0.025781 0.180556
-1 0.567187 0.428472 0.035937 0.131944
-1 0.540234 0.593750 0.035156 0.137500
-1 0.443750 0.285417 0.034375 0.131944
-1 0.503125 0.560417 0.025000 0.151389
-1 0.060937 0.363889 0.028125 0.105556
-1 0.773438 0.529167 0.029687 0.141667
-1 0.109766 0.409722 0.036719 0.108333
-1 0.307812 0.186806 0.034375 0.131944
-1 0.215625 0.195139 0.039062 0.137500
-1 0.168750 0.264583 0.042188 0.143056
-1 0.920703 0.547222 0.027344 0.136111