1 0.107422 0.669444 0.063281 0.097222
1 0.013281 0.691667 0.075000 0.138889
1 0.076172 0.552778 0.096094 0.091667
1 0.093359 0.962500 0.096094 0.172222
1 0.253516 0.692361 0.080469 0.093056
-1 0.243750 0.690278 0.056250 0.058333
-1 0.187109 0.708333 0.033594 0.094444
2 0.234766 0.808333 0.085156 0.111111
0 0.318750 0.884028 0.087500 0.148611
1 0.335938 0.395833 0.053125 0.077778
0 0.229297 0.387500 0.080469 0.061111
0 0.434375 0.671528 0.118750 0.106944
0 0.503125 0.877083 0.128125 0.109722
1 0.707031 0.815972 0.092188 0.131944
-1 0.709766 0.815972 0.069531 0.098611
0 0.617188 0.772222 0.101562 0.113889
1 0.716406 0.477778 0.070312 0.075000
0 0.384375 0.279861 0.059375 0.068056
0 0.579688 0.281250 0.098437 0.059722
0 0.724219 0.620139 0.104688 0.084722
5 0.589453 0.447222 0.053906 0.088889