1 0.875781 0.706250 0.159375 0.187500
1 0.376172 0.777083 0.138281 0.176389
0 0.518750 0.564583 0.167187 0.162500
0 0.718750 0.620139 0.106250 0.123611
4 0.599609 0.756944 0.053906 0.052778
4 0.822656 0.847917 0.068750 0.054167
0 0.572266 0.870139 0.080469 0.120833
4 0.307812 0.611111 0.050000 0.055556
-1 0.342578 0.804167 0.049219 0.097222
0 0.175391 0.703472 0.191406 0.143056
4 0.416797 0.921528 0.047656 0.059722
4 0.463281 0.862500 0.046875 0.050000
1 0.494531 0.424306 0.167187 0.109722
-1 0.453516 0.415972 0.089844 0.084722
1 0.124609 0.371528 0.114844 0.098611
0 0.209375 0.416667 0.098437 0.088889