0 0.155078 0.477778 0.077344 0.119444
1 0.175391 0.509722 0.083594 0.122222
4 0.089063 0.789583 0.026562 0.045833
1 0.314453 0.184722 0.082031 0.091667
3 0.271094 0.382639 0.084375 0.168056
1 0.457031 0.265972 0.057813 0.101389
0 0.606641 0.462500 0.103906 0.113889
0 0.277344 0.633333 0.085938 0.158333
0 0.681641 0.320139 0.069531 0.118056
0 0.201172 0.137500 0.060156 0.100000
0 0.446094 0.897222 0.101562 0.202778
0 0.395703 0.745833 0.074219 0.125000
3 0.764453 0.482639 0.080469 0.151389
1 0.406250 0.238194 0.059375 0.090278
1 0.557422 0.370139 0.052344 0.076389
3 0.820703 0.610417 0.085156 0.084722
0 0.869141 0.505556 0.063281 0.097222
0 0.715234 0.624306 0.071094 0.115278
0 0.752734 0.191667 0.044531 0.075000