0 0.040625 0.406944 0.081250 0.077778
5 0.090234 0.527083 0.116406 0.148611
0 0.220312 0.438889 0.100000 0.141667
0 0.199609 0.309028 0.049219 0.070833
4 0.305469 0.525000 0.025000 0.041667
4 0.328906 0.695139 0.028125 0.045833
4 0.305078 0.643056 0.030469 0.055556
1 0.419531 0.438194 0.060937 0.087500
4 0.230078 0.736111 0.038281 0.055556
4 0.399609 0.970833 0.038281 0.052778
2 0.568750 0.611806 0.073438 0.065278
0 0.726953 0.634028 0.089844 0.120833
1 0.553125 0.368750 0.062500 0.079167
-1 0.541016 0.365278 0.024219 0.050000
0 0.475391 0.484722 0.067969 0.122222
4 0.667188 0.709722 0.020313 0.052778
4 0.650781 0.662500 0.020313 0.041667
4 0.611719 0.743056 0.023438 0.030556
4 0.584766 0.793750 0.030469 0.031944
4 0.432031 0.706250 0.017188 0.048611
0 0.378516 0.701389 0.075781 0.119444
4 0.165625 0.655556 0.014063 0.052778
0 0.814844 0.525000 0.064062 0.077778
0 0.763281 0.740972 0.076563 0.118056
0 0.867578 0.743750 0.072656 0.118056