-1 0.333203 0.779861 0.039844 0.143056
-1 0.229687 0.833333 0.028125 0.161111
-1 0.261328 0.866667 0.039844 0.177778
-1 0.181250 0.767361 0.050000 0.198611
-1 0.073047 0.809028 0.052344 0.206944
-1 0.033984 0.780556 0.049219 0.202778
-1 0.522266 0.652083 0.046094 0.204167
-1 0.638281 0.627778 0.045312 0.111111
-1 0.659375 0.592361 0.037500 0.143056
-1 0.707812 0.338889 0.045312 0.175000
-1 0.666797 0.407639 0.069531 0.087500
-1 0.621484 0.402083 0.030469 0.140278
-1 0.543359 0.370833 0.047656 0.169444
-1 0.408594 0.512500 0.053125 0.172222
-1 0.484766 0.487500 0.049219 0.125000
-1 0.456641 0.609722 0.046094 0.186111
4 0.007422 0.481250 0.272656 0.229167
-1 0.107422 0.581944 0.049219 0.163889
-1 0.206250 0.609722 0.051562 0.130556
-1 0.248438 0.657639 0.035937 0.151389
-1 0.352734 0.476389 0.049219 0.186111
-1 0.310937 0.479167 0.051562 0.136111
-1 0.291016 0.433333 0.047656 0.163889
-1 0.289062 0.643056 0.042188 0.052778
-1 0.218750 0.486111 0.042188 0.200000
-1 0.561328 0.557639 0.038281 0.173611
-1 0.448047 0.403472 0.035156 0.145833
-1 0.171484 0.475000 0.035156 0.172222
-1 0.704297 0.250694 0.053906 0.193056