1 0.283594 0.477778 0.093750 0.136111
-1 0.280469 0.509028 0.060937 0.093056
-1 0.316016 0.242361 0.097656 0.123611
1 0.188672 0.346528 0.066406 0.070833
1 0.143359 0.503472 0.069531 0.101389
-1 0.141406 0.518750 0.046875 0.076389
1 0.488672 0.384028 0.069531 0.081944
1 0.285156 0.592361 0.107813 0.134722
2 0.360938 0.589583 0.064062 0.098611
2 0.621094 0.472222 0.051562 0.083333
2 0.742188 0.765278 0.076563 0.144444
0 0.706250 0.506944 0.125000 0.130556
0 0.785547 0.378472 0.077344 0.095833
2 0.871094 0.447917 0.067187 0.084722
0 0.777734 0.672917 0.102344 0.123611
4 0.852734 0.535417 0.027344 0.051389
4 0.564844 0.617361 0.040625 0.051389