1 0.278906 0.810417 0.192188 0.265278
0 0.277734 0.349306 0.227344 0.220833
0 0.136328 0.277083 0.113281 0.098611
0 0.541797 0.487500 0.272656 0.225000
4 0.800781 0.665278 0.034375 0.083333
4 0.911328 0.642361 0.060156 0.081944
4 0.710938 0.376389 0.048438 0.055556
4 0.869141 0.445139 0.032031 0.054167
1 0.577344 0.245833 0.212500 0.111111
5 0.071094 0.695139 0.079687 0.143056
4 0.769141 0.718056 0.042969 0.061111
4 0.742578 0.427778 0.022656 0.047222
4 0.612109 0.336111 0.042969 0.041667
-1 0.276953 0.798611 0.149219 0.113889
0 0.921875 0.173611 0.093750 0.130556