1 0.058203 0.413194 0.078906 0.101389
-1 0.070703 0.376389 0.039844 0.075000
0 0.074219 0.269444 0.062500 0.152778
0 0.131641 0.575694 0.114844 0.109722
0 0.039062 0.677083 0.126562 0.156944
5 0.301953 0.584722 0.122656 0.155556
5 0.315234 0.692361 0.058594 0.118056
0 0.345703 0.409722 0.121094 0.172222
0 0.217969 0.279167 0.065625 0.094444
4 0.423828 0.452778 0.028906 0.047222
4 0.609375 0.553472 0.028125 0.045833
4 0.562891 0.523611 0.025781 0.047222
0 0.155859 0.141667 0.077344 0.105556
1 0.525000 0.245833 0.073438 0.105556
4 0.556250 0.672222 0.034375 0.050000
4 0.792969 0.710417 0.032813 0.045833
2 0.719141 0.300000 0.066406 0.100000
0 0.816016 0.207639 0.077344 0.104167