-1 0.724609 0.525694 0.033594 0.118056
-1 0.657031 0.561806 0.029687 0.095833
-1 0.757812 0.823611 0.020313 0.077778
-1 0.759766 0.888194 0.022656 0.101389
-1 0.366797 0.897917 0.024219 0.087500
-1 0.856250 0.725694 0.029687 0.137500
-1 0.973437 0.826389 0.039062 0.066667
-1 0.980859 0.913194 0.024219 0.109722
-1 0.933203 0.944444 0.019531 0.105556
-1 0.954688 0.954861 0.017188 0.087500
-1 0.826172 0.886806 0.024219 0.109722
-1 0.805078 0.847222 0.022656 0.138889
-1 0.935547 0.386111 0.022656 0.108333
-1 0.884375 0.395139 0.026562 0.118056
-1 0.850391 0.388194 0.024219 0.120833
-1 0.935156 0.561111 0.025000 0.100000
-1 0.983203 0.636806 0.025781 0.098611
-1 0.957812 0.691667 0.029687 0.108333
-1 0.907813 0.840972 0.031250 0.059722
-1 0.869922 0.883333 0.025781 0.102778
-1 0.514844 0.315972 0.032813 0.109722
-1 0.458203 0.448611 0.035156 0.111111
-1 0.479687 0.511111 0.031250 0.133333
-1 0.883594 0.711806 0.028125 0.145833
-1 0.530469 0.197222 0.043750 0.100000
-1 0.428516 0.277778 0.021094 0.075000
-1 0.421094 0.465972 0.028125 0.115278