0 0.307031 0.948611 0.151562 0.147222
4 0.098437 0.956944 0.045312 0.050000
1 0.307812 0.821528 0.167187 0.109722
-1 0.269531 0.800694 0.081250 0.076389
1 -0.005078 0.702083 0.114844 0.098611
0 0.056250 0.754861 0.093750 0.084722
1 0.694531 0.631944 0.145313 0.111111
0 0.588281 0.810417 0.132812 0.098611
0 0.073047 0.526389 0.147656 0.094444
0 0.467969 0.584722 0.118750 0.105556
1 0.728125 0.934028 0.142187 0.115278
4 0.403125 0.387500 0.026562 0.038889
4 0.345703 0.356250 0.036719 0.048611
4 0.573438 0.311806 0.026562 0.045833
4 0.596094 0.334028 0.031250 0.043056
4 0.507031 0.345833 0.029687 0.036111
0 0.719531 0.425694 0.110937 0.081944
5 0.633594 0.500000 0.112500 0.102778
5 0.865234 0.835417 0.117969 0.229167
0 0.815234 0.331250 0.099219 0.068056
0 0.417578 0.226389 0.130469 0.080556