0 0.460156 0.725694 0.095312 0.115278
1 0.262500 0.729861 0.093750 0.145833
-1 0.263281 0.710417 0.040625 0.079167
0 0.152344 0.699306 0.076563 0.123611
0 0.205078 0.484722 0.072656 0.080556
0 0.382422 0.259722 0.057031 0.080556
0 0.401562 0.193750 0.064062 0.056944
0 0.401953 0.484028 0.071094 0.123611
1 0.569141 1.024306 0.100781 0.223611
3 0.114062 0.829861 0.178125 0.081944
3 0.308594 0.265972 0.045312 0.148611
0 0.403125 0.681250 0.071875 0.101389
0 0.308984 0.381944 0.042969 0.080556
5 0.741406 0.797917 0.126562 0.179167
0 0.618750 0.286111 0.050000 0.077778
1 0.662500 0.307639 0.065625 0.095833
1 0.502344 0.274306 0.053125 0.081944
1 0.490625 0.479861 0.056250 0.137500
0 0.860938 0.525000 0.065625 0.147222
4 0.710938 0.502083 0.021875 0.037500
4 0.541406 0.786111 0.023438 0.055556
4 0.598047 0.847917 0.032031 0.037500
4 0.451562 0.970139 0.021875 0.056944
1 0.335547 0.819444 0.113281 0.138889
-1 0.289844 0.811806 0.048438 0.095833
2 0.663281 0.638194 0.081250 0.140278
1 0.621875 0.068750 0.067187 0.076389
3 0.649609 0.192361 0.049219 0.098611