0 0.354687 0.887500 0.085938 0.147222
0 0.227344 0.865278 0.104688 0.205556
0 0.045703 0.774306 0.091406 0.176389
0 0.562109 0.511111 0.078906 0.094444
1 0.392578 0.580556 0.089844 0.138889
-1 0.383984 0.567361 0.038281 0.076389
0 0.275000 0.609028 0.073438 0.118056
0 0.557031 0.970833 0.078125 0.138889
0 0.269141 0.401389 0.072656 0.080556
0 0.369531 0.162500 0.051562 0.072222
0 0.365234 0.117361 0.055469 0.048611
0 0.448047 0.334028 0.071094 0.123611
1 0.696484 0.706944 0.078906 0.175000
3 0.648047 0.897222 0.077344 0.202778
3 0.275000 0.718056 0.160938 0.075000
3 0.294141 0.205556 0.035156 0.116667
0 0.500000 0.497917 0.062500 0.087500
0 0.338281 0.282639 0.040625 0.076389
0 0.800000 0.679167 0.057813 0.091667
5 0.773828 0.481250 0.094531 0.134722
0 0.576562 0.126389 0.050000 0.077778
1 0.619141 0.139583 0.053906 0.079167