4 0.889453 0.821528 0.113281 0.287500
4 0.755078 0.861806 0.091406 0.215278
4 0.995703 0.847917 0.085156 0.176389
-1 0.756641 0.147222 0.028906 0.136111
-1 0.733984 0.162500 0.030469 0.125000
-1 0.553906 0.341667 0.028125 0.127778
-1 0.811719 0.504167 0.040625 0.125000
-1 0.975781 0.447917 0.035937 0.109722
-1 0.328516 0.254861 0.030469 0.101389
-1 0.301953 0.213194 0.039844 0.140278
-1 0.232422 0.195833 0.030469 0.094444
-1 0.610547 0.472917 0.025781 0.137500
-1 0.917578 0.450694 0.033594 0.109722
-1 0.748828 0.474306 0.036719 0.129167
-1 0.708594 0.477083 0.031250 0.131944
-1 0.815625 0.350000 0.034375 0.091667
-1 0.610938 0.334028 0.040625 0.070833
-1 0.880469 0.433333 0.034375 0.105556
-1 0.984375 0.691667 0.029687 0.091667
4 0.953516 0.575694 0.211719 0.140278
-1 0.408984 0.329861 0.033594 0.084722
-1 0.434766 0.375694 0.033594 0.084722
-1 0.505078 0.352778 0.042969 0.094444
-1 0.690234 0.445833 0.024219 0.127778
-1 0.364063 0.762500 0.035937 0.152778
-1 0.814063 0.772222 0.026562 0.122222
-1 0.783984 0.727083 0.035156 0.140278
-1 0.658594 0.373611 0.031250 0.113889
-1 0.663672 0.486111 0.032031 0.125000
-1 0.518359 0.253472 0.025781 0.098611
-1 0.637500 0.497222 0.021875 0.130556