0 0.109766 0.946528 0.072656 0.101389
1 0.253125 0.743056 0.065625 0.077778
0 0.321875 0.943056 0.095312 0.105556
1 0.441797 0.936806 0.083594 0.084722
0 0.445312 0.804861 0.064062 0.059722
0 0.529297 0.747222 0.071094 0.063889
0 0.681250 0.947917 0.085938 0.098611
1 0.549219 0.622917 0.064062 0.059722
1 0.081641 0.863194 0.078906 0.065278
4 0.782813 0.746528 0.032813 0.040278
1 0.325781 0.772917 0.067187 0.084722
-1 0.329297 0.768056 0.042969 0.052778
1 0.559375 0.926389 0.087500 0.144444
0 0.704297 0.746528 0.083594 0.123611
0 0.450391 0.553472 0.074219 0.056944
0 0.303125 0.450694 0.053125 0.054167
0 0.602344 0.455556 0.075000 0.066667