0 0.050781 0.584028 0.103125 0.129167
0 0.222266 0.726389 0.103906 0.122222
1 0.103125 0.859722 0.106250 0.169444
-1 0.078516 0.841667 0.047656 0.130556
1 0.316797 0.573611 0.086719 0.111111
-1 0.313672 0.519444 0.039844 0.075000
0 0.262500 0.418750 0.068750 0.168056
0 0.442969 0.707639 0.120313 0.115278
0 0.388281 0.845139 0.126562 0.156944
3 0.059375 0.393750 0.064062 0.287500
3 0.198047 0.329861 0.086719 0.151389
5 0.572656 0.604167 0.110937 0.141667
5 0.674609 0.703472 0.064844 0.129167
0 0.584375 0.418056 0.115625 0.163889
0 0.426953 0.356250 0.072656 0.104167
4 0.669141 0.423611 0.032031 0.052778
4 0.855469 0.425000 0.025000 0.041667
4 0.817578 0.415278 0.027344 0.050000
0 0.290625 0.215278 0.093750 0.127778