1 0.114844 0.552778 0.093750 0.136111
-1 0.116406 0.584722 0.064062 0.097222
-1 0.185547 0.309028 0.092969 0.118056
1 0.041797 0.418750 0.069531 0.073611
1 0.331250 0.454167 0.073438 0.086111
1 0.099219 0.677083 0.107813 0.134722
2 0.185156 0.674306 0.070312 0.109722
2 0.475391 0.534722 0.057031 0.091667
2 0.557031 0.854167 0.084375 0.158333
0 0.551562 0.578472 0.137500 0.143056
0 0.646875 0.445139 0.081250 0.101389
2 0.729688 0.518056 0.070312 0.088889
0 0.605469 0.759028 0.107813 0.129167
4 0.701172 0.606250 0.028906 0.054167
4 0.389844 0.700694 0.039062 0.048611
1 0.809766 0.377778 0.061719 0.088889
-1 0.810156 0.368750 0.029687 0.065278