1 0.878125 0.735417 0.151562 0.179167
1 0.377344 0.803472 0.145313 0.184722
0 0.521875 0.592361 0.167187 0.162500
0 0.721484 0.647917 0.111719 0.129167
4 0.600391 0.783333 0.053906 0.052778
4 0.820312 0.878472 0.068750 0.054167
0 0.569922 0.893750 0.080469 0.120833
4 0.311719 0.634722 0.050000 0.055556
-1 0.342578 0.825000 0.049219 0.097222
0 0.176172 0.724306 0.191406 0.143056
4 0.414453 0.942361 0.047656 0.059722
4 0.463281 0.887500 0.046875 0.050000
1 0.500781 0.452083 0.167187 0.109722
-1 0.458203 0.442361 0.089844 0.084722
1 0.132422 0.392361 0.114844 0.098611
0 0.215625 0.438889 0.098437 0.088889
1 0.834766 0.180556 0.160156 0.122222
0 0.779297 0.391667 0.153906 0.113889