5 0.022266 0.564583 0.116406 0.148611
0 0.163281 0.475000 0.100000 0.141667
0 0.151953 0.350694 0.049219 0.070833
4 0.247266 0.556944 0.032031 0.052778
4 0.258203 0.716667 0.030469 0.050000
4 0.235547 0.663889 0.030469 0.055556
1 0.359375 0.465278 0.057813 0.083333
4 0.157031 0.756944 0.035937 0.052778
4 0.314453 0.972222 0.038281 0.052778
2 0.504687 0.622917 0.070312 0.062500
0 0.659766 0.638194 0.089844 0.120833
1 0.498437 0.392361 0.062500 0.079167
-1 0.485547 0.388889 0.024219 0.050000
0 0.413672 0.505556 0.067969 0.122222
4 0.595313 0.715278 0.020313 0.052778
4 0.582031 0.672222 0.020313 0.041667
4 0.539062 0.748611 0.023438 0.030556
4 0.508984 0.799306 0.030469 0.031944
4 0.360547 0.718750 0.017969 0.051389
0 0.306641 0.715278 0.072656 0.113889
4 0.096875 0.681250 0.012500 0.048611
0 0.753906 0.531250 0.060937 0.073611
0 0.691406 0.740972 0.076563 0.118056
0 0.797266 0.739583 0.072656 0.118056
0 0.486328 0.488889 0.050781 0.108333
0 0.543359 0.510417 0.060156 0.087500