1 0.167187 0.761806 0.076563 0.090278
0 0.332813 0.885417 0.070312 0.065278
0 0.439063 0.847222 0.075000 0.066667
1 0.513281 0.715278 0.067187 0.063889
4 0.725000 0.931944 0.035937 0.044444
1 0.231641 0.812500 0.071094 0.088889
-1 0.233984 0.813889 0.042969 0.052778
0 0.632812 0.909722 0.087500 0.130556
0 0.440234 0.611806 0.082031 0.062500
0 0.332422 0.463194 0.058594 0.059722
0 0.630078 0.543750 0.096094 0.084722
0 0.919531 0.503472 0.062500 0.043056
0 0.905469 0.703472 0.078125 0.056944
1 0.731250 0.754167 0.070312 0.075000
1 0.597266 0.731944 0.047656 0.083333
1 0.252734 0.618750 0.058594 0.104167
0 0.730078 0.612500 0.072656 0.083333