-1 0.241406 0.869444 0.050000 0.222222
-1 0.181641 0.820833 0.046094 0.227778
-1 0.191406 0.288194 0.071875 0.162500
-1 0.320703 0.947917 0.027344 0.176389
-1 0.477734 0.520139 0.027344 0.154167
-1 0.402734 0.568750 0.046094 0.173611
-1 0.550000 0.404167 0.067187 0.161111
-1 0.715625 0.546528 0.035937 0.137500
-1 0.578516 0.512500 0.036719 0.113889
-1 0.825391 0.161806 0.036719 0.151389
-1 0.314063 0.158333 0.043750 0.169444
-1 0.211719 0.150694 0.040625 0.120833
-1 0.748828 0.381944 0.044531 0.258333
-1 0.750000 0.331944 0.029687 0.150000
-1 0.659766 0.164583 0.060156 0.193056
-1 0.737500 0.122917 0.040625 0.179167
-1 0.460156 0.957639 0.029687 0.162500
-1 0.663281 0.448611 0.023438 0.102778
-1 0.610547 0.449306 0.046094 0.159722
-1 0.615234 0.527778 0.032031 0.083333
-1 0.719531 0.709722 0.029687 0.141667
-1 0.605078 0.030556 0.036719 0.150000
-1 0.623437 0.124306 0.046875 0.165278
4 0.450000 0.700694 0.151562 0.259722
-1 0.665234 0.795139 0.028906 0.176389
-1 0.875781 0.595833 0.029687 0.205556
-1 0.754297 0.849306 0.036719 0.198611
-1 0.796875 0.831250 0.035937 0.220833
-1 0.789453 0.593056 0.041406 0.169444
-1 0.912500 0.792361 0.032813 0.165278
-1 0.955469 0.774306 0.035937 0.093056
-1 0.894922 0.103472 0.032031 0.159722
-1 0.912109 0.521528 0.038281 0.165278