1 0.622656 0.427083 0.106250 0.118056
-1 0.616016 0.418056 0.086719 0.086111
-1 0.670703 0.675000 0.144531 0.166667
0 0.426563 0.486806 0.107813 0.154167
4 0.357422 0.525000 0.027344 0.075000
4 0.210938 0.589583 0.028125 0.079167
1 0.298438 0.718056 0.115625 0.130556
-1 0.287500 0.720833 0.067187 0.100000
1 0.282031 0.540972 0.090625 0.154167
0 0.804297 0.227778 0.102344 0.116667
0 0.553125 0.140278 0.137500 0.116667
1 0.582422 0.265278 0.100781 0.116667
0 0.285938 0.215972 0.110937 0.159722
2 0.506641 0.355556 0.071094 0.188889
4 0.721094 0.223611 0.040625 0.061111