0 0.039453 0.849306 0.074219 0.068056
1 0.076563 0.797917 0.073438 0.073611
0 0.373047 0.654167 0.078906 0.063889
0 0.508984 0.593056 0.060156 0.052778
1 0.510547 0.800000 0.061719 0.052778
0 0.456250 0.945833 0.070312 0.072222
4 0.456250 0.894444 0.035937 0.027778
4 0.330859 0.847222 0.019531 0.047222
4 0.428125 0.700000 0.021875 0.033333
0 0.417187 0.838889 0.085938 0.080556
1 0.578125 0.841667 0.075000 0.088889
0 0.568359 0.989583 0.091406 0.090278
0 0.740625 0.829861 0.056250 0.062500
0 0.719141 0.784722 0.050781 0.061111
5 0.219922 0.743750 0.064844 0.073611
0 0.662500 0.947917 0.051562 0.065278