0 0.328516 0.915972 0.100781 0.120833
1 0.137500 0.879167 0.098437 0.152778
-1 0.164062 0.852778 0.042188 0.083333
0 0.038281 0.821528 0.076563 0.123611
0 0.120703 0.614583 0.069531 0.076389
0 0.323828 0.382639 0.060156 0.084722
0 0.353906 0.313194 0.067187 0.059722
0 0.312109 0.631250 0.071094 0.123611
3 0.251953 0.383333 0.047656 0.155556
0 0.288672 0.839583 0.075781 0.106944
0 0.246094 0.498611 0.039062 0.072222
5 0.689453 0.950694 0.161719 0.229167
0 0.564453 0.425000 0.052344 0.080556
1 0.610156 0.457639 0.068750 0.101389
1 0.441406 0.397222 0.056250 0.086111
1 0.408984 0.625000 0.058594 0.144444
0 0.802344 0.706250 0.071875 0.162500
4 0.643359 0.670833 0.024219 0.041667
4 0.426172 0.963889 0.028906 0.066667
4 0.490234 0.975000 0.030469 0.036111
1 0.186719 0.979167 0.125000 0.152778
-1 0.155469 0.949306 0.048438 0.095833
2 0.575000 0.820139 0.081250 0.140278
1 0.592187 0.192361 0.067187 0.076389
3 0.607031 0.292361 0.051562 0.104167
1 0.103125 0.475694 0.068750 0.068056
1 0.728125 0.200694 0.050000 0.087500
0 0.895312 0.273611 0.081250 0.088889
0 0.485547 0.597917 0.071094 0.112500
0 0.725000 0.502083 0.060937 0.112500