0 0.288672 0.885417 0.158594 0.187500
1 0.412109 0.845139 0.114844 0.193056
-1 0.442578 0.796528 0.067969 0.068056
2 0.535547 0.628472 0.114844 0.143056
1 0.553125 0.815972 0.078125 0.165278
-1 0.551953 0.830556 0.074219 0.102778
4 0.744922 0.429861 0.036719 0.045833
4 0.418750 0.416667 0.057813 0.061111
4 0.499609 0.375694 0.033594 0.051389
4 0.531641 0.397222 0.044531 0.041667
4 0.705469 0.301389 0.034375 0.038889
4 0.738672 0.227083 0.028906 0.059722
0 0.875000 0.632639 0.139063 0.179167
4 0.864062 0.888194 0.065625 0.076389
4 0.825781 0.911806 0.050000 0.076389