1 0.282813 0.972222 0.193750 0.163889
-1 0.278906 0.975694 0.176563 0.126389
1 0.350781 0.543750 0.128125 0.195833
-1 0.350781 0.546528 0.101562 0.148611
2 0.280078 0.755556 0.077344 0.211111
2 0.359375 0.768750 0.109375 0.170833
2 0.551562 0.850694 0.121875 0.351389
1 0.620703 0.431944 0.227344 0.311111
-1 0.613281 0.336806 0.096875 0.112500
-1 0.671094 0.423611 0.062500 0.188889
4 0.761719 0.494444 0.056250 0.127778
4 0.789453 0.372222 0.052344 0.136111
4 0.801953 0.300694 0.044531 0.109722
1 0.377344 0.429861 0.132812 0.195833
-1 0.410156 0.392361 0.071875 0.109722
0 0.794141 0.840278 0.150781 0.269444