1 0.034375 0.625000 0.157812 0.275000
-1 0.042969 0.570833 0.085938 0.163889
1 0.381641 0.468056 0.089844 0.130556
-1 0.384375 0.499306 0.060937 0.093056
-1 0.392578 0.235417 0.097656 0.123611
1 0.280859 0.339583 0.069531 0.073611
1 0.248047 0.493750 0.069531 0.101389
-1 0.248438 0.508333 0.042188 0.069444
0 0.090234 0.339583 0.052344 0.098611
1 0.578516 0.377083 0.069531 0.081944
1 0.400391 0.579167 0.102344 0.127778
2 0.468750 0.579167 0.060937 0.094444
2 0.706250 0.466667 0.051562 0.083333
2 0.846484 0.743056 0.069531 0.130556
0 0.790234 0.500694 0.113281 0.118056
0 0.852344 0.379861 0.070312 0.087500