1 0.879687 0.796528 0.151562 0.179167
1 0.378125 0.849306 0.145313 0.184722
0 0.527344 0.643750 0.159375 0.154167
0 0.723828 0.707639 0.111719 0.129167
4 0.601953 0.834722 0.053906 0.052778
4 0.814844 0.934028 0.068750 0.054167
0 0.568359 0.938194 0.080469 0.120833
4 0.318750 0.679167 0.045312 0.050000
-1 0.348047 0.868056 0.049219 0.097222
0 0.189844 0.760417 0.173437 0.129167
4 0.408984 0.968750 0.047656 0.059722
4 0.460156 0.933333 0.046875 0.050000
1 0.507422 0.500694 0.175781 0.115278
-1 0.469141 0.489583 0.089844 0.084722
1 0.148828 0.434028 0.114844 0.098611
0 0.228906 0.480556 0.098437 0.088889
1 0.848047 0.245833 0.160156 0.122222
0 0.792578 0.456944 0.153906 0.113889