0 0.182031 0.471528 0.065625 0.093056
0 0.228125 0.390972 0.070312 0.062500
0 0.125781 0.743056 0.075000 0.130556
3 0.123438 0.461111 0.054688 0.180556
0 0.080859 0.591667 0.035156 0.066667
0 0.428125 0.533333 0.060937 0.094444
1 0.469922 0.575000 0.075781 0.111111
1 0.297266 0.492361 0.058594 0.090278
1 0.226172 0.749306 0.061719 0.151389
0 0.639844 0.874306 0.079687 0.179167
4 0.474609 0.822222 0.025781 0.044444
2 0.372266 0.982639 0.089844 0.154167
1 0.497656 0.274306 0.070312 0.079167
3 0.502344 0.392361 0.065625 0.131944
1 0.637891 0.288194 0.055469 0.095833
0 0.810547 0.386806 0.089844 0.098611
0 0.315625 0.724306 0.078125 0.123611
0 0.589063 0.635417 0.067187 0.123611
0 0.830859 0.256250 0.060156 0.101389