-1 0.603516 0.654167 0.036719 0.130556
-1 0.522656 0.671528 0.031250 0.101389
-1 0.087891 0.931250 0.017969 0.065278
-1 0.660156 0.887500 0.035937 0.166667
-1 0.817969 0.566667 0.029687 0.130556
-1 0.786719 0.559028 0.028125 0.140278
-1 0.805859 0.749306 0.030469 0.120833
-1 0.771094 0.880556 0.035937 0.130556
-1 0.470313 0.420139 0.031250 0.104167
-1 0.364844 0.543056 0.039062 0.122222
-1 0.358594 0.593750 0.032813 0.140278
-1 0.699609 0.880556 0.030469 0.161111
-1 0.525000 0.320833 0.043750 0.100000
-1 0.385156 0.357639 0.023438 0.081944
-1 0.319141 0.524306 0.030469 0.126389
-1 0.890625 0.601389 0.023438 0.152778
-1 0.753516 0.881250 0.027344 0.137500
-1 0.910547 0.288194 0.024219 0.112500
-1 0.751563 0.358333 0.023438 0.133333
-1 0.770312 0.449306 0.029687 0.112500
-1 0.734375 0.308333 0.028125 0.127778
-1 0.877734 0.435417 0.030469 0.104167
-1 0.844922 0.294444 0.022656 0.088889
-1 0.787891 0.327778 0.024219 0.077778
-1 0.902734 0.917361 0.024219 0.123611
-1 0.847266 0.851389 0.021094 0.141667
-1 0.892188 0.668750 0.029687 0.095833
-1 0.927344 0.721528 0.031250 0.070833