0 0.214844 0.949306 0.100000 0.170833
0 0.094531 0.881250 0.115625 0.226389
0 0.508594 0.620139 0.095312 0.115278
1 0.316016 0.640278 0.089844 0.138889
-1 0.314844 0.622917 0.040625 0.079167
0 0.198437 0.628472 0.076563 0.123611
0 0.233984 0.411111 0.072656 0.080556
0 0.391016 0.181944 0.057031 0.080556
0 0.400781 0.125694 0.064062 0.056944
0 0.431641 0.395139 0.071094 0.123611
1 0.637891 0.891667 0.096094 0.213889
3 0.171484 0.754167 0.186719 0.086111
3 0.311719 0.202778 0.039062 0.127778
0 0.447656 0.581250 0.068750 0.095833
0 0.329688 0.307639 0.040625 0.076389
0 0.751563 0.910417 0.067187 0.106944
5 0.774219 0.649306 0.126562 0.179167
0 0.624219 0.187500 0.050000 0.077778
1 0.667188 0.209722 0.062500 0.091667
1 0.510938 0.192361 0.053125 0.081944
1 0.515234 0.384722 0.050781 0.125000
0 0.859375 0.396528 0.062500 0.140278
4 0.722266 0.390278 0.021094 0.036111
4 0.587891 0.665278 0.022656 0.052778
4 0.643359 0.713889 0.030469 0.036111
4 0.514453 0.847917 0.019531 0.051389
3 0.330469 0.923611 0.101562 0.152778