0 0.126562 0.405556 0.139063 0.080556
0 0.226953 0.495833 0.139844 0.094444
0 0.246484 0.266667 0.114844 0.072222
0 0.544922 0.264583 0.124219 0.073611
0 0.396094 0.575694 0.145313 0.115278
5 0.336719 0.366667 0.087500 0.108333
0 0.617578 0.295139 0.142969 0.079167
0 0.685937 0.118056 0.112500 0.066667
0 0.430078 0.129167 0.108594 0.058333
0 0.582422 0.404167 0.122656 0.077778
0 0.660156 0.701389 0.198437 0.144444
0 0.796875 0.518056 0.121875 0.083333
0 0.692578 0.470833 0.110156 0.069444
5 0.546875 0.547917 0.137500 0.131944
3 0.100781 0.658333 0.131250 0.222222
3 0.244141 0.794444 0.124219 0.144444