0 0.157812 0.481250 0.065625 0.093056
0 0.207813 0.399306 0.070312 0.062500
0 0.095312 0.755556 0.075000 0.130556
3 0.100781 0.468056 0.054688 0.180556
0 0.052734 0.604167 0.035156 0.066667
0 0.406250 0.544444 0.060937 0.094444
1 0.446484 0.590278 0.075781 0.111111
1 0.273047 0.507639 0.058594 0.090278
1 0.196484 0.765972 0.061719 0.151389
0 0.611719 0.893750 0.079687 0.179167
4 0.444922 0.843056 0.025781 0.044444
2 0.336328 1.008333 0.085156 0.147222
1 0.480469 0.282639 0.070312 0.079167
3 0.484766 0.415278 0.069531 0.138889
1 0.621484 0.299306 0.055469 0.095833
0 0.794922 0.402083 0.089844 0.098611
0 0.286328 0.740278 0.082031 0.130556
0 0.564844 0.653472 0.067187 0.123611
0 0.819141 0.265972 0.060156 0.101389
0 0.383984 0.252083 0.057031 0.095833
0 0.771094 0.804167 0.087500 0.175000
0 0.696094 0.695833 0.064062 0.108333