1 0.172266 0.660417 0.060156 0.093056
1 0.076953 0.685417 0.071094 0.131944
1 0.136328 0.543750 0.100781 0.095833
1 0.172266 0.941667 0.096094 0.172222
1 0.315625 0.683333 0.084375 0.097222
-1 0.307031 0.677778 0.056250 0.058333
-1 0.251172 0.695139 0.032031 0.090278
2 0.298828 0.793056 0.085156 0.111111
0 0.385156 0.871528 0.087500 0.148611
1 0.382812 0.384722 0.053125 0.077778
0 0.278125 0.377778 0.076563 0.058333
0 0.489844 0.660417 0.125000 0.112500
0 0.565625 0.861806 0.128125 0.109722
1 0.762500 0.798611 0.096875 0.138889
-1 0.766797 0.800694 0.069531 0.098611
0 0.674219 0.756944 0.101562 0.113889
1 0.758594 0.462500 0.070312 0.075000
0 0.427344 0.270139 0.059375 0.068056
0 0.617188 0.268750 0.098437 0.059722
0 0.771094 0.604861 0.104688 0.084722
5 0.633594 0.432639 0.051562 0.084722