-1 0.237109 0.815278 0.047656 0.211111
-1 0.175391 0.762500 0.046094 0.227778
-1 0.196094 0.224306 0.071875 0.162500
-1 0.310937 0.899306 0.028125 0.184722
-1 0.480078 0.461806 0.027344 0.154167
-1 0.402734 0.509028 0.046094 0.173611
-1 0.552344 0.348611 0.070312 0.169444
-1 0.721094 0.493750 0.035937 0.137500
-1 0.580078 0.455556 0.036719 0.113889
-1 0.835938 0.103472 0.039062 0.159722
-1 0.760547 0.312500 0.044531 0.258333
-1 0.759375 0.275000 0.029687 0.150000
-1 0.671484 0.106250 0.060156 0.193056
-1 0.750781 0.089583 0.040625 0.179167
-1 0.449219 0.913194 0.031250 0.170833
-1 0.665234 0.391667 0.024219 0.108333
-1 0.619531 0.390972 0.043750 0.151389
-1 0.616797 0.474306 0.033594 0.087500
-1 0.721094 0.660417 0.031250 0.148611
-1 0.635156 0.081250 0.046875 0.165278
4 0.450000 0.649306 0.151562 0.259722
-1 0.664453 0.743750 0.028906 0.176389
-1 0.882812 0.544444 0.029687 0.205556
-1 0.751563 0.800000 0.039062 0.208333
-1 0.797656 0.781250 0.031250 0.190278
-1 0.794531 0.539583 0.039062 0.162500
-1 0.912500 0.746528 0.031250 0.156944
-1 0.955469 0.725694 0.035937 0.093056
-1 0.908984 0.045139 0.033594 0.168056
-1 0.922266 0.467361 0.038281 0.165278