0 0.234766 0.139583 0.111719 0.062500
0 0.122266 0.230556 0.100781 0.063889
0 0.208594 0.375694 0.090625 0.062500
0 0.174219 0.302083 0.100000 0.062500
5 0.015625 0.334028 0.137500 0.131944
0 0.440625 0.359028 0.132812 0.101389
0 0.441016 0.656250 0.153906 0.148611
0 0.024219 0.639583 0.201563 0.176389
3 0.301953 0.575000 0.072656 0.130556
0 0.652734 0.524306 0.158594 0.109722
0 0.571484 0.278472 0.102344 0.062500
0 0.785156 0.467361 0.132812 0.115278
0 0.692187 0.400694 0.095312 0.093056
0 0.861719 0.222222 0.112500 0.086111
0 0.683594 0.162500 0.071875 0.066667
0 0.914844 0.332639 0.107813 0.090278