0 0.014063 0.557639 0.093750 0.118056
0 0.161328 0.725000 0.103906 0.122222
1 0.031250 0.840278 0.106250 0.169444
-1 0.023828 0.813889 0.047656 0.130556
1 0.266016 0.587500 0.086719 0.111111
-1 0.269141 0.540278 0.041406 0.077778
0 0.230469 0.434028 0.068750 0.168056
0 0.376172 0.736806 0.114844 0.109722
0 0.310156 0.861806 0.126562 0.156944
3 0.036328 0.394444 0.058594 0.261111
3 0.176953 0.305556 0.096094 0.166667
5 0.511719 0.655556 0.110937 0.141667
5 0.604297 0.762500 0.067969 0.136111
0 0.542578 0.470833 0.121094 0.172222
0 0.392578 0.395139 0.069531 0.098611
4 0.626953 0.490278 0.030469 0.050000
4 0.820312 0.511806 0.026562 0.043056
4 0.779297 0.498611 0.027344 0.050000
0 0.275781 0.247222 0.089063 0.122222
1 0.674609 0.244444 0.077344 0.111111
-1 0.698828 0.252778 0.033594 0.061111