0 -0.028125 0.857639 0.204687 0.215278
4 0.041797 0.615972 0.028906 0.079167
0 0.156250 0.410417 0.107813 0.162500
0 0.206641 0.631250 0.127344 0.179167
2 0.284766 0.845833 0.050781 0.113889
4 0.286328 0.542361 0.030469 0.031944
4 0.610547 0.575694 0.044531 0.048611
4 0.641016 0.696528 0.033594 0.079167
4 0.633594 0.822917 0.029687 0.079167
4 0.717187 0.678472 0.035937 0.068056
0 0.538281 0.625000 0.157812 0.200000
0 0.478516 0.772222 0.133594 0.219444
0 0.662891 0.512500 0.133594 0.155556
0 0.456250 0.388889 0.106250 0.119444
2 0.613281 0.406250 0.079687 0.081944