-1 0.069531 0.902778 0.045312 0.158333
-1 0.506641 0.877778 0.047656 0.211111
-1 0.451172 0.850694 0.038281 0.187500
-1 0.134766 0.512500 0.050781 0.169444
-1 0.283203 0.389583 0.067969 0.154167
-1 0.003125 0.356250 0.034375 0.120833
-1 0.592578 0.914583 0.025781 0.168056
-1 0.606250 0.546528 0.029687 0.170833
-1 0.536719 0.611111 0.048438 0.183333
-1 0.641406 0.484722 0.064062 0.294444
-1 0.749219 0.727083 0.040625 0.140278
-1 0.805859 0.511111 0.032031 0.125000
-1 0.691406 0.508333 0.034375 0.108333
-1 0.790234 0.153472 0.036719 0.151389
-1 0.360938 0.227083 0.039062 0.154167
-1 0.280078 0.247917 0.042969 0.126389
-1 0.779687 0.350694 0.046875 0.270833
-1 0.776563 0.323611 0.029687 0.150000
-1 0.855469 0.410417 0.050000 0.131944
-1 0.687891 0.171528 0.060156 0.193056
-1 0.703906 0.149306 0.039062 0.170833
-1 0.699609 0.925000 0.027344 0.147222
-1 0.766406 0.519444 0.029687 0.130556
-1 0.697656 0.426389 0.031250 0.108333
-1 0.722266 0.513194 0.033594 0.087500
-1 0.833594 0.743056 0.029687 0.105556
-1 0.577734 0.075694 0.035156 0.143056
-1 0.606641 0.165278 0.038281 0.136111
4 0.061328 0.193056 0.203906 0.158333
4 0.181641 0.190278 0.177344 0.186111
4 0.638672 0.683333 0.144531 0.247222
-1 0.833203 0.676389 0.041406 0.144444
-1 0.941797 0.522222 0.025781 0.177778
-1 0.928516 0.766667 0.033594 0.180556
-1 0.957812 0.723611 0.032813 0.200000