0 0.320312 0.153472 0.117188 0.065278
0 0.235547 0.238889 0.100781 0.063889
0 0.141016 0.489583 0.155469 0.112500
0 0.349609 0.363194 0.086719 0.059722
0 0.302344 0.299306 0.095312 0.059722
5 0.143750 0.352778 0.131250 0.125000
3 0.056641 0.914583 0.114844 0.129167
0 0.556250 0.337500 0.120313 0.091667
0 0.618750 0.593056 0.126562 0.122222
0 0.255859 0.609028 0.166406 0.145833
3 0.471484 0.535417 0.069531 0.062500
3 0.136719 0.925000 0.275000 0.147222
0 0.782813 0.470139 0.143750 0.098611
0 0.661328 0.261806 0.092969 0.056944
0 0.889844 0.414583 0.120313 0.104167
0 0.787891 0.361111 0.091406 0.088889