-1 0.533203 0.680556 0.036719 0.130556
-1 0.450000 0.701389 0.034375 0.111111
-1 0.586719 0.920139 0.034375 0.159722
-1 0.755469 0.584722 0.031250 0.136111
-1 0.722266 0.581944 0.027344 0.133333
-1 0.738672 0.786806 0.035156 0.140278
-1 0.706250 0.916667 0.035937 0.130556
-1 0.403125 0.443750 0.031250 0.104167
-1 0.289062 0.566667 0.039062 0.122222
-1 0.282031 0.623611 0.034375 0.147222
-1 0.628516 0.909722 0.033594 0.177778
-1 0.460156 0.340278 0.043750 0.100000
-1 0.315234 0.377083 0.025781 0.090278
-1 0.243359 0.550694 0.030469 0.126389
-1 0.829688 0.627083 0.025000 0.159722
-1 0.685547 0.911806 0.027344 0.137500
-1 0.858203 0.303472 0.024219 0.112500
-1 0.694141 0.378472 0.022656 0.126389
-1 0.709375 0.470139 0.031250 0.118056
-1 0.676562 0.323611 0.026562 0.122222
-1 0.817578 0.456250 0.033594 0.115278
-1 0.790234 0.312500 0.022656 0.088889
-1 0.729688 0.343750 0.023438 0.073611
-1 0.835547 0.938194 0.024219 0.123611
-1 0.781641 0.881944 0.021094 0.141667
-1 0.826562 0.693750 0.029687 0.095833
-1 0.865625 0.750000 0.032813 0.075000
-1 0.656250 0.102778 0.025000 0.102778
-1 0.452344 0.225694 0.026562 0.104167
-1 0.414453 0.246528 0.030469 0.090278
-1 0.946484 0.388194 0.024219 0.140278