0 0.307422 0.938194 0.100781 0.120833
1 0.114453 0.903472 0.103906 0.159722
-1 0.136719 0.883333 0.042188 0.083333
0 0.017969 0.842361 0.076563 0.123611
0 0.104297 0.636806 0.069531 0.076389
0 0.312891 0.403472 0.060156 0.084722
0 0.343750 0.331250 0.067187 0.059722
0 0.295703 0.652083 0.071094 0.123611
3 0.242578 0.394444 0.047656 0.155556
0 0.267578 0.864583 0.075781 0.106944
0 0.235547 0.516667 0.036719 0.069444
0 0.554688 0.450000 0.060937 0.094444
1 0.598437 0.479861 0.068750 0.101389
1 0.429297 0.417361 0.058594 0.090278
1 0.394141 0.648611 0.058594 0.144444
0 0.790625 0.734028 0.071875 0.162500
4 0.628516 0.695833 0.024219 0.041667
2 0.557031 0.849306 0.081250 0.140278
1 0.585156 0.214583 0.067187 0.076389
3 0.595313 0.313194 0.051562 0.104167
1 0.089844 0.496528 0.068750 0.068056
1 0.721875 0.222917 0.050000 0.087500
0 0.889844 0.298611 0.081250 0.088889
0 0.471875 0.622917 0.075000 0.118056
0 0.714844 0.527083 0.060937 0.112500