-1 0.664844 0.625694 0.032813 0.118056
-1 0.615625 0.691667 0.028125 0.161111
-1 0.644141 0.709722 0.038281 0.169444
-1 0.525391 0.627778 0.047656 0.188889
-1 0.451562 0.678472 0.045312 0.179167
-1 0.402734 0.655556 0.044531 0.183333
-1 0.805859 0.471528 0.041406 0.184722
-1 0.869922 0.445139 0.041406 0.101389
-1 0.910156 0.403472 0.028125 0.106944
-1 0.900781 0.155556 0.040625 0.158333
-1 0.873828 0.227778 0.060156 0.075000
-1 0.833594 0.200694 0.025000 0.115278
-1 0.785937 0.195833 0.034375 0.119444
-1 0.665234 0.363889 0.050781 0.163889
-1 0.737109 0.320139 0.036719 0.093056
-1 0.721484 0.431944 0.041406 0.169444
-1 0.048828 0.626389 0.044531 0.180556
-1 0.017188 0.622222 0.034375 0.183333
-1 0.594531 0.175694 0.028125 0.193056
-1 0.628906 0.193750 0.035937 0.143056
-1 0.457813 0.211111 0.040625 0.111111
4 0.728125 0.887500 0.345313 0.225000
4 0.288672 0.388194 0.272656 0.229167
-1 0.400391 0.461806 0.044531 0.148611
-1 0.508203 0.480556 0.049219 0.125000
-1 0.551562 0.493056 0.029687 0.125000
-1 0.611328 0.331944 0.044531 0.169444
-1 0.564453 0.345139 0.053906 0.143056
-1 0.529297 0.286111 0.047656 0.163889
-1 0.556641 0.179861 0.041406 0.154167