1 0.634375 0.282639 0.118750 0.140278
1 0.794141 0.732639 0.127344 0.198611
-1 0.791797 0.704861 0.091406 0.090278
0 0.382422 0.729861 0.142969 0.109722
1 0.259766 0.438194 0.132031 0.168056
0 0.300391 0.227083 0.144531 0.140278
0 0.500000 0.245139 0.087500 0.101389
4 0.838672 0.424306 0.036719 0.068056
4 0.416797 0.381250 0.044531 0.043056
4 0.628906 0.414583 0.051562 0.040278
0 0.432812 0.492361 0.084375 0.126389
0 0.503125 0.516667 0.096875 0.119444
4 0.555469 0.878472 0.026562 0.090278
0 0.887891 0.602083 0.077344 0.095833
4 0.118750 0.316667 0.045312 0.050000