-1 0.704297 0.540278 0.036719 0.130556
-1 0.629687 0.563194 0.031250 0.101389
-1 0.670312 0.848611 0.023438 0.088889
-1 0.652344 0.905556 0.023438 0.105556
-1 0.244922 0.831944 0.019531 0.072222
-1 0.789062 0.761111 0.031250 0.144444
-1 0.864453 0.975694 0.017969 0.095833
-1 0.846875 0.997917 0.015625 0.079167
-1 0.720703 0.915972 0.025781 0.115278
-1 0.705859 0.868056 0.022656 0.138889
-1 0.896875 0.439583 0.026562 0.118056
-1 0.866016 0.431944 0.027344 0.133333
-1 0.909766 0.607639 0.028906 0.115278
-1 0.900781 0.747222 0.034375 0.125000
-1 0.827344 0.879861 0.032813 0.062500
-1 0.762500 0.911806 0.026562 0.106944
-1 0.541406 0.310417 0.032813 0.109722
-1 0.459766 0.427778 0.036719 0.116667
-1 0.459375 0.493750 0.032813 0.140278
-1 0.823047 0.750000 0.030469 0.161111
-1 0.583984 0.209028 0.046094 0.104167
-1 0.457813 0.252083 0.023438 0.081944
-1 0.399609 0.436806 0.033594 0.140278
-1 0.972656 0.463194 0.020313 0.131944
-1 0.873828 0.750694 0.027344 0.137500
-1 0.887500 0.880556 0.042188 0.052778