0 0.442969 0.843056 0.085938 0.147222
0 0.319531 0.844444 0.095312 0.186111
0 0.121875 0.800694 0.082812 0.159722
0 0.041406 0.500000 0.079687 0.113889
0 0.595313 0.457639 0.075000 0.090278
1 0.445312 0.552778 0.081250 0.125000
-1 0.435547 0.539583 0.038281 0.076389
0 0.334375 0.597917 0.073438 0.118056
0 0.632812 0.888889 0.070312 0.125000
0 0.307422 0.400000 0.072656 0.080556
0 0.376563 0.161111 0.051562 0.072222
0 0.365234 0.115278 0.052344 0.047222
0 0.471484 0.309028 0.067969 0.118056
1 0.733984 0.622917 0.067969 0.151389
3 0.708984 0.890972 0.057031 0.298611
3 0.350000 0.702778 0.126562 0.058333
3 0.117578 0.944444 0.103906 0.105556
3 0.306641 0.218056 0.033594 0.111111
3 0.052734 0.747917 0.091406 0.173611
0 0.537500 0.458333 0.059375 0.083333
0 0.358594 0.281250 0.040625 0.076389