0 0.398438 0.897917 0.167187 0.162500
4 0.176563 0.911111 0.045312 0.050000
1 0.382031 0.771528 0.184375 0.120833
-1 0.346875 0.751389 0.085938 0.080556
1 0.062500 0.665278 0.126562 0.108333
0 0.124219 0.707639 0.093750 0.084722
1 0.758984 0.573611 0.152344 0.116667
0 0.666797 0.759722 0.139844 0.102778
0 0.117578 0.470833 0.147656 0.094444
0 0.525000 0.527778 0.125000 0.111111
1 0.814844 0.882639 0.142187 0.115278
4 0.439844 0.326389 0.026562 0.038889
4 0.380078 0.296528 0.036719 0.048611
4 0.605469 0.247917 0.028125 0.048611
4 0.628125 0.271528 0.031250 0.043056
4 0.540625 0.281944 0.029687 0.036111
0 0.763281 0.364583 0.110937 0.081944
5 0.671094 0.436111 0.112500 0.102778
5 0.941016 0.772917 0.117969 0.229167
0 0.853516 0.267361 0.094531 0.065278