2 0.382422 0.930556 0.153906 0.191667
4 0.691016 0.655556 0.049219 0.061111
4 0.242969 0.639583 0.067187 0.070833
4 0.357422 0.581250 0.042969 0.065278
4 0.401953 0.606944 0.057031 0.052778
4 0.648438 0.475000 0.042188 0.047222
4 0.697266 0.373611 0.035156 0.072222
0 0.851562 0.941667 0.195312 0.252778
1 0.320312 0.437500 0.146875 0.194444
4 0.774609 0.585417 0.058594 0.045833
4 0.757422 0.514583 0.050781 0.043056
4 0.738281 0.429167 0.053125 0.047222
4 0.943359 0.409028 0.033594 0.056944
4 0.980469 0.451389 0.037500 0.072222
4 0.782422 0.328472 0.041406 0.059722
4 0.867578 0.384028 0.047656 0.059722
1 0.910547 0.546528 0.136719 0.134722
0 0.186719 0.455556 0.143750 0.175000