0 0.103906 0.924306 0.195312 0.204167
4 0.120703 0.642361 0.032031 0.087500
0 0.217969 0.411111 0.103125 0.155556
0 0.305078 0.647917 0.127344 0.179167
2 0.416016 0.893056 0.071094 0.161111
4 0.376172 0.546528 0.033594 0.034722
4 0.716016 0.570139 0.049219 0.054167
4 0.768359 0.693056 0.035156 0.083333
4 0.779687 0.821528 0.029687 0.079167
4 0.843750 0.670139 0.034375 0.065278
0 0.659375 0.622222 0.157812 0.200000
0 0.612109 0.783333 0.133594 0.219444
0 0.768359 0.496528 0.127344 0.148611
0 0.533984 0.376389 0.111719 0.125000