4 0.593359 0.943750 0.149219 0.170833
4 0.816406 0.656944 0.076563 0.194444
4 0.914062 0.846528 0.164062 0.143056
4 0.728125 0.684028 0.071875 0.168056
4 0.900391 0.673611 0.066406 0.138889
-1 0.687109 0.193056 0.019531 0.091667
-1 0.661719 0.202778 0.021875 0.088889
-1 0.550000 0.333333 0.018750 0.086111
-1 0.741016 0.436806 0.030469 0.093056
-1 0.946484 0.332639 0.021094 0.081944
-1 0.856250 0.385417 0.026562 0.081944
-1 0.392578 0.295139 0.022656 0.076389
-1 0.363672 0.251389 0.027344 0.094444
-1 0.312891 0.233333 0.022656 0.069444
-1 0.596484 0.416667 0.017969 0.097222
-1 0.806641 0.398611 0.024219 0.077778
-1 0.693750 0.416667 0.026562 0.091667
-1 0.668359 0.423611 0.021094 0.088889
-1 0.736328 0.321528 0.025781 0.068056
-1 0.588672 0.316667 0.028906 0.050000