0 0.076953 0.652778 0.103906 0.122222
1 0.191406 0.540278 0.082812 0.105556
-1 0.198047 0.500000 0.041406 0.077778
0 0.179688 0.386806 0.065625 0.159722
0 0.279297 0.697917 0.114844 0.109722
0 0.203906 0.809028 0.126562 0.156944
3 0.116797 0.260417 0.122656 0.212500
5 0.423828 0.640972 0.105469 0.134722
5 0.495703 0.753472 0.061719 0.123611
0 0.472266 0.469444 0.121094 0.172222
0 0.331641 0.374306 0.069531 0.098611
4 0.555859 0.498611 0.028906 0.047222
4 0.748437 0.553472 0.028125 0.045833
4 0.707422 0.533333 0.027344 0.050000
0 0.239063 0.222222 0.089063 0.122222
1 0.626172 0.266667 0.077344 0.111111
4 0.716406 0.688889 0.034375 0.050000
4 0.943750 0.674306 0.031250 0.059722