4 0.524609 0.945139 0.080469 0.109722
4 0.419141 0.156944 0.067969 0.077778
4 0.567187 0.300694 0.039062 0.065278
4 0.410547 0.227778 0.033594 0.069444
4 0.512891 0.588889 0.083594 0.113889
4 0.593750 0.065278 0.035937 0.069444
4 0.662500 0.286111 0.056250 0.083333
4 0.814453 0.284722 0.049219 0.077778
4 0.602734 0.545833 0.039844 0.077778
4 0.743359 0.277778 0.044531 0.080556
4 0.335938 0.607639 0.085938 0.068056
4 0.685937 0.620833 0.078125 0.083333
4 0.501953 0.156250 0.049219 0.068056
4 0.709766 0.054861 0.038281 0.056944