0 0.184766 0.135417 0.111719 0.062500
0 0.057813 0.227083 0.110937 0.070833
0 0.131641 0.378472 0.086719 0.059722
0 0.103906 0.300000 0.104688 0.066667
0 0.375000 0.367361 0.139063 0.106944
0 0.341797 0.688889 0.161719 0.155556
3 0.208203 0.593056 0.080469 0.144444
0 0.579297 0.553472 0.166406 0.115278
0 0.518750 0.289583 0.107813 0.065278
0 0.722656 0.499306 0.132812 0.115278
0 0.632031 0.422917 0.100000 0.098611
0 0.828125 0.240972 0.118750 0.090278
0 0.650391 0.171528 0.078906 0.073611
0 0.874219 0.360417 0.107813 0.090278
0 0.885938 0.438889 0.092188 0.069444
3 0.260547 0.395139 0.055469 0.145833
3 0.903125 0.663194 0.100000 0.162500