0 0.122266 0.695833 0.103906 0.122222
1 0.233984 0.572222 0.086719 0.111111
-1 0.238672 0.527778 0.041406 0.077778
0 0.207813 0.415972 0.065625 0.159722
0 0.332031 0.727083 0.120313 0.115278
0 0.262500 0.841667 0.120313 0.150000
3 0.148828 0.281944 0.105469 0.183333
5 0.475000 0.655556 0.110937 0.141667
5 0.556641 0.764583 0.064844 0.129167
0 0.512109 0.476389 0.121094 0.172222
0 0.365234 0.389583 0.069531 0.098611
4 0.596484 0.500000 0.030469 0.050000
4 0.789062 0.536806 0.026562 0.043056
4 0.749609 0.519444 0.027344 0.050000
0 0.260156 0.240278 0.089063 0.122222
1 0.653516 0.259722 0.077344 0.111111
4 0.764062 0.669444 0.034375 0.050000
4 0.983594 0.636806 0.031250 0.059722