0 0.283594 0.325000 0.235937 0.194444
4 0.834766 0.723611 0.069531 0.094444
4 0.586328 0.278472 0.058594 0.068056
4 0.747656 0.368750 0.037500 0.062500
4 0.480078 0.640278 0.060156 0.086111
4 0.606641 0.335417 0.028906 0.059722
4 0.487109 0.213889 0.044531 0.044444
0 0.941797 0.082639 0.108594 0.151389
4 0.839063 0.606250 0.062500 0.084722
4 0.657813 0.177083 0.028125 0.054167
4 0.841406 0.087500 0.026562 0.055556
4 0.794531 0.335417 0.048438 0.070833
4 0.890625 0.304167 0.050000 0.061111
4 0.879687 0.554167 0.034375 0.066667