0 0.199219 0.461806 0.065625 0.093056
0 0.244531 0.381250 0.070312 0.062500
0 0.147266 0.729861 0.071094 0.123611
3 0.139844 0.455556 0.054688 0.180556
0 0.101953 0.577778 0.035156 0.066667
0 0.445312 0.522222 0.060937 0.094444
1 0.485547 0.565278 0.075781 0.111111
1 0.316016 0.484028 0.058594 0.090278
1 0.249609 0.734028 0.061719 0.151389
0 0.660156 0.857639 0.079687 0.179167
4 0.494922 0.808333 0.025781 0.044444
2 0.394922 0.964583 0.089844 0.154167
1 0.510156 0.268750 0.070312 0.079167
3 0.515625 0.384028 0.062500 0.126389
1 0.650391 0.281944 0.052344 0.091667
0 0.821484 0.379861 0.089844 0.098611
0 0.335938 0.709028 0.078125 0.123611
0 0.604688 0.624306 0.067187 0.123611