4 0.723828 0.999306 0.160156 0.404167
4 0.556250 1.013889 0.101562 0.236111
4 0.853906 1.052778 0.114062 0.236111
-1 0.783203 0.211111 0.028906 0.136111
-1 0.753125 0.228472 0.026562 0.106944
-1 0.484766 0.398611 0.032031 0.147222
-1 0.733984 0.618056 0.049219 0.152778
-1 0.898438 0.602083 0.050000 0.109722
-1 0.506250 0.568750 0.031250 0.168056
-1 0.873828 0.579861 0.035156 0.115278
-1 0.671094 0.579861 0.045312 0.156944
-1 0.623828 0.579167 0.036719 0.152778
-1 0.755859 0.473611 0.035156 0.097222
-1 0.550000 0.402778 0.054688 0.094444
-1 0.830078 0.559722 0.035156 0.111111
-1 0.869531 0.876389 0.037500 0.116667
4 0.857031 0.756250 0.270313 0.179167
-1 0.327344 0.371528 0.039062 0.098611
-1 0.344141 0.433333 0.038281 0.097222
-1 0.441797 0.404861 0.049219 0.109722
-1 0.608203 0.530556 0.027344 0.147222
-1 0.139453 0.838194 0.041406 0.176389
-1 0.647656 0.918750 0.029687 0.134722
-1 0.620703 0.886111 0.047656 0.188889
-1 0.592969 0.452778 0.037500 0.138889
-1 0.569922 0.616667 0.033594 0.130556
-1 0.468750 0.309722 0.035937 0.138889
-1 0.533594 0.584722 0.026562 0.158333
-1 0.088281 0.388889 0.028125 0.105556
-1 0.800781 0.550694 0.031250 0.148611
-1 0.137891 0.433333 0.036719 0.108333
-1 0.327344 0.217361 0.034375 0.131944
-1 0.239063 0.217361 0.039062 0.137500
-1 0.192188 0.289583 0.042188 0.143056