1 0.133594 0.542361 0.098437 0.143056
-1 0.132812 0.572917 0.060937 0.093056
-1 0.200391 0.299306 0.092969 0.118056
1 0.057422 0.409028 0.069531 0.073611
1 0.346875 0.445833 0.073438 0.086111
1 0.118750 0.664583 0.107813 0.134722
2 0.203906 0.663194 0.070312 0.109722
2 0.491016 0.526389 0.057031 0.091667
2 0.575391 0.843750 0.080469 0.151389
0 0.567969 0.568750 0.137500 0.143056
0 0.660937 0.435417 0.081250 0.101389
2 0.745313 0.506944 0.070312 0.088889
0 0.624219 0.743750 0.107813 0.129167
4 0.716016 0.597917 0.028906 0.054167
4 0.409375 0.690972 0.040625 0.051389