0 0.110547 0.802778 0.071094 0.063889
1 0.134766 0.738889 0.069531 0.069444
0 0.403906 0.601389 0.075000 0.061111
0 0.528516 0.543056 0.057031 0.050000
1 0.551172 0.745833 0.061719 0.052778
0 0.511719 0.893056 0.070312 0.072222
4 0.506250 0.837500 0.035937 0.027778
4 0.376563 0.801389 0.018750 0.044444
4 0.459375 0.650000 0.021875 0.033333
0 0.470313 0.786111 0.085938 0.080556
1 0.616797 0.784028 0.071094 0.084722
0 0.624609 0.930556 0.086719 0.086111
0 0.771875 0.772917 0.056250 0.062500
0 0.747266 0.729167 0.050781 0.061111
5 0.273047 0.687500 0.067969 0.077778
0 0.712500 0.892361 0.051562 0.065278
0 0.930469 0.945833 0.098437 0.108333