4 0.646875 0.894444 0.145313 0.366667
4 0.477734 0.927778 0.111719 0.261111
4 0.772266 0.965972 0.125781 0.259722
-1 0.738281 0.128472 0.026562 0.123611
-1 0.708203 0.150694 0.027344 0.112500
-1 0.434766 0.318750 0.035156 0.162500
-1 0.676953 0.531944 0.049219 0.152778
-1 0.838672 0.521528 0.047656 0.104167
-1 0.450781 0.485417 0.031250 0.168056
-1 0.814844 0.502778 0.037500 0.122222
-1 0.613672 0.497222 0.042969 0.150000
-1 0.566797 0.495139 0.038281 0.159722
-1 0.698828 0.393750 0.033594 0.093056
-1 0.495703 0.336806 0.052344 0.090278
-1 0.774219 0.479167 0.037500 0.116667
-1 0.801172 0.793750 0.041406 0.129167
4 0.790625 0.684028 0.270313 0.179167
-1 0.278906 0.288194 0.039062 0.098611
-1 0.294141 0.347222 0.038281 0.097222
-1 0.392578 0.321528 0.049219 0.109722
-1 0.554297 0.448611 0.027344 0.147222
-1 0.077344 0.744444 0.045312 0.194444
-1 0.579688 0.830556 0.031250 0.141667
-1 0.567578 0.765278 0.025781 0.180556
-1 0.542969 0.370139 0.035937 0.131944
-1 0.515234 0.534028 0.035156 0.137500
-1 0.422656 0.220139 0.034375 0.131944
-1 0.476562 0.500000 0.026562 0.158333
-1 0.037500 0.300000 0.029687 0.111111
-1 0.746094 0.464583 0.031250 0.148611
-1 0.086328 0.345833 0.036719 0.108333
-1 0.289844 0.138194 0.034375 0.131944
-1 0.194531 0.147917 0.039062 0.137500
-1 0.146875 0.200694 0.042188 0.143056
-1 0.894922 0.488889 0.027344 0.136111