1 0.850781 0.425694 0.151562 0.179167
1 0.889844 0.989583 0.146875 0.229167
-1 0.884766 0.945139 0.105469 0.104167
0 0.412891 0.909028 0.157031 0.120833
1 0.364844 0.547917 0.145313 0.184722
0 0.478906 0.325000 0.151562 0.147222
0 0.690625 0.357639 0.101562 0.118056
4 0.577344 0.505556 0.051562 0.050000
4 0.807031 0.575694 0.065625 0.051389
0 0.566406 0.620139 0.076563 0.115278
0 0.596875 0.686111 0.087500 0.108333
4 0.274609 0.386111 0.047656 0.052778
5 0.682813 0.818056 0.131250 0.205556
-1 0.330859 0.575000 0.049219 0.097222
0 0.153516 0.492361 0.191406 0.143056
4 0.411328 0.685417 0.047656 0.059722
4 0.453125 0.623611 0.046875 0.050000