0 0.119922 0.491667 0.069531 0.097222
0 0.172656 0.411806 0.070312 0.062500
0 0.048828 0.772222 0.078906 0.136111
3 0.064844 0.470833 0.054688 0.180556
0 0.016797 0.618056 0.035156 0.066667
0 0.367969 0.563194 0.064062 0.098611
1 0.407422 0.613889 0.075781 0.111111
1 0.232422 0.523611 0.061719 0.094444
1 0.144922 0.790972 0.061719 0.151389
0 0.567187 0.939583 0.079687 0.179167
4 0.398047 0.873611 0.025781 0.044444
1 0.453125 0.293750 0.070312 0.079167
3 0.453516 0.440972 0.072656 0.145833
1 0.595703 0.314583 0.055469 0.095833
0 0.766797 0.422917 0.089844 0.098611
0 0.240234 0.763889 0.082031 0.130556
0 0.526563 0.679167 0.070312 0.130556
0 0.798047 0.281250 0.060156 0.101389
0 0.356641 0.263194 0.057031 0.095833
0 0.732031 0.838889 0.087500 0.175000
0 0.656250 0.727778 0.064062 0.108333
3 0.869922 0.390278 0.069531 0.130556