0 0.419141 0.620833 0.108594 0.136111
0 0.191797 0.587500 0.103906 0.116667
0 0.176172 0.731944 0.122656 0.133333
0 0.385547 0.749306 0.127344 0.137500
0 0.630859 0.559722 0.103906 0.122222
1 0.605078 0.776389 0.111719 0.177778
-1 0.583203 0.790278 0.047656 0.130556
1 0.633984 0.355556 0.086719 0.111111
-1 0.604688 0.319444 0.031250 0.058333
0 0.508594 0.281250 0.068750 0.168056
0 0.632812 0.073611 0.075000 0.105556
0 0.791406 0.352083 0.120313 0.115278
0 0.797266 0.496528 0.103906 0.129167
0 0.810547 0.640972 0.103906 0.168056
3 0.292969 0.396528 0.073438 0.331944
3 0.407031 0.258333 0.082812 0.183333
3 0.298438 0.687500 0.057813 0.247222
0 0.811328 0.801389 0.094531 0.161111