0 0.039062 0.407639 0.109375 0.104167
5 0.179688 0.454167 0.128125 0.163889
5 0.161719 0.572917 0.053125 0.106944
0 0.276172 0.334722 0.121094 0.172222
0 0.186719 0.179861 0.062500 0.090278
4 0.332422 0.404167 0.028906 0.047222
4 0.496094 0.563194 0.028125 0.045833
4 0.454297 0.522222 0.030469 0.055556
1 0.479687 0.247917 0.067187 0.095833
4 0.414062 0.655556 0.035937 0.052778
4 0.651563 0.800000 0.035937 0.050000
2 0.676562 0.381250 0.076563 0.115278
0 0.801172 0.324306 0.077344 0.104167
4 0.689063 0.912500 0.035937 0.050000
1 0.571875 0.107639 0.062500 0.079167
-1 0.571484 0.115278 0.025781 0.052778
0 0.553516 0.279167 0.071094 0.127778