0 0.093750 0.409722 0.126562 0.086111
0 0.155859 0.201389 0.121094 0.075000
0 0.433203 0.210417 0.102344 0.059722
0 0.239844 0.492361 0.145313 0.115278
5 0.227734 0.302083 0.075781 0.093056
0 0.487500 0.241667 0.129688 0.072222
0 0.583203 0.087500 0.107031 0.063889
0 0.442969 0.339583 0.117188 0.073611
0 0.460156 0.619444 0.179688 0.130556
0 0.616016 0.463889 0.105469 0.072222
0 0.534766 0.406944 0.110156 0.069444
5 0.394531 0.468056 0.159375 0.152778
3 0.146484 0.766667 0.107031 0.125000
3 0.278125 0.817361 0.153125 0.173611
0 0.827344 0.426389 0.126562 0.097222