1 0.168750 0.597917 0.096875 0.106944
-1 0.166016 0.585417 0.091406 0.090278
-1 0.188281 0.808333 0.137500 0.158333
0 0.377344 0.449306 0.084375 0.095833
1 0.158203 0.466667 0.091406 0.086111
2 0.092578 0.554167 0.067969 0.180556
4 0.321094 0.451389 0.039062 0.058333
1 0.632422 0.847917 0.130469 0.218056
5 0.527344 0.596528 0.123438 0.176389
0 0.351172 0.347917 0.085156 0.090278
1 0.793359 0.469444 0.066406 0.102778
1 0.712500 0.502778 0.075000 0.138889
1 0.720703 0.331250 0.091406 0.087500
1 0.866797 0.820833 0.096094 0.172222