0 0.099609 0.565278 0.108594 0.136111
0 0.016797 0.638194 0.127344 0.137500
0 0.302734 0.681944 0.103906 0.122222
1 0.195703 0.837500 0.111719 0.177778
-1 0.168750 0.819444 0.045312 0.125000
1 0.381641 0.509722 0.086719 0.111111
-1 0.369141 0.455556 0.039844 0.075000
0 0.307812 0.357639 0.071875 0.176389
0 0.520703 0.620139 0.114844 0.109722
0 0.480469 0.763889 0.120313 0.150000
0 0.444531 0.901389 0.120313 0.194444
3 0.094141 0.365972 0.055469 0.248611
3 0.226953 0.280556 0.091406 0.158333
3 0.068750 0.400694 0.060937 0.259722
0 0.686719 0.969444 0.142187 0.194444
5 0.644141 0.507639 0.116406 0.148611
5 0.749609 0.581250 0.061719 0.123611
4 0.797656 0.918056 0.021875 0.075000
4 0.874609 0.931250 0.035156 0.051389
0 0.630469 0.308333 0.115625 0.163889