4 0.584766 0.952083 0.149219 0.170833
4 0.814453 0.659028 0.080469 0.204167
4 0.911719 0.856250 0.164062 0.143056
4 0.723437 0.688194 0.071875 0.168056
4 0.901953 0.677083 0.069531 0.145833
-1 0.686328 0.187500 0.019531 0.091667
-1 0.659375 0.198611 0.021875 0.088889
-1 0.544141 0.329861 0.019531 0.090278
-1 0.739453 0.436806 0.030469 0.093056
-1 0.950391 0.328472 0.021094 0.081944
-1 0.857812 0.384028 0.026562 0.081944
-1 0.384375 0.288889 0.025000 0.083333
-1 0.355078 0.244444 0.027344 0.094444
-1 0.303516 0.231944 0.022656 0.069444
-1 0.591016 0.413889 0.017969 0.097222
-1 0.806641 0.397222 0.024219 0.077778
-1 0.691406 0.416667 0.026562 0.091667
-1 0.663672 0.418750 0.022656 0.093056
-1 0.735156 0.318056 0.026562 0.072222
-1 0.584766 0.316667 0.028906 0.050000