0 0.297266 0.145139 0.111719 0.062500
0 0.203125 0.236111 0.106250 0.066667
0 0.087109 0.490278 0.163281 0.119444
0 0.312500 0.364583 0.090625 0.062500
0 0.267969 0.296528 0.095312 0.059722
5 0.111719 0.340972 0.151562 0.145833
3 0.122656 0.936806 0.109375 0.123611
0 0.527344 0.337500 0.120313 0.091667
0 0.572656 0.607639 0.139063 0.134722
0 0.211719 0.609028 0.182812 0.159722
3 0.431641 0.570139 0.069531 0.062500
3 0.067578 0.915278 0.249219 0.133333
0 0.746094 0.479861 0.143750 0.098611
0 0.638672 0.264583 0.097656 0.059722
0 0.862500 0.425694 0.132812 0.115278
0 0.763672 0.369444 0.091406 0.088889