0 0.096484 0.227778 0.266406 0.216667
4 0.726562 0.756250 0.076563 0.104167
4 0.487891 0.186806 0.061719 0.070833
4 0.645312 0.292361 0.037500 0.062500
4 0.272266 0.559028 0.063281 0.090278
4 0.500391 0.250000 0.030469 0.063889
4 0.403906 0.124306 0.051562 0.051389
4 0.691406 0.547917 0.071875 0.098611
4 0.598437 0.084028 0.032813 0.062500
4 0.714063 0.260417 0.048438 0.070833
4 0.831250 0.238194 0.057813 0.070833
4 0.751172 0.501389 0.041406 0.080556
4 0.777734 0.240278 0.036719 0.066667
4 0.483203 0.526389 0.082031 0.063889
4 0.836719 0.550694 0.064062 0.068056
4 0.316406 0.154167 0.060937 0.052778
4 0.550781 0.170833 0.042188 0.058333