0 0.634766 0.873611 0.136719 0.222222
1 0.290234 0.799306 0.188281 0.273611
-1 0.337109 0.883333 0.058594 0.155556
1 0.311328 0.404167 0.102344 0.197222
1 0.504687 0.452778 0.120313 0.175000
-1 0.521094 0.440972 0.071875 0.151389
0 0.746484 0.515972 0.122656 0.170833
1 0.464453 0.959722 0.141406 0.319444
1 0.186328 0.352778 0.110156 0.200000
-1 0.220703 0.300694 0.058594 0.093056
-1 0.172656 0.372222 0.067187 0.108333
0 0.037500 0.336806 0.112500 0.212500
3 0.412891 0.359722 0.061719 0.163889
0 0.832812 0.953472 0.151562 0.262500
0 0.762109 0.248611 0.108594 0.111111
0 0.928516 0.184722 0.108594 0.113889
0 0.852734 0.496528 0.113281 0.215278
4 0.913281 0.688194 0.045312 0.056944
3 0.790625 0.756944 0.076563 0.072222
3 0.468359 0.690972 0.125781 0.181944