1 0.180078 0.898611 0.116406 0.177778
-1 0.177344 0.897917 0.101562 0.148611
1 0.432031 0.778472 0.206250 0.281944
-1 0.426953 0.690972 0.088281 0.101389
-1 0.473828 0.773611 0.053906 0.163889
4 0.564844 0.831944 0.051562 0.116667
4 0.596484 0.711806 0.047656 0.123611
4 0.608984 0.645833 0.038281 0.094444
1 0.211328 0.790278 0.125781 0.186111
-1 0.244531 0.747917 0.068750 0.104167
4 0.681641 0.785417 0.072656 0.076389
4 0.248438 0.543750 0.048438 0.104167
0 0.691016 0.625694 0.167969 0.248611
0 0.339453 0.533333 0.114844 0.263889
0 0.871094 0.493750 0.190625 0.270833