0 0.414062 0.861111 0.085938 0.147222
0 0.288281 0.852083 0.100000 0.195833
0 0.094922 0.792361 0.086719 0.168056
0 0.025781 0.484722 0.079687 0.113889
0 0.586719 0.475694 0.075000 0.090278
1 0.430078 0.564583 0.085156 0.131944
-1 0.419922 0.549306 0.038281 0.076389
0 0.316406 0.603472 0.073438 0.118056
0 0.606641 0.922917 0.074219 0.131944
0 0.296484 0.400000 0.072656 0.080556
0 0.376953 0.159028 0.053906 0.076389
0 0.369531 0.118750 0.057813 0.051389
0 0.466797 0.314583 0.071094 0.123611
1 0.725000 0.650000 0.075000 0.166667
3 0.697266 0.927083 0.053906 0.284722
3 0.328125 0.708333 0.126562 0.058333
3 0.081250 0.943056 0.109375 0.111111
3 0.303516 0.209722 0.036719 0.122222
3 0.018359 0.718750 0.091406 0.173611
0 0.526563 0.475000 0.059375 0.083333
0 0.354687 0.281250 0.040625 0.076389
0 0.823047 0.615278 0.052344 0.083333
5 0.785547 0.433333 0.089844 0.127778