0 -0.001563 0.218056 0.142187 0.125000
0 -0.005469 0.896528 0.204687 0.190278
1 0.313672 0.527778 0.142969 0.250000
-1 0.295703 0.463889 0.082031 0.155556
1 0.605078 0.377083 0.085156 0.123611
-1 0.615625 0.402083 0.050000 0.076389
-1 0.574609 0.157639 0.088281 0.112500
1 0.489063 0.254861 0.062500 0.068056
1 0.485938 0.398611 0.062500 0.091667
-1 0.488281 0.402083 0.040625 0.065278
0 0.322656 0.254167 0.050000 0.094444
1 0.773047 0.297222 0.063281 0.075000
1 0.641016 0.476389 0.092969 0.116667
1 0.216797 0.444444 0.060156 0.077778
-1 0.231250 0.447917 0.037500 0.056944