0 0.057422 0.495139 0.114844 0.109722
5 0.204687 0.526389 0.128125 0.163889
5 0.223828 0.643750 0.064844 0.129167
0 0.287891 0.373611 0.127344 0.180556
0 0.175000 0.229167 0.065625 0.094444
4 0.359766 0.431944 0.028906 0.047222
4 0.537500 0.560417 0.028125 0.045833
4 0.492578 0.527778 0.030469 0.055556
0 0.151953 0.131250 0.066406 0.090278
1 0.481250 0.243750 0.067187 0.095833
4 0.471094 0.670833 0.035937 0.052778
4 0.710938 0.752083 0.034375 0.048611
2 0.679297 0.336111 0.069531 0.105556
0 0.788672 0.259028 0.077344 0.104167
4 0.757031 0.849306 0.032813 0.045833
1 0.557813 0.083333 0.059375 0.075000
-1 0.560547 0.091667 0.025781 0.052778