0 0.047266 0.243056 0.266406 0.216667
4 0.685937 0.835417 0.076563 0.104167
4 0.465234 0.193056 0.064844 0.075000
4 0.620313 0.310417 0.039062 0.065278
4 0.198828 0.555556 0.069531 0.100000
4 0.469141 0.259722 0.030469 0.063889
4 0.378906 0.124306 0.051562 0.051389
4 0.643359 0.574306 0.075781 0.104167
4 0.589063 0.095139 0.032813 0.062500
4 0.697656 0.284028 0.053125 0.079167
4 0.820703 0.268750 0.044531 0.070833
4 0.708203 0.532639 0.038281 0.073611
4 0.764844 0.271528 0.040625 0.073611
4 0.444922 0.559722 0.082031 0.063889
4 0.783594 0.578472 0.064062 0.068056
4 0.289062 0.161111 0.064062 0.055556
4 0.532422 0.183333 0.044531 0.061111
4 0.680859 0.068750 0.036719 0.054167