0 0.049609 0.406944 0.089844 0.086111
5 0.135937 0.536111 0.121875 0.155556
0 0.259375 0.422917 0.104688 0.148611
0 0.222266 0.279861 0.057031 0.081944
4 0.293359 0.481944 0.024219 0.038889
4 0.403516 0.683333 0.028906 0.047222
4 0.371484 0.630556 0.028906 0.052778
1 0.463672 0.402778 0.063281 0.091667
4 0.306641 0.738889 0.038281 0.055556
4 0.505078 0.970833 0.038281 0.052778
2 0.636719 0.585417 0.073438 0.109722
0 0.785547 0.571528 0.089844 0.120833
1 0.588281 0.311806 0.062500 0.079167
-1 0.576953 0.316667 0.025781 0.052778
0 0.525391 0.445833 0.071094 0.127778
4 0.730078 0.651389 0.019531 0.050000
4 0.714844 0.612500 0.020313 0.041667
4 0.685937 0.698611 0.023438 0.030556
4 0.666797 0.756250 0.030469 0.031944
4 0.507422 0.682639 0.017969 0.051389
0 0.453125 0.681944 0.079687 0.125000
4 0.231250 0.662500 0.015625 0.058333