1 0.319531 0.472222 0.093750 0.136111
-1 0.317188 0.503472 0.060937 0.093056
-1 0.345703 0.239583 0.097656 0.123611
1 0.219531 0.340972 0.062500 0.068056
1 0.180859 0.499306 0.069531 0.101389
-1 0.179688 0.513194 0.046875 0.076389
0 0.031641 0.345139 0.052344 0.098611
1 0.521094 0.381250 0.076563 0.090278
1 0.326562 0.585417 0.107813 0.134722
2 0.401562 0.586806 0.064062 0.098611
2 0.653125 0.468056 0.051562 0.083333
2 0.781250 0.756944 0.076563 0.144444
0 0.735938 0.502778 0.131250 0.136111
0 0.809766 0.378472 0.077344 0.095833
2 0.896875 0.447222 0.064062 0.080556
0 0.816797 0.664583 0.102344 0.123611