0 0.119922 0.693056 0.103906 0.122222
1 0.230859 0.569444 0.086719 0.111111
-1 0.235547 0.525000 0.041406 0.077778
0 0.205469 0.413194 0.065625 0.159722
0 0.328906 0.725694 0.120313 0.115278
0 0.257812 0.840278 0.120313 0.150000
3 0.147266 0.279167 0.105469 0.183333
5 0.471875 0.652778 0.110937 0.141667
5 0.551172 0.763194 0.064844 0.129167
0 0.508984 0.476389 0.121094 0.172222
0 0.363672 0.388194 0.069531 0.098611
4 0.594141 0.501389 0.030469 0.050000
4 0.786719 0.540972 0.026562 0.043056
4 0.745703 0.522222 0.027344 0.050000
0 0.259375 0.240278 0.089063 0.122222
1 0.651953 0.261111 0.077344 0.111111
4 0.761719 0.673611 0.034375 0.050000
4 0.983594 0.647917 0.031250 0.059722