4 0.805078 0.931250 0.152344 0.384722
4 0.639844 0.960417 0.106250 0.248611
4 0.935937 0.983333 0.114062 0.236111
-1 0.821484 0.141667 0.028906 0.136111
-1 0.791797 0.160417 0.028906 0.118056
-1 0.539453 0.341667 0.032031 0.147222
-1 0.795312 0.559028 0.046875 0.145833
-1 0.964844 0.540972 0.050000 0.109722
-1 0.565625 0.514583 0.029687 0.159722
-1 0.928125 0.512500 0.039062 0.127778
-1 0.730078 0.518056 0.042969 0.150000
-1 0.683984 0.519444 0.036719 0.152778
-1 0.815234 0.403472 0.033594 0.093056
-1 0.598437 0.344444 0.054688 0.094444
-1 0.889844 0.497222 0.037500 0.116667
-1 0.948438 0.806944 0.037500 0.116667
4 0.932813 0.678472 0.257812 0.170833
-1 0.373437 0.318750 0.039062 0.098611
-1 0.391797 0.379167 0.038281 0.097222
-1 0.488672 0.347917 0.049219 0.109722
-1 0.665234 0.475694 0.025781 0.140278
-1 0.214844 0.796528 0.039062 0.168056
-1 0.730469 0.867361 0.029687 0.134722
-1 0.697656 0.828472 0.045312 0.179167
-1 0.642969 0.393750 0.035937 0.131944
-1 0.626953 0.552778 0.033594 0.130556
-1 0.513281 0.252778 0.032813 0.125000
-1 0.592969 0.525694 0.025000 0.151389
-1 0.140625 0.343056 0.029687 0.111111
-1 0.857031 0.487500 0.029687 0.141667
-1 0.187891 0.386111 0.035156 0.102778
-1 0.353516 0.162500 0.036719 0.138889
-1 0.274609 0.168056 0.041406 0.144444
-1 0.232031 0.238194 0.042188 0.143056