1 0.190234 0.770139 0.146094 0.115278
-1 0.160547 0.746528 0.077344 0.073611
1 0.606641 0.594444 0.160156 0.122222
0 0.467969 0.761806 0.126562 0.093056
0 0.017578 0.487500 0.147656 0.094444
0 0.403906 0.544444 0.118750 0.105556
4 0.371875 0.356944 0.026562 0.038889
4 0.320703 0.328472 0.038281 0.051389
4 0.549219 0.284028 0.026562 0.045833
4 0.566406 0.307639 0.031250 0.043056
4 0.480469 0.316667 0.026562 0.033333
0 0.671484 0.397222 0.116406 0.086111
5 0.583203 0.470833 0.124219 0.113889
5 0.741797 0.804861 0.124219 0.240278
0 0.784766 0.304861 0.099219 0.068056
0 0.401953 0.201389 0.130469 0.080556
1 0.571484 0.154167 0.075781 0.052778
0 0.258203 0.243750 0.105469 0.065278
4 0.475781 0.397917 0.034375 0.043056