0 0.036328 0.275694 0.074219 0.065278
0 0.204297 0.520833 0.074219 0.113889
1 0.228516 0.565278 0.083594 0.122222
1 0.064453 0.422222 0.061719 0.094444
4 0.159375 0.843750 0.026562 0.045833
1 0.348047 0.236111 0.082031 0.091667
3 0.315625 0.424306 0.084375 0.168056
1 0.490625 0.297917 0.057813 0.101389
0 0.648047 0.476389 0.103906 0.113889
0 0.021875 0.675694 0.095312 0.151389
0 0.334766 0.671528 0.082031 0.151389
0 0.712109 0.329861 0.069531 0.118056
0 0.258203 0.168056 0.060156 0.100000
0 0.512500 0.927083 0.096875 0.193056
0 0.457422 0.770833 0.074219 0.125000
3 0.794531 0.476389 0.076563 0.144444
1 0.439063 0.276389 0.056250 0.086111
1 0.594531 0.388889 0.050000 0.072222
3 0.863672 0.600000 0.089844 0.088889