1 -0.010937 0.947222 0.162500 0.236111
1 0.125781 0.534028 0.118750 0.229167
1 0.350391 0.663889 0.139844 0.202778
-1 0.338281 0.672917 0.079687 0.168056
0 0.628906 0.797917 0.181250 0.251389
1 0.017969 0.443056 0.104688 0.191667
-1 0.057422 0.403472 0.058594 0.093056
-1 0.008594 0.474306 0.078125 0.126389
3 0.285156 0.652083 0.075000 0.198611
0 0.730859 0.435417 0.138281 0.143056
0 0.965234 0.376389 0.132031 0.138889
0 0.769531 0.798611 0.159375 0.302778
3 0.231250 0.886806 0.153125 0.220833
4 0.764062 0.260417 0.020313 0.056944
3 0.230078 0.376389 0.142969 0.113889
3 0.718750 0.300000 0.089063 0.094444
3 0.728125 0.570833 0.145313 0.102778