1 0.611719 0.234722 0.125000 0.147222
1 0.786328 0.679167 0.121094 0.188889
-1 0.783984 0.654861 0.091406 0.090278
0 0.380078 0.690972 0.142969 0.109722
1 0.239453 0.400694 0.132031 0.168056
0 0.266797 0.188194 0.144531 0.140278
0 0.474219 0.203472 0.087500 0.101389
4 0.816016 0.371528 0.036719 0.068056
4 0.388672 0.340972 0.044531 0.043056
4 0.604688 0.367361 0.051562 0.040278
0 0.415625 0.453472 0.084375 0.126389
0 0.490625 0.473611 0.101562 0.125000
4 0.555469 0.834028 0.026562 0.090278
0 0.873828 0.546528 0.077344 0.095833