1 0.055469 0.634028 0.139063 0.109722
-1 0.036328 0.608333 0.074219 0.069444
1 0.486328 0.461111 0.160156 0.122222
0 0.334375 0.625694 0.132812 0.098611
0 0.298047 0.411806 0.113281 0.101389
4 0.283594 0.226389 0.026562 0.038889
4 0.234766 0.197917 0.038281 0.051389
4 0.464062 0.156250 0.026562 0.045833
4 0.478906 0.178472 0.031250 0.043056
4 0.393750 0.186806 0.028125 0.034722
0 0.571875 0.265972 0.110937 0.081944
5 0.498047 0.344444 0.130469 0.119444
5 0.610156 0.640278 0.096875 0.188889
0 0.692578 0.177083 0.094531 0.065278
0 0.180859 0.125694 0.105469 0.065278
4 0.378906 0.266667 0.031250 0.038889
0 0.893750 0.575694 0.096875 0.073611
0 0.822266 0.667361 0.114844 0.151389