1 0.859375 0.506250 0.151562 0.179167
0 0.405078 0.986806 0.157031 0.120833
1 0.366406 0.625694 0.145313 0.184722
0 0.492188 0.391667 0.151562 0.147222
0 0.696875 0.436806 0.106250 0.123611
4 0.583984 0.584722 0.053906 0.052778
4 0.815625 0.660417 0.068750 0.054167
0 0.567578 0.700694 0.080469 0.120833
0 0.597656 0.768056 0.092188 0.113889
4 0.279297 0.459722 0.047656 0.052778
5 0.689844 0.890278 0.137500 0.216667
-1 0.333594 0.654167 0.051562 0.102778
0 0.155078 0.565278 0.200781 0.150000
4 0.412109 0.763194 0.047656 0.059722
4 0.455469 0.702778 0.046875 0.050000
1 0.449609 0.259028 0.175781 0.115278
-1 0.412891 0.253472 0.089844 0.084722