1 0.839063 0.328472 0.151562 0.179167
1 0.881250 0.882639 0.146875 0.229167
-1 0.883984 0.847917 0.105469 0.104167
0 0.415234 0.809028 0.157031 0.120833
1 0.364844 0.454861 0.145313 0.184722
0 0.472656 0.234722 0.151562 0.147222
0 0.682813 0.261806 0.101562 0.118056
4 0.571875 0.408333 0.051562 0.050000
4 0.800000 0.476389 0.059375 0.047222
0 0.559375 0.524306 0.084375 0.126389
0 0.596094 0.586111 0.087500 0.108333
4 0.270313 0.295833 0.045312 0.050000
5 0.680469 0.715278 0.131250 0.205556
-1 0.330078 0.483333 0.049219 0.097222
0 0.152734 0.406944 0.182031 0.136111
4 0.409766 0.588194 0.047656 0.059722
4 0.450781 0.529167 0.046875 0.050000