1 0.330469 0.601389 0.121875 0.186111
-1 0.331250 0.603472 0.101562 0.148611
2 0.259766 0.809722 0.077344 0.211111
2 0.337500 0.822917 0.109375 0.170833
2 0.529687 0.904861 0.121875 0.351389
1 0.596875 0.489583 0.217188 0.295833
-1 0.590625 0.399306 0.101562 0.118056
-1 0.645312 0.481944 0.062500 0.188889
4 0.735938 0.551389 0.056250 0.127778
4 0.764453 0.431944 0.052344 0.136111
4 0.775391 0.360417 0.044531 0.109722
1 0.357031 0.489583 0.132812 0.195833
-1 0.391406 0.454861 0.071875 0.109722
0 0.762891 0.894444 0.150781 0.269444
4 0.853906 0.515972 0.079687 0.084722
4 0.376953 0.227083 0.050781 0.109722