0 0.122266 0.945139 0.072656 0.101389
1 0.263281 0.726389 0.065625 0.077778
0 0.334375 0.923611 0.095312 0.105556
1 0.453516 0.917361 0.083594 0.084722
0 0.455469 0.785417 0.064062 0.059722
0 0.538672 0.726389 0.071094 0.063889
0 0.690625 0.939583 0.085938 0.098611
1 0.555469 0.604861 0.064062 0.059722
1 0.095703 0.842361 0.078906 0.065278
4 0.789844 0.727083 0.032813 0.040278
1 0.334375 0.755556 0.064062 0.080556
-1 0.339453 0.748611 0.044531 0.055556
1 0.568750 0.926389 0.087500 0.144444
0 0.711328 0.727083 0.083594 0.123611
0 0.455859 0.536806 0.074219 0.056944
0 0.305859 0.434028 0.055469 0.056944
0 0.604688 0.438889 0.075000 0.066667