0 0.050781 0.582639 0.103125 0.129167
0 0.229297 0.723611 0.103906 0.122222
1 0.111719 0.858333 0.106250 0.169444
-1 0.087109 0.840278 0.047656 0.130556
1 0.323047 0.568056 0.086719 0.111111
-1 0.318359 0.513889 0.039844 0.075000
0 0.266406 0.414583 0.068750 0.168056
0 0.450781 0.699306 0.126562 0.120833
0 0.398438 0.839583 0.126562 0.156944
3 0.061719 0.386806 0.064062 0.287500
3 0.201172 0.324306 0.086719 0.151389
5 0.582031 0.598611 0.110937 0.141667
5 0.681641 0.689583 0.064844 0.129167
0 0.589844 0.406944 0.115625 0.163889
0 0.430859 0.347917 0.072656 0.104167
4 0.673828 0.412500 0.030469 0.050000
4 0.858594 0.409722 0.025000 0.041667
4 0.822266 0.401389 0.027344 0.050000