2 0.379297 0.954167 0.153906 0.191667
4 0.690625 0.666667 0.051562 0.063889
4 0.232813 0.650694 0.067187 0.070833
4 0.346875 0.593056 0.045312 0.069444
4 0.395313 0.618056 0.059375 0.055556
4 0.646094 0.483333 0.042188 0.047222
4 0.694922 0.380556 0.035156 0.072222
0 0.850781 0.954167 0.195312 0.252778
1 0.314844 0.438194 0.154688 0.204167
4 0.774609 0.595139 0.058594 0.045833
4 0.756641 0.524306 0.050781 0.043056
4 0.737500 0.436111 0.053125 0.047222
4 0.947266 0.417361 0.033594 0.056944
4 0.994531 0.456944 0.037500 0.072222
4 0.782422 0.335417 0.041406 0.059722
4 0.871484 0.389583 0.047656 0.059722
1 0.912109 0.554861 0.136719 0.134722
0 0.173828 0.463889 0.150781 0.183333