1 0.279687 0.984722 0.193750 0.163889
-1 0.274609 0.979861 0.167969 0.120833
1 0.344531 0.556944 0.121875 0.186111
-1 0.347656 0.561806 0.101562 0.148611
2 0.274609 0.769444 0.077344 0.211111
2 0.353906 0.781250 0.109375 0.170833
2 0.546094 0.857639 0.121875 0.351389
1 0.615234 0.448611 0.227344 0.311111
-1 0.608594 0.353472 0.101562 0.118056
-1 0.664844 0.438889 0.062500 0.188889
4 0.755469 0.509722 0.056250 0.127778
4 0.783203 0.387500 0.052344 0.136111
4 0.794141 0.317361 0.044531 0.109722
1 0.371875 0.445139 0.132812 0.195833
-1 0.405469 0.407639 0.071875 0.109722
0 0.785547 0.852778 0.150781 0.269444
4 0.864844 0.472917 0.079687 0.084722