4 0.807031 0.958333 0.145313 0.366667
4 0.642969 0.999306 0.106250 0.248611
4 0.939844 1.012500 0.114062 0.236111
-1 0.769922 0.174306 0.033594 0.156944
-1 0.740234 0.188194 0.028906 0.118056
-1 0.503516 0.381250 0.033594 0.154167
-1 0.768359 0.588889 0.049219 0.152778
-1 0.947656 0.579861 0.050000 0.109722
-1 0.539062 0.552083 0.031250 0.168056
-1 0.895312 0.541667 0.037500 0.122222
-1 0.703516 0.550000 0.042969 0.150000
-1 0.655078 0.554167 0.036719 0.152778
-1 0.779687 0.428472 0.040625 0.112500
-1 0.564063 0.379167 0.054688 0.094444
-1 0.860938 0.522222 0.039062 0.122222
-1 0.939844 0.831944 0.037500 0.116667
4 0.924219 0.693750 0.245312 0.162500
-1 0.335156 0.356250 0.039062 0.098611
-1 0.353516 0.415278 0.038281 0.097222
-1 0.447266 0.384028 0.049219 0.109722
-1 0.634766 0.511111 0.027344 0.147222
-1 0.204297 0.842361 0.041406 0.176389
-1 0.727344 0.900694 0.029687 0.134722
-1 0.694531 0.857639 0.045312 0.179167
-1 0.607812 0.434028 0.035937 0.131944
-1 0.608203 0.581250 0.038281 0.151389
-1 0.470313 0.290278 0.032813 0.125000
-1 0.567969 0.560417 0.025000 0.151389
-1 0.109375 0.366667 0.029687 0.111111
-1 0.823438 0.511806 0.028125 0.134722
-1 0.980078 0.489583 0.028906 0.098611
-1 0.150391 0.426389 0.035156 0.102778
-1 0.286328 0.207639 0.038281 0.145833
-1 0.227734 0.213889 0.041406 0.144444
-1 0.185938 0.279861 0.042188 0.143056