-1 0.099219 0.806250 0.046875 0.165278
-1 0.294141 0.652083 0.046094 0.204167
-1 0.428516 0.619444 0.047656 0.116667
-1 0.438281 0.595833 0.039062 0.150000
-1 0.496094 0.338889 0.045312 0.175000
-1 0.460938 0.412500 0.073438 0.091667
-1 0.402734 0.397917 0.028906 0.134722
-1 0.341016 0.383333 0.047656 0.169444
-1 0.187500 0.511111 0.053125 0.172222
-1 0.264062 0.490278 0.046875 0.119444
-1 0.234375 0.610417 0.048438 0.195833
-1 0.138281 0.481944 0.046875 0.177778
-1 0.093359 0.477083 0.053906 0.143056
-1 0.076953 0.433333 0.047656 0.163889
-1 0.083203 0.650000 0.044531 0.055556
-1 0.336328 0.535417 0.036719 0.165278
-1 0.231641 0.411111 0.036719 0.152778
-1 0.350781 0.218056 0.046875 0.166667
-1 0.686328 0.313889 0.044531 0.105556
-1 0.615625 0.205556 0.042188 0.136111
4 0.618750 0.821528 0.279687 0.306944
-1 0.754687 0.177083 0.048438 0.143056
-1 0.642188 0.126389 0.039062 0.161111