0 0.333984 0.154861 0.111719 0.062500
0 0.248828 0.240278 0.100781 0.063889
0 0.166016 0.485417 0.155469 0.112500
0 0.367969 0.360417 0.090625 0.062500
0 0.321875 0.300694 0.095312 0.059722
5 0.164062 0.351389 0.131250 0.125000
3 0.039453 0.889583 0.114844 0.129167
0 0.568750 0.334722 0.120313 0.091667
0 0.642188 0.586806 0.120313 0.115278
0 0.278516 0.603472 0.166406 0.145833
3 0.492188 0.529167 0.076563 0.069444
3 0.151562 0.917361 0.303125 0.162500
0 0.794922 0.466667 0.136719 0.094444
0 0.669922 0.263194 0.092969 0.056944
0 0.900781 0.411806 0.120313 0.104167
0 0.799609 0.360417 0.086719 0.084722