0 0.048438 0.579861 0.098437 0.123611
0 0.203516 0.729167 0.103906 0.122222
1 0.080469 0.851389 0.106250 0.169444
-1 0.059766 0.833333 0.047656 0.130556
1 0.301953 0.580556 0.086719 0.111111
-1 0.301172 0.527778 0.039844 0.075000
0 0.253125 0.425694 0.068750 0.168056
0 0.421094 0.720139 0.120313 0.115278
0 0.364063 0.856250 0.126562 0.156944
3 0.053906 0.396528 0.060937 0.273611
3 0.194922 0.332639 0.086719 0.151389
5 0.554297 0.625694 0.105469 0.134722
5 0.654297 0.727083 0.064844 0.129167
0 0.573047 0.440278 0.121094 0.172222
0 0.416797 0.371528 0.072656 0.104167
4 0.657422 0.450000 0.032031 0.052778
4 0.846875 0.459028 0.026562 0.043056
4 0.808984 0.448611 0.025781 0.047222
0 0.289062 0.230556 0.093750 0.127778