5 0.001953 0.586806 0.116406 0.148611
0 0.150000 0.492361 0.095312 0.134722
0 0.138672 0.368750 0.049219 0.070833
4 0.233984 0.569444 0.032031 0.052778
4 0.244141 0.729167 0.030469 0.050000
4 0.221484 0.676389 0.030469 0.055556
1 0.344531 0.475000 0.057813 0.083333
4 0.143750 0.772222 0.035937 0.052778
4 0.295312 0.972222 0.035937 0.050000
2 0.489063 0.628472 0.073438 0.065278
0 0.644141 0.636806 0.089844 0.120833
1 0.483594 0.397917 0.062500 0.079167
-1 0.470703 0.394444 0.024219 0.050000
0 0.398828 0.515278 0.067969 0.122222
4 0.583203 0.715278 0.019531 0.050000
4 0.567969 0.673611 0.020313 0.041667
4 0.525000 0.752778 0.023438 0.030556
4 0.494922 0.801389 0.028906 0.030556
4 0.345703 0.728472 0.017969 0.051389
0 0.291016 0.726389 0.072656 0.113889
4 0.082031 0.700694 0.012500 0.048611
0 0.739062 0.528472 0.060937 0.073611
0 0.678125 0.736806 0.076563 0.118056
0 0.782422 0.732639 0.072656 0.118056
0 0.471484 0.491667 0.050781 0.108333
0 0.529297 0.511806 0.060156 0.087500