1 0.105859 0.661111 0.092969 0.108333
-1 0.092188 0.655556 0.059375 0.061111
-1 0.029297 0.677083 0.032031 0.090278
2 0.079687 0.791667 0.089063 0.116667
0 0.167187 0.859028 0.087500 0.148611
1 0.219922 0.338889 0.058594 0.086111
0 0.105469 0.331944 0.084375 0.063889
0 0.308594 0.631250 0.125000 0.112500
0 0.363672 0.849306 0.141406 0.120833
1 0.592187 0.778472 0.101562 0.145833
-1 0.596484 0.781250 0.072656 0.104167
0 0.498437 0.744444 0.101562 0.113889
1 0.632031 0.418750 0.073438 0.079167
0 0.280469 0.211806 0.062500 0.070833
0 0.494141 0.210417 0.108594 0.065278
0 0.627344 0.571528 0.115625 0.093056
5 0.494531 0.388194 0.059375 0.098611
0 0.741797 0.389583 0.053906 0.076389
0 0.902734 0.669444 0.066406 0.116667
1 0.906250 0.470833 0.078125 0.102778
1 0.839453 0.491667 0.061719 0.080556