1 0.264844 0.477778 0.093750 0.136111
-1 0.263281 0.509028 0.060937 0.093056
-1 0.304297 0.245139 0.097656 0.123611
1 0.173828 0.346528 0.066406 0.070833
1 0.126953 0.503472 0.072656 0.106944
-1 0.124219 0.517361 0.046875 0.076389
1 0.472266 0.385417 0.069531 0.081944
1 0.265625 0.595139 0.107813 0.134722
2 0.342969 0.595139 0.067187 0.104167
2 0.606250 0.475000 0.051562 0.083333
2 0.721484 0.771528 0.080469 0.151389
0 0.691406 0.511111 0.125000 0.130556
0 0.771484 0.381250 0.077344 0.095833
2 0.859375 0.450694 0.067187 0.084722
0 0.761328 0.677083 0.102344 0.123611
4 0.838672 0.536806 0.027344 0.051389
4 0.546875 0.621528 0.040625 0.051389