0 0.116797 0.533333 0.082031 0.075000
1 0.111719 0.454861 0.073438 0.073611
0 0.356641 0.277778 0.071094 0.058333
0 0.474609 0.204167 0.069531 0.061111
1 0.544922 0.409722 0.058594 0.050000
0 0.566797 0.559722 0.082031 0.083333
4 0.512500 0.508333 0.035937 0.027778
4 0.372656 0.490278 0.018750 0.044444
4 0.421094 0.320139 0.020313 0.031944
0 0.463281 0.459722 0.085938 0.080556
1 0.611719 0.443056 0.075000 0.088889
0 0.656641 0.587500 0.086719 0.086111
0 0.764844 0.411806 0.059375 0.065278
0 0.728516 0.365278 0.046094 0.055556
0 0.787109 0.754861 0.078906 0.112500
5 0.383984 0.809722 0.228906 0.288889
5 0.261719 0.379167 0.082812 0.094444
1 0.678516 0.713889 0.077344 0.108333
-1 0.682031 0.734722 0.059375 0.063889
0 0.738672 0.535417 0.049219 0.062500