1 0.107813 0.617361 0.101562 0.112500
-1 0.101953 0.608333 0.086719 0.086111
-1 0.123438 0.826389 0.137500 0.158333
0 0.317578 0.472917 0.088281 0.101389
1 0.099609 0.492361 0.096094 0.090278
2 0.031641 0.577778 0.064844 0.172222
4 0.266797 0.473611 0.036719 0.055556
1 0.566016 0.854861 0.130469 0.218056
5 0.463281 0.611806 0.123438 0.176389
0 0.293750 0.373611 0.081250 0.086111
1 0.731641 0.483333 0.066406 0.102778
1 0.650000 0.516667 0.075000 0.138889
1 0.662109 0.354167 0.086719 0.083333
1 0.798828 0.826389 0.096094 0.172222