-1 0.616797 0.652778 0.036719 0.130556
-1 0.537500 0.671528 0.031250 0.101389
-1 0.103125 0.928472 0.018750 0.068056
-1 0.675000 0.886111 0.035937 0.166667
-1 0.830469 0.564583 0.028125 0.123611
-1 0.800000 0.557639 0.028125 0.140278
-1 0.819141 0.747917 0.030469 0.120833
-1 0.786719 0.877778 0.034375 0.125000
-1 0.483594 0.415972 0.031250 0.104167
-1 0.378125 0.541667 0.039062 0.122222
-1 0.373437 0.593750 0.032813 0.140278
-1 0.715234 0.876389 0.030469 0.161111
-1 0.536719 0.318056 0.043750 0.100000
-1 0.397656 0.354861 0.023438 0.081944
-1 0.331641 0.521528 0.030469 0.126389
-1 0.902734 0.596528 0.022656 0.145833
-1 0.767578 0.879861 0.027344 0.137500
-1 0.923047 0.284028 0.024219 0.112500
-1 0.764062 0.358333 0.023438 0.133333
-1 0.783594 0.447917 0.029687 0.112500
-1 0.746875 0.306944 0.028125 0.127778
-1 0.888672 0.427083 0.030469 0.104167
-1 0.856641 0.293056 0.022656 0.088889
-1 0.800391 0.326389 0.024219 0.077778
-1 0.918359 0.911806 0.024219 0.123611
-1 0.862109 0.847222 0.021094 0.141667
-1 0.905469 0.670139 0.029687 0.095833
-1 0.940625 0.721528 0.031250 0.070833