0 0.296875 0.908333 0.085938 0.147222
0 0.168359 0.870833 0.110156 0.216667
0 0.540234 0.543750 0.086719 0.104167
1 0.358984 0.598611 0.089844 0.138889
-1 0.353906 0.585417 0.040625 0.079167
0 0.239063 0.614583 0.073438 0.118056
0 0.250391 0.400000 0.072656 0.080556
0 0.374219 0.159722 0.051562 0.072222
0 0.375781 0.120139 0.057813 0.051389
0 0.439453 0.345139 0.071094 0.123611
1 0.673828 0.769444 0.091406 0.202778
3 0.606641 0.965278 0.077344 0.202778
3 0.236719 0.733333 0.160938 0.075000
3 0.295312 0.194444 0.039062 0.127778
0 0.478906 0.524306 0.062500 0.087500
0 0.331641 0.286111 0.042969 0.080556
0 0.785937 0.756250 0.060937 0.095833
5 0.776563 0.534722 0.109375 0.155556
0 0.594531 0.138889 0.050000 0.077778
1 0.635938 0.157639 0.059375 0.087500