1 0.383984 0.395139 0.111719 0.123611
-1 0.377344 0.384028 0.082812 0.081944
-1 0.408203 0.618056 0.144531 0.166667
0 0.190234 0.436111 0.102344 0.147222
4 0.134375 0.473611 0.026562 0.072222
1 0.054688 0.631250 0.100000 0.112500
-1 0.042188 0.636111 0.060937 0.091667
1 0.055859 0.478472 0.082031 0.140278
0 0.578516 0.234722 0.092969 0.105556
1 0.363672 0.259028 0.096094 0.090278
2 0.296484 0.343056 0.064844 0.172222
4 0.507812 0.231944 0.039062 0.058333
0 0.175391 0.722222 0.155469 0.316667
4 0.076953 0.868750 0.044531 0.059722
4 0.153906 0.927778 0.040625 0.050000
1 0.864453 0.670139 0.130469 0.218056
5 0.750000 0.390972 0.123438 0.176389
0 0.551172 0.122917 0.085156 0.090278