1 0.296875 0.963194 0.196875 0.268056
-1 0.308984 0.871528 0.088281 0.101389
-1 0.353125 0.963889 0.059375 0.180556
4 0.453516 1.013889 0.053906 0.122222
4 0.480469 0.906250 0.050000 0.129167
4 0.493359 0.818056 0.038281 0.094444
1 0.077734 0.979167 0.125781 0.186111
-1 0.116406 0.946528 0.068750 0.104167
4 0.565234 0.960417 0.072656 0.076389
4 0.128906 0.724306 0.048438 0.104167
0 0.577734 0.786806 0.167969 0.248611
0 0.219922 0.713889 0.114844 0.263889
0 0.757031 0.640278 0.181250 0.258333
4 0.265625 0.474306 0.056250 0.079167
0 0.493750 0.294444 0.143750 0.169444
0 0.268359 0.342361 0.152344 0.181944
1 0.607812 0.276389 0.109375 0.183333
-1 0.623828 0.224306 0.061719 0.062500