1 0.309375 0.472222 0.093750 0.136111
-1 0.307812 0.503472 0.060937 0.093056
-1 0.337891 0.239583 0.097656 0.123611
1 0.211719 0.342361 0.062500 0.068056
1 0.170703 0.497917 0.072656 0.106944
-1 0.168750 0.514583 0.046875 0.076389
0 0.025391 0.345139 0.052344 0.098611
1 0.513281 0.380556 0.073438 0.086111
1 0.317969 0.586806 0.107813 0.134722
2 0.392188 0.585417 0.064062 0.098611
2 0.645312 0.469444 0.051562 0.083333
2 0.772656 0.758333 0.076563 0.144444
0 0.729688 0.504167 0.131250 0.136111
0 0.803516 0.378472 0.077344 0.095833
2 0.891406 0.447917 0.067187 0.084722
0 0.807422 0.665972 0.102344 0.123611