1 0.044922 0.513194 0.091406 0.081944
0 0.161328 0.500000 0.082031 0.075000
1 0.143750 0.414583 0.073438 0.073611
3 0.005078 0.660417 0.078906 0.109722
1 0.048047 0.236111 0.069531 0.063889
1 0.029687 0.345833 0.104688 0.091667
0 0.375391 0.233333 0.071094 0.058333
0 0.487109 0.156944 0.066406 0.058333
1 0.581641 0.365278 0.058594 0.050000
0 0.617969 0.514583 0.078125 0.079167
4 0.556250 0.465278 0.035937 0.027778
4 0.413281 0.445833 0.018750 0.044444
4 0.443359 0.273611 0.019531 0.030556
0 0.503125 0.416667 0.085938 0.080556
1 0.651953 0.396528 0.071094 0.084722
0 0.709766 0.540278 0.086719 0.086111
0 0.800000 0.361806 0.059375 0.065278
0 0.758203 0.313889 0.046094 0.055556
0 0.855078 0.703472 0.078906 0.112500
5 0.465234 0.786111 0.217969 0.275000
5 0.291406 0.341667 0.082812 0.094444