1 0.181250 1.002083 0.101562 0.145833
-1 0.170703 1.020833 0.080469 0.113889
0 0.031641 0.967361 0.117969 0.131944
1 0.317578 0.556944 0.085156 0.091667
0 0.198828 0.314583 0.138281 0.084722
0 0.266797 0.754167 0.147656 0.119444
5 0.146484 0.537500 0.075781 0.125000
0 0.464844 0.513194 0.062500 0.087500
0 0.605469 0.861806 0.084375 0.148611
1 0.650000 0.602083 0.104688 0.137500
1 0.562500 0.633333 0.075000 0.097222
0 -0.003516 0.556250 0.083594 0.090278
1 0.477344 0.919444 0.085938 0.119444
0 0.388281 0.678472 0.085938 0.081944
1 0.489844 0.332639 0.059375 0.070833
0 0.616016 0.477083 0.078906 0.087500
1 0.717969 0.451389 0.065625 0.066667
0 0.672656 0.359028 0.057813 0.054167
0 0.715234 0.304167 0.061719 0.055556
0 0.892188 0.446528 0.070312 0.081944
1 0.664844 0.198611 0.050000 0.047222
0 0.934766 0.634028 0.130469 0.156944
1 0.713281 0.817361 0.075000 0.106944