-1 0.626563 0.718750 0.032813 0.118056
-1 0.571875 0.779167 0.028125 0.161111
-1 0.600391 0.800000 0.038281 0.169444
-1 0.493359 0.704167 0.047656 0.188889
-1 0.404687 0.756250 0.045312 0.179167
-1 0.362109 0.725000 0.044531 0.183333
-1 0.787891 0.570139 0.041406 0.184722
-1 0.852344 0.542361 0.043750 0.106944
-1 0.900000 0.499306 0.031250 0.118056
-1 0.901172 0.256944 0.042969 0.166667
-1 0.875391 0.329167 0.060156 0.075000
-1 0.829688 0.302083 0.026562 0.120833
-1 0.784375 0.288889 0.034375 0.119444
-1 0.650391 0.448611 0.050781 0.163889
-1 0.724609 0.411111 0.038281 0.097222
-1 0.704297 0.525000 0.041406 0.169444
-1 0.023438 0.663889 0.046875 0.188889
-1 0.591406 0.249306 0.028125 0.193056
-1 0.630078 0.251389 0.039844 0.158333
-1 0.449219 0.268056 0.045312 0.122222
4 0.669531 0.997222 0.345313 0.225000
4 0.265625 0.443750 0.259375 0.218056
-1 0.374609 0.525694 0.044531 0.148611
-1 0.483203 0.558333 0.049219 0.125000
-1 0.528125 0.570833 0.031250 0.130556
-1 0.596875 0.416667 0.046875 0.177778
-1 0.542188 0.405556 0.051562 0.136111
-1 0.515234 0.358333 0.047656 0.163889
-1 0.552344 0.250694 0.050000 0.187500