-1 0.316797 0.879167 0.047656 0.211111
-1 0.255078 0.836111 0.046094 0.227778
-1 0.196094 0.331250 0.071875 0.162500
-1 0.400781 0.950000 0.032813 0.213889
-1 0.500391 0.524306 0.027344 0.154167
-1 0.431641 0.579861 0.046094 0.173611
-1 0.556250 0.409722 0.067187 0.161111
-1 0.729688 0.527778 0.037500 0.144444
-1 0.593750 0.510417 0.032813 0.104167
-1 0.789844 0.154861 0.039062 0.159722
-1 0.299219 0.186111 0.043750 0.169444
-1 0.208203 0.189583 0.042969 0.126389
-1 0.732812 0.365972 0.046875 0.270833
-1 0.732031 0.320833 0.029687 0.150000
-1 0.623437 0.166667 0.057813 0.183333
-1 0.692969 0.121528 0.040625 0.179167
-1 0.522656 0.959028 0.031250 0.170833
-1 0.676562 0.523611 0.032813 0.144444
-1 0.615625 0.423611 0.032813 0.113889
-1 0.624609 0.519444 0.032031 0.083333
-1 0.702344 0.779167 0.029687 0.105556
-1 0.563281 0.042361 0.039062 0.156944
-1 0.586328 0.135417 0.044531 0.156944
4 0.495312 0.693750 0.151562 0.259722
-1 0.705469 0.740972 0.028125 0.098611
-1 0.874219 0.559722 0.029687 0.205556
-1 0.801172 0.806250 0.036719 0.198611
-1 0.836328 0.768056 0.038281 0.230556
-1 0.791406 0.561806 0.037500 0.154167
-1 0.932813 0.749306 0.032813 0.165278
-1 0.974219 0.717361 0.032813 0.084722