1 0.619531 0.263889 0.125000 0.147222
1 0.789453 0.711111 0.121094 0.188889
-1 0.787891 0.686806 0.091406 0.090278
0 0.380859 0.720139 0.142969 0.109722
1 0.245703 0.428472 0.132031 0.168056
0 0.278516 0.213194 0.144531 0.140278
0 0.482812 0.232639 0.087500 0.101389
4 0.823047 0.402083 0.036719 0.068056
4 0.396484 0.368750 0.044531 0.043056
4 0.613281 0.396528 0.051562 0.040278
0 0.421094 0.479861 0.084375 0.126389
0 0.494531 0.501389 0.101562 0.125000
4 0.555469 0.865972 0.026562 0.090278
0 0.879297 0.581250 0.077344 0.095833