0 0.059766 0.362500 0.119531 0.094444
5 0.120703 0.195833 0.083594 0.102778
0 0.344922 0.159028 0.111719 0.062500
0 0.262500 0.240278 0.106250 0.066667
0 0.188672 0.484028 0.155469 0.112500
0 0.385156 0.361806 0.090625 0.062500
0 0.339844 0.302083 0.095312 0.059722
5 0.182031 0.351389 0.131250 0.125000
3 0.071484 0.896528 0.114844 0.129167
0 0.582812 0.337500 0.120313 0.091667
0 0.660156 0.584028 0.120313 0.115278
0 0.301172 0.600694 0.166406 0.145833
3 0.507812 0.525000 0.076563 0.069444
3 0.248047 0.914583 0.317969 0.170833
0 0.809766 0.468056 0.136719 0.094444
0 0.680859 0.267361 0.092969 0.056944
0 0.912500 0.411806 0.120313 0.104167
0 0.812891 0.363889 0.091406 0.088889