0 0.159375 0.128472 0.106250 0.059722
0 0.015234 0.211806 0.128906 0.081944
0 0.079687 0.378472 0.082812 0.056944
0 0.062109 0.293056 0.110156 0.069444
0 0.333984 0.373611 0.146094 0.111111
0 0.270703 0.706944 0.161719 0.155556
3 0.144141 0.611111 0.080469 0.144444
0 0.526953 0.574306 0.166406 0.115278
0 0.482031 0.296528 0.107813 0.065278
0 0.681250 0.524306 0.139063 0.120833
0 0.593359 0.441667 0.105469 0.102778
0 0.810156 0.257639 0.118750 0.090278
0 0.632422 0.175000 0.083594 0.077778
0 0.851953 0.381944 0.113281 0.094444
0 0.856250 0.466667 0.092188 0.069444
3 0.212891 0.388194 0.055469 0.145833
3 0.866016 0.692361 0.110156 0.179167