-1 0.671484 0.475694 0.033594 0.118056
-1 0.606250 0.509028 0.029687 0.095833
-1 0.714453 0.763194 0.019531 0.073611
-1 0.719922 0.821528 0.021094 0.095833
-1 0.973047 0.915972 0.016406 0.112500
-1 0.709375 1.000694 0.020313 0.079167
-1 0.332031 0.946528 0.018750 0.106944
-1 0.345313 0.834028 0.021875 0.079167
-1 0.804688 0.665278 0.031250 0.144444
-1 0.914844 0.750000 0.039062 0.066667
-1 0.929297 0.840972 0.024219 0.109722
-1 0.883203 0.875694 0.017969 0.095833
-1 0.909375 0.882639 0.015625 0.079167
-1 0.781641 0.818750 0.025781 0.115278
-1 0.760938 0.781250 0.021875 0.131944
-1 0.865625 0.340278 0.021875 0.102778
-1 0.815234 0.347917 0.025781 0.112500
-1 0.784766 0.342361 0.024219 0.120833
-1 0.982812 0.608333 0.018750 0.102778
-1 0.972266 0.596528 0.024219 0.120833
-1 0.924219 0.440278 0.020313 0.105556
-1 0.871875 0.502778 0.025000 0.100000
-1 0.920703 0.578472 0.024219 0.093056
-1 0.896094 0.634722 0.029687 0.108333
-1 0.858594 0.775694 0.029687 0.056944
-1 0.822266 0.816667 0.024219 0.097222
-1 0.460156 0.274306 0.032813 0.109722
-1 0.412109 0.400000 0.035156 0.111111
-1 0.436719 0.465972 0.029687 0.126389
-1 0.832031 0.650694 0.028125 0.145833
-1 0.970703 0.456250 0.032031 0.059722
-1 0.940625 0.481944 0.020313 0.063889
-1 0.469922 0.161806 0.039844 0.090278
-1 0.376953 0.238889 0.021094 0.075000
-1 0.378906 0.414583 0.026562 0.109722