-1 0.203906 0.995833 0.045312 0.158333
-1 0.069922 0.977778 0.041406 0.136111
-1 0.620313 0.940278 0.043750 0.191667
-1 0.564453 0.904861 0.038281 0.187500
-1 0.226953 0.612500 0.050781 0.169444
-1 0.351953 0.484722 0.064844 0.147222
-1 0.084375 0.468750 0.034375 0.120833
-1 0.706641 0.996528 0.024219 0.159722
-1 0.675000 0.615972 0.028125 0.162500
-1 0.617188 0.692361 0.043750 0.165278
-1 0.715234 0.566667 0.047656 0.219444
-1 0.824219 0.784028 0.040625 0.140278
-1 0.862891 0.569444 0.032031 0.125000
-1 0.753906 0.573611 0.034375 0.108333
-1 0.807422 0.225694 0.036719 0.151389
-1 0.409375 0.322917 0.039062 0.154167
-1 0.333203 0.338194 0.042969 0.126389
-1 0.816016 0.397222 0.038281 0.222222
-1 0.812500 0.384722 0.029687 0.150000
-1 0.894141 0.452778 0.042969 0.113889
-1 0.700391 0.249306 0.060156 0.193056
-1 0.717578 0.217361 0.036719 0.162500
-1 0.802344 0.977778 0.028125 0.155556
-1 0.825000 0.577778 0.028125 0.125000
-1 0.753906 0.494444 0.032813 0.113889
-1 0.781641 0.581250 0.036719 0.095833
-1 0.911719 0.793056 0.028125 0.100000
-1 0.601172 0.163194 0.035156 0.143056
-1 0.636328 0.243056 0.038281 0.136111
4 0.128516 0.326389 0.203906 0.158333
4 0.235156 0.289583 0.185938 0.195833
4 0.005469 0.409722 0.139063 0.191667
4 0.728516 0.737500 0.144531 0.247222
-1 0.889062 0.706944 0.035937 0.125000