1 0.117188 0.580556 0.107813 0.130556
0 0.083984 0.320139 0.138281 0.084722
0 0.013672 0.796528 0.121094 0.098611
0 0.282422 0.568750 0.072656 0.101389
1 0.467969 0.703472 0.115625 0.151389
1 0.346484 0.720139 0.071094 0.093056
0 0.129297 0.738889 0.082031 0.077778
1 0.375000 0.375000 0.065625 0.077778
0 0.471484 0.550000 0.091406 0.100000
1 0.585547 0.540278 0.075781 0.077778
0 0.564844 0.427083 0.060937 0.056944
0 0.631641 0.375000 0.067969 0.061111
0 0.796094 0.557639 0.078125 0.090278
1 0.621094 0.265972 0.064062 0.059722
0 0.774609 0.764583 0.150781 0.181944
1 0.451953 0.962500 0.091406 0.130556
1 0.623437 0.723611 0.112500 0.088889
1 0.230859 0.486806 0.067969 0.056944
4 0.850781 0.377778 0.029687 0.036111
1 0.446094 0.393750 0.060937 0.076389
-1 0.451562 0.386111 0.046875 0.058333
1 0.677344 0.552778 0.079687 0.130556