0 0.105859 0.813194 0.074219 0.068056
1 0.133984 0.754167 0.069531 0.069444
0 0.403125 0.615278 0.075000 0.061111
0 0.530078 0.561111 0.057031 0.050000
1 0.548047 0.759722 0.058594 0.050000
0 0.505469 0.901389 0.070312 0.072222
4 0.501563 0.850000 0.032813 0.025000
4 0.375781 0.809722 0.018750 0.044444
4 0.460156 0.665278 0.021875 0.033333
0 0.465234 0.796528 0.089844 0.084722
1 0.614453 0.797917 0.071094 0.084722
0 0.617578 0.943056 0.086719 0.086111
0 0.767969 0.788194 0.056250 0.062500
0 0.744922 0.741667 0.050781 0.061111
5 0.270703 0.702083 0.064844 0.073611
0 0.707422 0.904861 0.049219 0.062500
0 0.921094 0.948611 0.093750 0.102778