0 0.189062 0.985417 0.090625 0.154167
0 0.067969 0.909028 0.115625 0.226389
0 0.491406 0.670139 0.095312 0.115278
1 0.295703 0.684722 0.089844 0.138889
-1 0.295312 0.663194 0.040625 0.079167
0 0.180469 0.663194 0.076563 0.123611
0 0.226172 0.448611 0.072656 0.080556
0 0.391016 0.222222 0.057031 0.080556
0 0.405469 0.154861 0.064062 0.056944
0 0.423828 0.432639 0.071094 0.123611
1 0.605078 0.959722 0.096094 0.213889
3 0.146484 0.787500 0.186719 0.086111
3 0.316016 0.225000 0.047656 0.155556
0 0.432031 0.628472 0.068750 0.095833
0 0.323828 0.344444 0.042969 0.080556
0 0.735938 0.993056 0.073438 0.116667
5 0.763281 0.721528 0.126562 0.179167
0 0.624219 0.234722 0.050000 0.077778
1 0.667188 0.257639 0.065625 0.095833
1 0.510938 0.232639 0.053125 0.081944
1 0.507812 0.430556 0.053125 0.130556
0 0.863281 0.458333 0.065625 0.147222
4 0.719922 0.444444 0.021094 0.036111
4 0.570312 0.723611 0.023438 0.055556
4 0.626172 0.777778 0.030469 0.036111
4 0.491406 0.906250 0.021875 0.056944
3 0.300781 0.959028 0.106250 0.159722
1 0.368359 0.768056 0.113281 0.138889
-1 0.328125 0.761806 0.048438 0.095833
2 0.680078 0.573611 0.077344 0.133333