-1 0.731250 0.514583 0.040625 0.143056
-1 0.660937 0.546528 0.031250 0.101389
-1 0.737500 0.811111 0.021875 0.080556
-1 0.732031 0.876389 0.023438 0.105556
-1 0.326562 0.863194 0.021875 0.079167
-1 0.844531 0.716667 0.031250 0.144444
-1 0.902734 0.934722 0.024219 0.127778
-1 0.922266 0.945833 0.017969 0.091667
-1 0.800000 0.878472 0.026562 0.120833
-1 0.781641 0.836806 0.024219 0.145833
-1 0.908203 0.389583 0.025781 0.112500
-1 0.873047 0.379861 0.024219 0.120833
-1 0.939844 0.554167 0.023438 0.094444
-1 0.952344 0.688889 0.031250 0.113889
-1 0.892188 0.829861 0.032813 0.062500
-1 0.843750 0.868750 0.026562 0.106944
-1 0.541406 0.300694 0.032813 0.109722
-1 0.477734 0.425000 0.036719 0.116667
-1 0.485938 0.489583 0.032813 0.140278
-1 0.875391 0.704167 0.028906 0.152778
-1 0.567969 0.188889 0.043750 0.100000
-1 0.455469 0.256250 0.023438 0.081944
-1 0.426563 0.439583 0.028125 0.115278