1 0.015234 0.612500 0.063281 0.097222
1 -0.012109 0.488194 0.100781 0.095833
1 0.167187 0.641667 0.084375 0.097222
-1 0.154688 0.636111 0.059375 0.061111
-1 0.094141 0.654861 0.032031 0.090278
2 0.144922 0.763889 0.085156 0.111111
0 0.228906 0.834028 0.087500 0.148611
1 0.268359 0.329861 0.055469 0.081944
0 0.155469 0.320833 0.084375 0.063889
0 0.360156 0.614583 0.125000 0.112500
0 0.420703 0.827083 0.141406 0.120833
1 0.639062 0.756944 0.096875 0.138889
-1 0.642578 0.759028 0.072656 0.104167
0 0.549219 0.716667 0.101562 0.113889
1 0.664844 0.409028 0.073438 0.079167
0 0.321875 0.207639 0.062500 0.070833
0 0.528125 0.204861 0.103125 0.062500
0 0.665625 0.554861 0.104688 0.084722
5 0.532813 0.379861 0.056250 0.093056
0 0.772656 0.380556 0.051562 0.072222
0 0.935547 0.652778 0.066406 0.116667