1 0.150000 0.531944 0.093750 0.136111
-1 0.150781 0.563194 0.060937 0.093056
-1 0.213672 0.290972 0.092969 0.118056
1 0.073047 0.397917 0.069531 0.073611
1 0.364063 0.436111 0.073438 0.086111
1 0.136719 0.653472 0.107813 0.134722
2 0.221094 0.652083 0.070312 0.109722
2 0.503125 0.516667 0.051562 0.083333
2 0.593750 0.831944 0.076563 0.144444
0 0.582812 0.559028 0.137500 0.143056
0 0.675391 0.427083 0.077344 0.095833
2 0.760938 0.498611 0.070312 0.088889
0 0.641016 0.732639 0.102344 0.123611
4 0.732422 0.586806 0.028906 0.054167
4 0.426563 0.679861 0.040625 0.051389