4 0.810937 0.794444 0.145313 0.366667
4 0.650781 0.838194 0.106250 0.248611
4 0.942187 0.843056 0.114062 0.236111
-1 0.721484 0.011806 0.035156 0.165278
-1 0.692578 0.039583 0.033594 0.137500
-1 0.473047 0.229861 0.033594 0.154167
-1 0.754297 0.426389 0.049219 0.152778
-1 0.937891 0.411806 0.047656 0.104167
-1 0.521875 0.392361 0.029687 0.159722
-1 0.879687 0.375000 0.039062 0.127778
-1 0.685547 0.393056 0.042969 0.150000
-1 0.635547 0.387500 0.036719 0.152778
-1 0.755469 0.263194 0.039062 0.106944
-1 0.534375 0.219444 0.054688 0.094444
-1 0.841406 0.356944 0.039062 0.122222
-1 0.938281 0.659722 0.035937 0.111111
4 0.911328 0.539583 0.283594 0.187500
-1 0.301172 0.208333 0.036719 0.094444
-1 0.326953 0.269444 0.038281 0.097222
-1 0.416016 0.235417 0.049219 0.109722
-1 0.616016 0.356944 0.027344 0.147222
-1 0.208984 0.700694 0.041406 0.176389
-1 0.732031 0.740278 0.031250 0.141667
-1 0.696484 0.693750 0.042969 0.170833
-1 0.580469 0.271528 0.035937 0.131944
-1 0.594141 0.412500 0.036719 0.144444
-1 0.432812 0.141667 0.031250 0.119444
-1 0.551562 0.409028 0.025000 0.151389
-1 0.082031 0.229861 0.026562 0.101389
-1 0.800000 0.343750 0.028125 0.134722
-1 0.957422 0.325694 0.030469 0.104167
-1 0.126953 0.288889 0.035156 0.102778