0 0.005078 0.403472 0.074219 0.070833
5 0.044531 0.533333 0.121875 0.155556
0 0.189844 0.450000 0.100000 0.141667
0 0.175391 0.321528 0.049219 0.070833
4 0.273828 0.534722 0.032031 0.052778
4 0.286328 0.697222 0.030469 0.050000
4 0.262891 0.643056 0.030469 0.055556
1 0.385156 0.447222 0.057813 0.083333
4 0.185156 0.734722 0.035937 0.052778
4 0.343359 0.970833 0.039844 0.055556
2 0.530469 0.621528 0.070312 0.062500
0 0.686328 0.643750 0.089844 0.120833
1 0.522656 0.382639 0.062500 0.079167
-1 0.510547 0.380556 0.024219 0.050000
0 0.439453 0.493056 0.067969 0.122222
4 0.623437 0.713889 0.018750 0.047222
4 0.608594 0.670833 0.020313 0.041667
4 0.565625 0.748611 0.023438 0.030556
4 0.537109 0.796528 0.030469 0.031944
4 0.386719 0.709028 0.017188 0.048611
0 0.333984 0.701389 0.072656 0.113889
4 0.123047 0.655556 0.013281 0.050000
0 0.778906 0.538194 0.060937 0.073611
0 0.720313 0.747917 0.076563 0.118056
0 0.823047 0.752083 0.072656 0.118056
0 0.512109 0.479167 0.050781 0.108333
0 0.567578 0.504861 0.060156 0.087500