1 0.039453 0.385417 0.078906 0.101389
-1 0.048828 0.347222 0.039844 0.075000
0 0.057813 0.241667 0.062500 0.152778
0 0.101953 0.546528 0.114844 0.109722
0 0.001563 0.652778 0.120313 0.150000
5 0.267578 0.563194 0.116406 0.148611
5 0.280078 0.674306 0.064844 0.129167
0 0.321484 0.395833 0.121094 0.172222
0 0.199219 0.258333 0.065625 0.094444
4 0.398047 0.448611 0.028906 0.047222
4 0.580469 0.556250 0.028125 0.045833
4 0.535547 0.527778 0.025781 0.047222
0 0.148047 0.132639 0.066406 0.090278
1 0.506250 0.243750 0.070312 0.101389
4 0.523438 0.673611 0.034375 0.050000
4 0.760938 0.724306 0.032813 0.045833
2 0.701953 0.313889 0.069531 0.105556
0 0.804297 0.227083 0.077344 0.104167
4 0.810937 0.817361 0.031250 0.043056
1 0.569531 0.075000 0.059375 0.075000
-1 0.569141 0.080556 0.025781 0.052778