1 0.009375 0.635417 0.101562 0.101389
0 0.024219 0.233333 0.142187 0.125000
0 0.055469 0.900694 0.204687 0.190278
1 0.348828 0.531944 0.142969 0.250000
-1 0.330078 0.473611 0.082031 0.155556
1 0.629687 0.378472 0.081250 0.118056
-1 0.643750 0.404861 0.050000 0.076389
-1 0.589844 0.164583 0.084375 0.106944
1 0.509766 0.261111 0.060156 0.063889
1 0.512500 0.402778 0.062500 0.091667
-1 0.514453 0.406250 0.038281 0.062500
0 0.347656 0.261111 0.050000 0.094444
1 0.790234 0.297917 0.060156 0.070833
1 0.669141 0.476389 0.092969 0.116667
1 0.251953 0.452083 0.063281 0.081944
-1 0.265625 0.454861 0.037500 0.056944