1 0.210938 0.948611 0.123438 0.177778
-1 0.214844 0.937500 0.084375 0.119444
0 0.098047 0.904167 0.124219 0.138889
1 0.347656 0.497917 0.081250 0.087500
0 0.220703 0.254861 0.138281 0.084722
0 0.304297 0.686111 0.133594 0.108333
5 0.180469 0.473611 0.068750 0.113889
0 0.491406 0.465278 0.059375 0.083333
0 0.636328 0.802778 0.080469 0.141667
1 0.674219 0.554167 0.095312 0.125000
1 0.587891 0.581944 0.067969 0.088889
0 0.039844 0.483333 0.079687 0.086111
1 0.514453 0.852778 0.082031 0.113889
0 0.423047 0.616667 0.082031 0.077778
1 0.505859 0.290972 0.057031 0.068056
0 0.631250 0.436111 0.075000 0.083333