-1 0.396484 0.887500 0.042969 0.150000
-1 0.277734 0.901389 0.046094 0.150000
-1 0.750000 0.784028 0.039062 0.173611
-1 0.696484 0.778472 0.038281 0.187500
-1 0.673047 0.986806 0.044531 0.179167
-1 0.680859 1.000000 0.039844 0.144444
-1 0.313281 0.547917 0.042188 0.140278
-1 0.079687 0.693056 0.054688 0.172222
-1 0.056641 0.782639 0.041406 0.179167
-1 0.398828 0.400000 0.058594 0.133333
-1 0.172656 0.435417 0.031250 0.109722
-1 0.033594 0.674306 0.039062 0.162500
-1 0.842969 0.841667 0.029687 0.194444
-1 0.673047 1.000000 0.028906 0.144444
-1 0.981250 0.395833 0.034375 0.158333
-1 0.710547 0.470833 0.025781 0.147222
-1 0.703125 0.582639 0.043750 0.165278
-1 0.713281 0.413889 0.039062 0.180556
-1 0.878125 0.606944 0.039062 0.133333
-1 0.874609 0.404167 0.030469 0.119444
-1 0.780469 0.438889 0.029687 0.094444
-1 0.842187 1.017361 0.021875 0.112500
-1 0.811719 1.006944 0.018750 0.122222
-1 0.825781 0.940278 0.028125 0.091667
-1 0.857031 1.015972 0.037500 0.087500
-1 0.747266 0.101389 0.030469 0.125000
-1 0.419531 0.242361 0.035937 0.140278
-1 0.357812 0.264583 0.039062 0.115278
-1 0.787891 0.227778 0.027344 0.158333
-1 0.804297 0.251389 0.025781 0.130556
-1 0.868359 0.296528 0.036719 0.098611
-1 1.017187 0.213889 0.035937 0.116667
-1 0.653516 0.146528 0.044531 0.143056
-1 0.667578 0.109722 0.027344 0.122222
-1 0.914062 0.799306 0.032813 0.179167
-1 0.896484 0.786111 0.030469 0.172222
-1 0.842969 0.419444 0.029687 0.130556
-1 0.766406 0.351389 0.029687 0.102778
-1 0.811328 0.422917 0.033594 0.087500