1 0.198437 0.519444 0.107813 0.130556
0 0.135937 0.263889 0.145313 0.088889
0 0.110156 0.730556 0.140625 0.113889
0 0.359375 0.504167 0.065625 0.091667
0 0.439844 0.902083 0.084375 0.148611
1 0.544531 0.625694 0.104688 0.137500
1 0.437891 0.645139 0.071094 0.093056
1 0.290234 0.931944 0.094531 0.130556
0 0.237109 0.669444 0.089844 0.086111
1 0.428125 0.317361 0.062500 0.073611
0 0.534766 0.482639 0.086719 0.095833
1 0.646484 0.471528 0.072656 0.073611
0 0.615625 0.364583 0.060937 0.056944
0 0.673828 0.312500 0.064844 0.058333
0 0.844531 0.485417 0.078125 0.090278
1 0.650781 0.206250 0.057813 0.054167
0 0.853516 0.713194 0.136719 0.165278
1 0.561719 0.868750 0.082812 0.118056
1 0.701172 0.642361 0.107031 0.084722
1 0.301172 0.425694 0.067969 0.056944
4 0.876563 0.313889 0.029687 0.036111
1 0.499609 0.327778 0.055469 0.069444
-1 0.500391 0.315278 0.042969 0.052778