4 0.846875 0.738194 0.103125 0.259722
4 0.727344 0.772917 0.087500 0.204167
4 0.954297 0.760417 0.085156 0.176389
-1 0.708594 0.123611 0.025000 0.116667
-1 0.687109 0.144444 0.027344 0.113889
-1 0.528516 0.302083 0.024219 0.109722
-1 0.768359 0.448611 0.036719 0.113889
-1 0.916797 0.395139 0.028906 0.090278
-1 0.320312 0.230556 0.028125 0.091667
-1 0.296875 0.189583 0.034375 0.120833
-1 0.232813 0.177083 0.028125 0.084722
-1 0.583984 0.422222 0.022656 0.125000
-1 0.861719 0.398611 0.029687 0.094444
-1 0.709766 0.422222 0.033594 0.116667
-1 0.673828 0.426389 0.027344 0.113889
-1 0.770312 0.304861 0.032813 0.087500
-1 0.578516 0.297222 0.036719 0.063889
-1 0.829688 0.379861 0.031250 0.095833
-1 0.934375 0.614583 0.028125 0.087500
4 0.903125 0.520833 0.221875 0.147222
-1 0.396484 0.295833 0.032031 0.080556
-1 0.418359 0.340972 0.030469 0.076389
-1 0.485156 0.312500 0.039062 0.086111
-1 0.654687 0.395139 0.020313 0.109722
-1 0.367969 0.690278 0.029687 0.125000
-1 0.778516 0.691667 0.025781 0.116667