1 0.094922 0.659722 0.063281 0.097222
1 0.064453 0.540278 0.096094 0.091667
1 0.241797 0.682639 0.080469 0.093056
-1 0.232031 0.677778 0.059375 0.061111
-1 0.175391 0.697222 0.033594 0.094444
2 0.222266 0.797222 0.085156 0.111111
0 0.306250 0.872917 0.087500 0.148611
1 0.327344 0.383333 0.053125 0.077778
0 0.219922 0.373611 0.080469 0.061111
0 0.424219 0.659028 0.125000 0.112500
0 0.491016 0.865972 0.141406 0.120833
1 0.697656 0.804861 0.092188 0.131944
-1 0.701953 0.802083 0.069531 0.098611
0 0.607031 0.759722 0.096875 0.108333
1 0.708594 0.465972 0.073438 0.079167
0 0.377344 0.267361 0.059375 0.068056
0 0.572656 0.267361 0.098437 0.059722
0 0.716406 0.607639 0.104688 0.084722
5 0.581641 0.436111 0.053906 0.088889