1 0.037500 0.368750 0.075000 0.095833
-1 0.040234 0.333333 0.039844 0.075000
0 0.050781 0.229167 0.062500 0.152778
0 0.084766 0.532639 0.114844 0.109722
0 -0.015625 0.638194 0.126562 0.156944
5 0.248047 0.551389 0.122656 0.155556
5 0.261328 0.664583 0.064844 0.129167
0 0.310547 0.390278 0.127344 0.180556
0 0.191406 0.250000 0.065625 0.094444
4 0.385547 0.443056 0.028906 0.047222
4 0.565625 0.557639 0.028125 0.045833
4 0.520703 0.527778 0.027344 0.050000
0 0.144922 0.131944 0.063281 0.086111
1 0.498437 0.243750 0.070312 0.101389
4 0.507031 0.672222 0.034375 0.050000
4 0.745313 0.734028 0.034375 0.048611
2 0.694141 0.320833 0.069531 0.105556
0 0.799609 0.235417 0.077344 0.104167
4 0.795312 0.829167 0.029687 0.041667
1 0.561719 0.079167 0.059375 0.075000
-1 0.564453 0.086111 0.025781 0.052778