1 0.697656 0.284722 0.125000 0.147222
1 0.805078 0.756250 0.127344 0.198611
-1 0.806641 0.728472 0.091406 0.090278
0 0.395703 0.718750 0.142969 0.109722
1 0.309766 0.420139 0.132031 0.168056
0 0.376563 0.211111 0.137500 0.133333
0 0.566406 0.242361 0.092188 0.106944
4 0.893359 0.449306 0.036719 0.068056
4 0.475391 0.371528 0.044531 0.043056
4 0.681641 0.418056 0.053906 0.041667
0 0.477344 0.479861 0.084375 0.126389
0 0.532813 0.518056 0.092188 0.113889
4 0.556250 0.877778 0.028125 0.094444
0 0.917578 0.632639 0.077344 0.095833
4 0.193359 0.284722 0.047656 0.052778