4 0.599219 0.593056 0.145313 0.366667
4 0.422656 0.631250 0.117188 0.273611
4 0.719922 0.654861 0.125781 0.259722
-1 0.718359 0.061806 0.030469 0.123611
-1 0.650000 0.227083 0.051562 0.159722
-1 0.801172 0.220139 0.047656 0.104167
-1 0.421875 0.171528 0.029687 0.159722
-1 0.781250 0.205556 0.037500 0.122222
-1 0.582422 0.194444 0.042969 0.150000
-1 0.535547 0.192361 0.038281 0.159722
-1 0.672266 0.096528 0.033594 0.093056
-1 0.742188 0.179167 0.037500 0.116667
-1 0.755859 0.506250 0.041406 0.129167
4 0.748437 0.399306 0.245312 0.162500
-1 0.527734 0.148611 0.027344 0.147222
-1 0.039062 0.420833 0.045312 0.194444
-1 0.534375 0.520139 0.029687 0.134722
-1 0.526172 0.465278 0.025781 0.180556
-1 0.522656 0.102083 0.035937 0.131944
-1 0.483984 0.225000 0.036719 0.144444
-1 0.424219 0.138889 0.032813 0.125000
-1 0.446875 0.195833 0.026562 0.158333
-1 0.716406 0.172917 0.031250 0.148611
-1 0.865234 0.205556 0.027344 0.136111