0 0.061719 0.236111 0.279687 0.227778
4 0.693750 0.810417 0.076563 0.104167
4 0.470703 0.190278 0.064844 0.075000
4 0.627344 0.306250 0.039062 0.065278
4 0.217578 0.554167 0.066406 0.094444
4 0.478516 0.255556 0.030469 0.063889
4 0.386719 0.121528 0.051562 0.051389
4 0.655078 0.568750 0.075781 0.104167
4 0.592969 0.089583 0.032813 0.062500
4 0.702344 0.279861 0.053125 0.079167
4 0.823047 0.263194 0.044531 0.070833
4 0.718359 0.522222 0.041406 0.080556
4 0.769141 0.261111 0.038281 0.069444
4 0.453906 0.546528 0.085938 0.068056
4 0.807031 0.578472 0.064062 0.068056
4 0.296875 0.155556 0.064062 0.055556
4 0.539062 0.179167 0.042188 0.058333