1 0.021875 0.365972 0.075000 0.095833
-1 0.037109 0.327778 0.039844 0.075000
0 0.049219 0.226389 0.062500 0.152778
0 0.081641 0.528472 0.114844 0.109722
0 -0.017188 0.631944 0.120313 0.150000
5 0.235156 0.548611 0.128125 0.163889
5 0.257422 0.660417 0.064844 0.129167
0 0.306641 0.388889 0.127344 0.180556
0 0.189062 0.247222 0.065625 0.094444
4 0.383203 0.441667 0.028906 0.047222
4 0.562500 0.556250 0.028125 0.045833
4 0.517578 0.527778 0.027344 0.050000
0 0.157422 0.141667 0.063281 0.086111
1 0.495312 0.243750 0.070312 0.101389
4 0.502344 0.670833 0.034375 0.050000
4 0.741406 0.736806 0.034375 0.048611
2 0.692578 0.322222 0.069531 0.105556
0 0.798047 0.239583 0.077344 0.104167
4 0.790625 0.831944 0.029687 0.041667
1 0.560937 0.079167 0.059375 0.075000
-1 0.564453 0.084722 0.025781 0.052778