-1 0.646875 0.675694 0.032813 0.118056
-1 0.594531 0.741667 0.028125 0.161111
-1 0.624609 0.759722 0.038281 0.169444
-1 0.508984 0.672222 0.047656 0.188889
-1 0.427344 0.718750 0.045312 0.179167
-1 0.383594 0.697222 0.042188 0.175000
-1 0.798828 0.524306 0.041406 0.184722
-1 0.858203 0.497917 0.041406 0.101389
-1 0.907031 0.457639 0.028125 0.106944
-1 0.902344 0.209722 0.040625 0.158333
-1 0.876953 0.286111 0.060156 0.075000
-1 0.832812 0.256250 0.025000 0.115278
-1 0.788281 0.248611 0.034375 0.119444
-1 0.657422 0.411111 0.050781 0.163889
-1 0.731641 0.368750 0.036719 0.093056
-1 0.712891 0.483333 0.041406 0.169444
-1 0.030078 0.648611 0.044531 0.180556
-1 0.593750 0.215972 0.028125 0.193056
-1 0.629297 0.223611 0.039844 0.158333
-1 0.451562 0.247222 0.040625 0.111111
4 0.694531 0.954167 0.345313 0.225000
4 0.277344 0.420139 0.259375 0.218056
-1 0.387891 0.496528 0.044531 0.148611
-1 0.496484 0.522222 0.049219 0.125000
-1 0.539844 0.536111 0.031250 0.130556
-1 0.605078 0.381944 0.044531 0.169444
-1 0.554688 0.377778 0.051562 0.136111
-1 0.522656 0.326389 0.045312 0.155556
-1 0.556250 0.218750 0.043750 0.162500