1 0.077734 0.761806 0.202344 0.279167
0 0.140234 0.304167 0.238281 0.230556
0 0.398047 0.455556 0.272656 0.225000
4 0.864062 0.727083 0.065625 0.090278
4 0.649219 0.373611 0.056250 0.063889
4 0.797656 0.460417 0.037500 0.062500
1 0.496484 0.216667 0.202344 0.105556
4 0.617188 0.733333 0.051562 0.075000
4 0.660156 0.431250 0.026562 0.054167
4 0.534766 0.322222 0.042969 0.041667
-1 0.060547 0.752778 0.164844 0.125000
0 0.911719 0.184028 0.098437 0.137500
4 0.918359 0.677083 0.053906 0.073611
4 0.676562 0.277083 0.028125 0.054167
4 0.815234 0.184722 0.024219 0.050000
4 0.826172 0.420139 0.046094 0.068056