0 0.094922 0.498611 0.069531 0.097222
0 0.150781 0.415972 0.070312 0.062500
0 0.012891 0.780556 0.078906 0.136111
3 0.041406 0.477778 0.054688 0.180556
0 -0.006641 0.611806 0.033594 0.062500
0 0.342969 0.574306 0.067187 0.104167
1 0.379688 0.627778 0.079687 0.116667
1 0.206641 0.536111 0.061719 0.094444
1 0.112109 0.806250 0.061719 0.151389
0 0.534375 0.967361 0.079687 0.179167
4 0.364453 0.893056 0.025781 0.044444
1 0.436719 0.300694 0.070312 0.079167
3 0.433594 0.470833 0.076563 0.152778
1 0.578516 0.324306 0.055469 0.095833
0 0.750000 0.440278 0.093750 0.102778
0 0.208203 0.777778 0.086719 0.136111
0 0.500000 0.695833 0.070312 0.130556
0 0.783984 0.296528 0.060156 0.101389
0 0.340234 0.268750 0.057031 0.095833
0 0.705469 0.866667 0.092188 0.183333
0 0.630469 0.748611 0.067187 0.113889
3 0.857422 0.404861 0.072656 0.137500