4 0.877734 0.849306 0.119531 0.301389
4 0.733984 0.884722 0.096094 0.225000
4 0.992969 0.890278 0.089063 0.186111
-1 0.751953 0.145139 0.030469 0.143056
-1 0.728516 0.168056 0.032031 0.130556
-1 0.533203 0.351389 0.028906 0.133333
-1 0.803125 0.528472 0.042188 0.131944
-1 0.978125 0.470139 0.039062 0.120833
-1 0.298828 0.256250 0.032031 0.106944
-1 0.267578 0.214583 0.039844 0.140278
-1 0.195703 0.195833 0.033594 0.102778
-1 0.589844 0.497222 0.026562 0.144444
-1 0.919141 0.471528 0.033594 0.109722
-1 0.738281 0.497222 0.039062 0.136111
-1 0.696094 0.493750 0.032813 0.137500
-1 0.807813 0.364583 0.037500 0.101389
-1 0.592578 0.346528 0.042969 0.073611
-1 0.879687 0.455556 0.035937 0.111111
-1 0.982812 0.728472 0.032813 0.101389
4 0.955078 0.607639 0.233594 0.154167
-1 0.380469 0.339583 0.039062 0.098611
-1 0.402734 0.393750 0.033594 0.084722
-1 0.483203 0.364583 0.044531 0.098611
-1 0.675000 0.462500 0.025000 0.133333
-1 0.321875 0.797222 0.035937 0.152778
-1 0.801562 0.814583 0.029687 0.134722
-1 0.768359 0.763889 0.036719 0.147222
-1 0.642188 0.386111 0.034375 0.125000
-1 0.649609 0.511111 0.033594 0.130556
-1 0.498047 0.259028 0.025781 0.098611
-1 0.619922 0.514583 0.022656 0.137500
-1 0.058984 0.399306 0.028906 0.073611
-1 0.095312 0.363889 0.028125 0.144444
-1 0.187109 0.370833 0.024219 0.091667
-1 0.176563 0.397917 0.025000 0.076389