1 0.106641 0.530556 0.096094 0.086111
0 0.220312 0.508333 0.095312 0.086111
1 0.204687 0.432639 0.073438 0.073611
3 0.092969 0.670139 0.082812 0.115278
3 0.018359 0.556250 0.080469 0.240278
1 0.084766 0.247222 0.066406 0.061111
1 0.077734 0.361111 0.094531 0.083333
1 0.080469 0.145139 0.090625 0.084722
0 0.412891 0.236111 0.071094 0.058333
0 0.514453 0.158333 0.060156 0.052778
1 0.641797 0.366667 0.067969 0.058333
0 0.689063 0.509722 0.070312 0.072222
4 0.618750 0.461806 0.034375 0.026389
4 0.476562 0.450000 0.018750 0.044444
4 0.482812 0.277083 0.020313 0.031944
0 0.562109 0.410417 0.082031 0.076389
1 0.707422 0.390278 0.067969 0.080556
0 0.781641 0.530556 0.086719 0.086111
0 0.851562 0.353472 0.056250 0.062500
0 0.804297 0.302778 0.046094 0.055556