0 0.371094 0.883333 0.085938 0.147222
0 0.242188 0.863889 0.104688 0.205556
0 0.051953 0.785417 0.091406 0.176389
0 0.568359 0.505556 0.078906 0.094444
1 0.401172 0.579167 0.089844 0.138889
-1 0.393359 0.565972 0.038281 0.076389
0 0.285938 0.610417 0.073438 0.118056
0 0.571875 0.961111 0.078125 0.138889
0 0.275391 0.402778 0.072656 0.080556
0 0.371094 0.163889 0.051562 0.072222
0 0.367578 0.118750 0.055469 0.048611
0 0.454297 0.332639 0.071094 0.123611
1 0.704297 0.695833 0.078906 0.175000
3 0.676172 0.894444 0.038281 0.202778
3 0.290234 0.718750 0.146094 0.068056
3 0.295703 0.206944 0.036719 0.122222
0 0.507031 0.495139 0.062500 0.087500
0 0.342969 0.285417 0.040625 0.076389
0 0.807031 0.666667 0.057813 0.091667
5 0.777734 0.474306 0.094531 0.134722
0 0.576172 0.125694 0.047656 0.073611
1 0.619141 0.139583 0.053906 0.079167