0 0.275000 0.917361 0.090625 0.154167
0 0.149609 0.866667 0.110156 0.216667
0 0.533203 0.557639 0.091406 0.109722
1 0.349609 0.601389 0.089844 0.138889
-1 0.344531 0.589583 0.040625 0.079167
0 0.229687 0.611806 0.073438 0.118056
0 0.246484 0.395833 0.072656 0.080556
0 0.378906 0.155556 0.051562 0.072222
0 0.382031 0.124306 0.064062 0.056944
0 0.439453 0.352083 0.071094 0.123611
1 0.666797 0.795833 0.091406 0.202778
3 0.592578 0.991667 0.077344 0.202778
3 0.212891 0.733333 0.205469 0.094444
3 0.300781 0.187500 0.039062 0.127778
0 0.471875 0.531944 0.065625 0.091667
0 0.331641 0.284722 0.042969 0.080556
0 0.779687 0.790972 0.060937 0.095833
5 0.777344 0.558333 0.109375 0.155556
0 0.603906 0.144444 0.050000 0.077778
1 0.647656 0.160417 0.059375 0.087500