4 0.624219 0.902083 0.076563 0.104167
4 0.441016 0.201389 0.064844 0.075000
4 0.596094 0.328472 0.039062 0.065278
4 0.117578 0.564583 0.072656 0.104167
4 0.441797 0.268056 0.030469 0.063889
4 0.358594 0.124306 0.054688 0.054167
4 0.590625 0.602778 0.079687 0.108333
4 0.584375 0.104861 0.032813 0.062500
4 0.678906 0.304861 0.053125 0.079167
4 0.811328 0.290972 0.044531 0.070833
4 0.665234 0.561806 0.038281 0.073611
4 0.750781 0.292361 0.040625 0.073611
4 0.402344 0.592361 0.085938 0.068056
4 0.753906 0.620139 0.064062 0.068056
4 0.260156 0.161111 0.070312 0.061111
4 0.516016 0.195833 0.044531 0.061111
4 0.686328 0.082639 0.036719 0.054167