0 0.364453 0.865972 0.100781 0.120833
1 0.174219 0.837500 0.098437 0.152778
-1 0.200000 0.810417 0.040625 0.079167
0 0.068750 0.790972 0.076563 0.123611
0 0.146484 0.576389 0.072656 0.080556
0 0.341016 0.352083 0.060156 0.084722
0 0.367969 0.281250 0.067187 0.059722
0 0.337891 0.593750 0.071094 0.123611
3 0.266797 0.359722 0.047656 0.155556
0 0.321484 0.796528 0.075781 0.106944
0 0.255859 0.475000 0.036719 0.069444
5 0.675391 0.941667 0.146094 0.208333
0 0.580859 0.386111 0.052344 0.080556
1 0.628125 0.420139 0.068750 0.101389
1 0.459375 0.363889 0.056250 0.086111
1 0.433203 0.584722 0.058594 0.144444
0 0.820312 0.654861 0.068750 0.154167
4 0.663281 0.622917 0.023438 0.040278
4 0.459766 0.915278 0.027344 0.063889
4 0.509766 0.976389 0.035156 0.041667
1 0.239844 0.922222 0.125000 0.152778
-1 0.192969 0.921528 0.048438 0.095833
2 0.601562 0.770139 0.081250 0.140278
1 0.601562 0.155556 0.064062 0.072222
3 0.623437 0.256250 0.051562 0.104167
1 0.122656 0.446528 0.068750 0.068056
1 0.737500 0.165972 0.050000 0.087500
0 0.900391 0.235417 0.077344 0.084722
0 0.508984 0.556250 0.071094 0.112500