0 0.446875 0.843056 0.085938 0.147222
0 0.322656 0.843056 0.095312 0.186111
0 0.125781 0.800694 0.082812 0.159722
0 0.042969 0.500000 0.079687 0.113889
0 0.596875 0.459028 0.075000 0.090278
1 0.446875 0.554167 0.081250 0.125000
-1 0.437109 0.538194 0.038281 0.076389
0 0.337500 0.599306 0.073438 0.118056
0 0.635156 0.887500 0.070312 0.125000
0 0.308203 0.400000 0.072656 0.080556
0 0.376563 0.162500 0.051562 0.072222
0 0.366016 0.118056 0.052344 0.047222
0 0.473828 0.309028 0.067969 0.118056
1 0.736328 0.621528 0.067969 0.151389
3 0.710547 0.888194 0.057031 0.298611
3 0.349219 0.701389 0.126562 0.058333
3 0.122266 0.944444 0.103906 0.105556
3 0.307422 0.222222 0.032031 0.105556
3 0.055078 0.749306 0.091406 0.173611
0 0.538281 0.454167 0.059375 0.083333
0 0.357031 0.282639 0.040625 0.076389