1 0.150781 0.554167 0.107813 0.130556
0 0.108203 0.293750 0.138281 0.084722
0 0.050000 0.770833 0.140625 0.113889
0 0.316016 0.542361 0.072656 0.101389
0 0.367969 0.952083 0.089063 0.156944
1 0.502344 0.674306 0.115625 0.151389
1 0.383984 0.689583 0.071094 0.093056
1 0.219922 0.997917 0.099219 0.137500
0 0.173437 0.707639 0.085938 0.081944
1 0.398438 0.351389 0.065625 0.077778
0 0.499609 0.525000 0.091406 0.100000
1 0.612109 0.515278 0.075781 0.077778
0 0.588281 0.404861 0.060937 0.056944
0 0.652734 0.351389 0.067969 0.061111
0 0.818750 0.532639 0.078125 0.090278
1 0.638281 0.245139 0.064062 0.059722
0 0.811719 0.772917 0.143750 0.173611
1 0.496484 0.928472 0.086719 0.123611
1 0.657031 0.694444 0.112500 0.088889
1 0.260547 0.460417 0.067969 0.056944
4 0.865625 0.355556 0.029687 0.036111
1 0.471094 0.365972 0.060937 0.076389
-1 0.473047 0.359722 0.044531 0.055556
1 0.702344 0.526389 0.079687 0.130556