-1 0.093750 0.894444 0.045312 0.158333
-1 0.523828 0.863889 0.047656 0.211111
-1 0.471484 0.836806 0.038281 0.187500
-1 0.151172 0.505556 0.050781 0.169444
-1 0.294141 0.382639 0.067969 0.154167
-1 0.017188 0.353472 0.034375 0.120833
-1 0.616016 0.915972 0.024219 0.159722
-1 0.618359 0.520139 0.027344 0.154167
-1 0.546484 0.600694 0.046094 0.173611
-1 0.650781 0.477778 0.057813 0.266667
-1 0.760156 0.710417 0.040625 0.140278
-1 0.816016 0.495833 0.032031 0.125000
-1 0.703516 0.494444 0.036719 0.113889
-1 0.791016 0.142361 0.036719 0.151389
-1 0.367969 0.218750 0.039062 0.154167
-1 0.287891 0.242361 0.042969 0.126389
-1 0.783984 0.320833 0.044531 0.258333
-1 0.781250 0.307639 0.028125 0.143056
-1 0.860547 0.391667 0.047656 0.125000
-1 0.687891 0.163194 0.060156 0.193056
-1 0.704297 0.136806 0.036719 0.162500
-1 0.716016 0.925000 0.027344 0.147222
-1 0.776563 0.498611 0.029687 0.130556
-1 0.706250 0.413889 0.031250 0.108333
-1 0.730859 0.492361 0.033594 0.087500
-1 0.846094 0.725000 0.028125 0.100000
-1 0.580078 0.070139 0.035156 0.143056
-1 0.610547 0.152778 0.038281 0.136111
4 0.072266 0.190278 0.203906 0.158333
4 0.189062 0.186806 0.185938 0.195833
4 0.657422 0.663889 0.144531 0.247222
-1 0.841016 0.662500 0.041406 0.144444
-1 0.948047 0.506944 0.025781 0.177778
-1 0.942578 0.744444 0.035156 0.188889