0 0.438281 0.847222 0.085938 0.147222
0 0.313281 0.845139 0.100000 0.195833
0 0.117188 0.797917 0.082812 0.159722
0 0.039062 0.495833 0.079687 0.113889
0 0.594531 0.461806 0.075000 0.090278
1 0.442188 0.554167 0.081250 0.125000
-1 0.431641 0.542361 0.038281 0.076389
0 0.331250 0.597917 0.073438 0.118056
0 0.628906 0.895833 0.070312 0.125000
0 0.305859 0.398611 0.072656 0.080556
0 0.376563 0.159722 0.051562 0.072222
0 0.366797 0.116667 0.052344 0.047222
0 0.472266 0.309028 0.067969 0.118056
1 0.732422 0.628472 0.067969 0.151389
3 0.705078 0.897917 0.057031 0.298611
3 0.342187 0.701389 0.132812 0.061111
3 0.112891 0.944444 0.103906 0.105556
3 0.306641 0.215278 0.035156 0.116667
3 0.048828 0.745139 0.091406 0.173611
0 0.535156 0.459722 0.059375 0.083333
0 0.359375 0.279861 0.040625 0.076389