0 0.048438 0.584028 0.098437 0.123611
0 0.214453 0.729167 0.103906 0.122222
1 0.094531 0.859722 0.106250 0.169444
-1 0.070703 0.840278 0.047656 0.130556
1 0.311328 0.577778 0.086719 0.111111
-1 0.308203 0.523611 0.039844 0.075000
0 0.260156 0.420139 0.068750 0.168056
0 0.434375 0.713194 0.126562 0.120833
0 0.379688 0.849306 0.126562 0.156944
3 0.055469 0.393750 0.064062 0.287500
3 0.195703 0.325694 0.086719 0.151389
5 0.566016 0.613194 0.105469 0.134722
5 0.666797 0.713194 0.064844 0.129167
0 0.580078 0.426389 0.121094 0.172222
0 0.422266 0.361806 0.072656 0.104167
4 0.663672 0.433333 0.032031 0.052778
4 0.850781 0.435417 0.026562 0.043056
4 0.814453 0.427778 0.027344 0.050000
0 0.289844 0.222222 0.093750 0.127778