0 0.394531 0.599306 0.114062 0.143056
0 0.170703 0.552778 0.103906 0.116667
0 0.150391 0.695833 0.122656 0.133333
0 0.357422 0.724306 0.127344 0.137500
0 0.610547 0.552778 0.103906 0.122222
1 0.576953 0.765278 0.111719 0.177778
-1 0.555078 0.779167 0.047656 0.130556
1 0.618359 0.347222 0.086719 0.111111
-1 0.590625 0.306944 0.029687 0.055556
0 0.494531 0.260417 0.068750 0.168056
0 0.625000 0.062500 0.075000 0.105556
0 0.775781 0.347917 0.120313 0.115278
0 0.780078 0.497917 0.103906 0.129167
0 0.791406 0.642361 0.109375 0.176389
3 0.274219 0.372917 0.073438 0.331944
3 0.392969 0.234722 0.082812 0.183333
3 0.272656 0.655556 0.057813 0.247222
0 0.784766 0.805556 0.094531 0.161111