0 0.099219 0.411111 0.126562 0.086111
0 0.161328 0.206944 0.114844 0.072222
0 0.439453 0.213194 0.107031 0.062500
0 0.244531 0.497917 0.145313 0.115278
5 0.232422 0.304861 0.075781 0.093056
0 0.492188 0.244444 0.135937 0.075000
0 0.587109 0.090278 0.107031 0.063889
0 0.450000 0.342361 0.110937 0.070833
0 0.466406 0.622222 0.179688 0.130556
0 0.620703 0.465278 0.110156 0.075000
0 0.541016 0.411111 0.110156 0.069444
5 0.400000 0.474306 0.151562 0.145833
3 0.114453 0.755556 0.107031 0.125000
3 0.282813 0.821528 0.153125 0.173611
0 0.833594 0.427778 0.126562 0.097222