-1 0.778906 0.523611 0.039062 0.136111
-1 0.707812 0.554861 0.029687 0.095833
-1 0.793750 0.819444 0.018750 0.069444
-1 0.790234 0.885417 0.022656 0.101389
-1 0.387109 0.877778 0.022656 0.083333
-1 0.897656 0.724306 0.032813 0.151389
-1 0.962109 0.944444 0.019531 0.105556
-1 0.982031 0.952083 0.017188 0.087500
-1 0.857031 0.889583 0.026562 0.120833
-1 0.837891 0.845139 0.024219 0.145833
-1 0.987109 0.393056 0.024219 0.113889
-1 0.949219 0.396528 0.026562 0.118056
-1 0.915234 0.387500 0.025781 0.127778
-1 0.987500 0.559722 0.023438 0.094444
-1 1.000781 0.695833 0.031250 0.113889
-1 0.950000 0.839583 0.031250 0.059722
-1 0.901563 0.879861 0.026562 0.106944
-1 0.581250 0.310417 0.031250 0.104167
-1 0.520703 0.440278 0.035156 0.111111
-1 0.533594 0.506944 0.034375 0.147222
-1 0.927734 0.713889 0.028906 0.152778
-1 0.603906 0.197222 0.043750 0.100000
-1 0.494922 0.270833 0.022656 0.077778
-1 0.473047 0.454861 0.028906 0.120833