1 0.773438 0.303472 0.131250 0.154167
1 0.844141 0.808333 0.133594 0.208333
-1 0.846484 0.777778 0.100781 0.100000
0 0.410547 0.754861 0.142969 0.109722
1 0.343359 0.429861 0.132031 0.168056
0 0.430078 0.218750 0.144531 0.140278
0 0.627344 0.249306 0.101562 0.118056
4 0.967969 0.479167 0.040625 0.075000
4 0.528516 0.384028 0.044531 0.043056
4 0.745313 0.441667 0.059375 0.047222
0 0.521094 0.496528 0.084375 0.126389
0 0.568750 0.544444 0.087500 0.108333
4 0.574219 0.927778 0.028125 0.094444
0 0.974609 0.677083 0.077344 0.095833
4 0.239063 0.284722 0.045312 0.050000
5 0.646875 0.661111 0.118750 0.186111
-1 0.312109 0.455556 0.049219 0.097222