1 0.132422 0.747917 0.146094 0.115278
-1 0.101172 0.726389 0.074219 0.069444
1 0.550391 0.576389 0.160156 0.122222
0 0.401953 0.743056 0.139844 0.102778
0 0.354687 0.526389 0.118750 0.105556
4 0.330469 0.338889 0.026562 0.038889
4 0.277734 0.310417 0.038281 0.051389
4 0.508594 0.267361 0.026562 0.045833
4 0.525000 0.290972 0.031250 0.043056
4 0.438672 0.300000 0.025781 0.030556
0 0.623047 0.379167 0.105469 0.077778
5 0.556641 0.459722 0.117969 0.108333
5 0.679297 0.773611 0.107031 0.208333
0 0.740234 0.290972 0.099219 0.068056
0 0.364063 0.184722 0.143750 0.088889
1 0.531250 0.140278 0.079687 0.055556
0 0.220703 0.228472 0.105469 0.065278
4 0.428906 0.380556 0.032813 0.041667