1 0.054688 0.696528 0.192188 0.265278
0 0.092578 0.229861 0.227344 0.220833
0 0.376172 0.386111 0.272656 0.225000
4 0.862109 0.683333 0.069531 0.094444
4 0.641016 0.309028 0.058594 0.068056
4 0.788281 0.396528 0.037500 0.062500
1 0.509375 0.158333 0.234375 0.122222
4 0.591016 0.669444 0.060156 0.086111
4 0.651563 0.367361 0.026562 0.054167
4 0.523828 0.258333 0.044531 0.044444
-1 0.021484 0.688889 0.157031 0.119444
0 0.915625 0.120139 0.098437 0.137500
4 0.903125 0.616667 0.056250 0.077778
4 0.674219 0.213194 0.028125 0.054167
4 0.822266 0.122222 0.025781 0.052778
4 0.819141 0.357639 0.046094 0.068056