0 0.485547 1.056944 0.166406 0.269444
1 0.057422 0.929861 0.188281 0.273611
1 0.177344 0.490972 0.118750 0.229167
1 0.398438 0.591667 0.146875 0.213889
-1 0.395703 0.597917 0.075781 0.159722
0 0.672656 0.710417 0.164062 0.229167
1 0.057813 0.415278 0.115625 0.211111
-1 0.099609 0.364583 0.058594 0.093056
-1 0.052734 0.436111 0.074219 0.119444
3 0.293750 0.421528 0.075000 0.198611
0 0.742578 0.376389 0.132031 0.136111
0 0.952734 0.310417 0.125781 0.131944
0 0.801562 0.702778 0.137500 0.261111
4 0.852344 0.963889 0.054688 0.069444
3 0.511328 0.920139 0.088281 0.084722
3 0.293750 0.877083 0.153125 0.220833
4 0.762500 0.210417 0.020313 0.056944
3 0.273047 0.336111 0.142969 0.113889
4 0.073047 0.726389 0.050781 0.077778