0 0.033203 0.708333 0.144531 0.130556
1 0.344141 0.883333 0.117969 0.169444
-1 0.346094 0.887500 0.084375 0.119444
0 0.245703 0.845139 0.117969 0.131944
1 0.448828 0.469444 0.077344 0.083333
0 0.062891 0.234028 0.075781 0.087500
0 0.321094 0.234722 0.114062 0.069444
0 0.418359 0.642361 0.121094 0.098611
5 0.293750 0.437500 0.065625 0.108333
0 0.580859 0.439583 0.057031 0.079167
0 0.729688 0.757639 0.073438 0.129167
1 0.757812 0.529167 0.090625 0.119444
1 0.678516 0.554861 0.071094 0.093056
0 0.161719 0.447917 0.068750 0.073611
1 0.620313 0.804167 0.078125 0.108333
0 0.525391 0.579861 0.074219 0.070833
1 0.586719 0.277778 0.051562 0.061111
0 0.707422 0.417361 0.071094 0.079167