-1 0.400391 0.991667 0.042969 0.150000
-1 0.275391 0.988194 0.039844 0.129167
-1 0.775781 0.894444 0.043750 0.191667
-1 0.723047 0.879167 0.039844 0.197222
-1 0.357031 0.627778 0.043750 0.147222
-1 0.091406 0.773611 0.057813 0.180556
-1 0.060547 0.866667 0.046094 0.197222
-1 0.448828 0.490278 0.064844 0.147222
-1 0.204687 0.513194 0.034375 0.120833
-1 0.046484 0.747917 0.041406 0.170833
-1 0.869922 0.948611 0.028906 0.186111
-1 0.771484 0.565972 0.024219 0.140278
-1 0.739062 0.679861 0.043750 0.165278
-1 0.773828 0.521528 0.042969 0.198611
-1 0.932031 0.722917 0.040625 0.140278
-1 0.941016 0.508333 0.032031 0.125000
-1 0.838281 0.532639 0.031250 0.098611
-1 0.834766 0.188194 0.033594 0.137500
-1 0.479687 0.325000 0.037500 0.147222
-1 0.413672 0.349306 0.042969 0.126389
-1 0.866016 0.330556 0.028906 0.166667
-1 0.878516 0.357639 0.024219 0.123611
-1 0.947656 0.394444 0.039062 0.102778
-1 0.741016 0.220833 0.049219 0.158333
-1 0.752734 0.197222 0.030469 0.133333
-1 0.951562 0.909028 0.032813 0.179167
-1 0.937891 0.906944 0.032031 0.180556
-1 0.907813 0.522222 0.028125 0.125000
-1 0.829688 0.451389 0.031250 0.108333
-1 0.871484 0.529861 0.036719 0.095833
-1 0.987109 0.591667 0.025781 0.091667
-1 0.634766 0.148611 0.033594 0.136111
-1 0.676172 0.225000 0.038281 0.136111