1 0.221484 0.629861 0.100781 0.090278
0 0.332031 0.595833 0.095312 0.086111
1 0.306250 0.521528 0.073438 0.073611
3 0.206250 0.771528 0.082812 0.115278
3 0.139844 0.657639 0.084375 0.251389
1 0.171484 0.340278 0.069531 0.063889
1 0.179297 0.460417 0.089844 0.079167
1 0.155469 0.247222 0.075000 0.069444
0 0.493359 0.322222 0.067969 0.055556
0 0.587109 0.234722 0.063281 0.055556
1 0.737891 0.440278 0.064844 0.055556
0 0.795312 0.582639 0.064062 0.065278
4 0.721875 0.538889 0.035937 0.027778
4 0.581250 0.531944 0.018750 0.044444
4 0.564844 0.359028 0.020313 0.031944
1 0.381641 0.160417 0.075781 0.048611
0 0.655859 0.484028 0.082031 0.076389