0 0.180469 0.995833 0.085938 0.147222
0 0.060156 0.913194 0.115625 0.226389
0 0.485938 0.682639 0.095312 0.115278
1 0.290625 0.690972 0.093750 0.145833
-1 0.290625 0.674306 0.040625 0.079167
0 0.175000 0.670139 0.076563 0.123611
0 0.222266 0.456944 0.072656 0.080556
0 0.389453 0.227778 0.057031 0.080556
0 0.403906 0.163194 0.064062 0.056944
0 0.419141 0.442361 0.071094 0.123611
1 0.598047 0.972917 0.100781 0.223611
3 0.141016 0.798611 0.186719 0.086111
3 0.312891 0.234722 0.042969 0.141667
0 0.426563 0.640972 0.068750 0.095833
0 0.321484 0.350000 0.042969 0.080556
0 0.729688 1.008333 0.073438 0.116667
5 0.757812 0.738194 0.120313 0.170833
0 0.624219 0.245833 0.050000 0.077778
1 0.667969 0.265972 0.065625 0.095833
1 0.508594 0.239583 0.053125 0.081944
1 0.505469 0.439583 0.056250 0.137500
0 0.863281 0.470833 0.065625 0.147222
4 0.719531 0.457639 0.021875 0.037500
4 0.566406 0.733333 0.023438 0.055556
4 0.622266 0.790278 0.030469 0.036111
4 0.484375 0.920139 0.021875 0.056944
3 0.292187 0.970139 0.106250 0.159722
1 0.362891 0.777778 0.113281 0.138889
-1 0.321875 0.772917 0.048438 0.095833
2 0.677734 0.586111 0.077344 0.133333