0 0.054297 0.392361 0.094531 0.090278
5 0.149219 0.522222 0.121875 0.155556
0 0.271484 0.398611 0.110156 0.155556
0 0.226172 0.253472 0.057031 0.081944
4 0.305859 0.466667 0.024219 0.038889
4 0.428516 0.659722 0.028906 0.047222
4 0.394141 0.606944 0.030469 0.055556
1 0.475781 0.371528 0.067187 0.095833
4 0.333984 0.720833 0.038281 0.055556
4 0.540234 0.941667 0.038281 0.052778
2 0.655469 0.547917 0.073438 0.109722
0 0.800391 0.529861 0.085156 0.115278
1 0.596094 0.272917 0.062500 0.079167
-1 0.587109 0.279167 0.025781 0.052778
0 0.541797 0.412500 0.071094 0.127778
4 0.749609 0.615278 0.019531 0.050000
4 0.732812 0.573611 0.020313 0.041667
4 0.707031 0.663194 0.025000 0.031944
4 0.690234 0.720139 0.030469 0.031944
4 0.530859 0.652083 0.017969 0.051389
0 0.477344 0.656944 0.079687 0.125000
4 0.254297 0.644444 0.016406 0.061111