-1 0.086719 0.895833 0.045312 0.158333
-1 0.518359 0.865278 0.047656 0.211111
-1 0.466016 0.838194 0.038281 0.187500
-1 0.145703 0.506944 0.050781 0.169444
-1 0.288672 0.384028 0.067969 0.154167
-1 0.017188 0.352083 0.034375 0.120833
-1 0.609766 0.918750 0.024219 0.159722
-1 0.616016 0.522917 0.027344 0.154167
-1 0.542578 0.602083 0.046094 0.173611
-1 0.646875 0.480556 0.057813 0.266667
-1 0.755469 0.715972 0.040625 0.140278
-1 0.812891 0.498611 0.032031 0.125000
-1 0.700391 0.497222 0.036719 0.113889
-1 0.789453 0.147917 0.036719 0.151389
-1 0.364063 0.222917 0.039062 0.154167
-1 0.283984 0.240972 0.042969 0.126389
-1 0.780859 0.327778 0.044531 0.258333
-1 0.778125 0.311111 0.029687 0.150000
-1 0.856641 0.394444 0.047656 0.125000
-1 0.686328 0.164583 0.060156 0.193056
-1 0.703516 0.138194 0.036719 0.162500
-1 0.712109 0.928472 0.025781 0.140278
-1 0.773438 0.502778 0.029687 0.130556
-1 0.702344 0.415278 0.031250 0.108333
-1 0.729297 0.497917 0.033594 0.087500
-1 0.842187 0.727778 0.028125 0.100000
-1 0.579297 0.071528 0.035156 0.143056
-1 0.607422 0.154167 0.038281 0.136111
4 0.069141 0.193056 0.203906 0.158333
4 0.185938 0.188194 0.185938 0.195833
4 0.651172 0.669444 0.144531 0.247222
-1 0.837109 0.666667 0.041406 0.144444
-1 0.944922 0.508333 0.025781 0.177778
-1 0.937891 0.750000 0.033594 0.180556