0 0.060156 0.375694 0.120313 0.081944
0 0.131250 0.175694 0.104688 0.065278
0 0.396875 0.192361 0.096875 0.056944
0 0.185547 0.467361 0.138281 0.109722
5 0.192969 0.275000 0.087500 0.108333
0 0.449219 0.225000 0.129688 0.072222
0 0.561328 0.075000 0.102344 0.061111
0 0.396875 0.315972 0.117188 0.073611
0 0.392188 0.595833 0.179688 0.130556
0 0.560937 0.446528 0.100000 0.068056
0 0.487109 0.388889 0.110156 0.069444
5 0.338281 0.445139 0.151562 0.145833
3 0.053516 0.665278 0.102344 0.119444
3 0.214844 0.775694 0.153125 0.173611
0 0.771094 0.415278 0.126562 0.097222