0 0.124609 0.562500 0.108594 0.136111
0 0.045703 0.638194 0.127344 0.137500
0 0.332422 0.665278 0.103906 0.122222
1 0.232422 0.830556 0.111719 0.177778
-1 0.204297 0.816667 0.047656 0.130556
1 0.405078 0.488889 0.086719 0.111111
-1 0.391016 0.433333 0.039844 0.075000
0 0.325781 0.338194 0.071875 0.176389
0 0.546484 0.592361 0.114844 0.109722
0 0.513281 0.738889 0.120313 0.150000
0 0.504297 0.906250 0.114844 0.184722
3 0.109766 0.353472 0.055469 0.248611
3 0.241016 0.265278 0.091406 0.158333
3 0.079687 0.406250 0.060937 0.259722
0 0.710547 0.906250 0.135156 0.184722
5 0.666797 0.468750 0.105469 0.134722
5 0.776172 0.538194 0.061719 0.123611
4 0.827344 0.863194 0.020313 0.070833
4 0.901953 0.875694 0.035156 0.051389
0 0.646875 0.273611 0.115625 0.163889