1 0.029297 0.677778 0.092969 0.108333
-1 0.029687 0.670833 0.059375 0.061111
0 0.092188 0.886806 0.087500 0.148611
1 0.166016 0.347222 0.058594 0.086111
0 0.046484 0.340972 0.092969 0.070833
0 0.247656 0.647917 0.125000 0.112500
0 0.294531 0.877083 0.148438 0.126389
1 0.537109 0.800000 0.107031 0.152778
-1 0.541016 0.801389 0.080469 0.113889
0 0.441797 0.765278 0.107031 0.119444
1 0.589844 0.428472 0.073438 0.079167
0 0.230469 0.215278 0.065625 0.075000
0 0.455078 0.217361 0.108594 0.065278
0 0.580469 0.585417 0.115625 0.093056
5 0.448437 0.399306 0.059375 0.098611
0 0.705859 0.399306 0.053906 0.076389
0 0.864453 0.686111 0.069531 0.122222
1 0.873437 0.481944 0.078125 0.102778
1 0.802734 0.502083 0.064844 0.084722
0 0.339062 0.408333 0.059375 0.063889