1 0.200000 0.520139 0.060937 0.087500
2 0.350000 0.654861 0.073438 0.065278
0 0.505078 0.646528 0.089844 0.120833
1 0.346875 0.427083 0.062500 0.079167
-1 0.333203 0.423611 0.024219 0.050000
0 0.256641 0.556944 0.067969 0.122222
4 0.509375 0.875000 0.018750 0.047222
4 0.430078 0.689583 0.021094 0.043056
4 0.383594 0.775000 0.026562 0.033333
4 0.351953 0.829167 0.033594 0.036111
4 0.197656 0.777083 0.017188 0.048611
0 0.135547 0.784722 0.072656 0.113889
0 0.598437 0.527083 0.060937 0.073611
0 0.536719 0.738194 0.076563 0.118056
0 0.638281 0.720139 0.076563 0.123611
0 0.330859 0.520833 0.050781 0.108333
0 0.392578 0.535417 0.060156 0.087500