0 0.052734 0.379167 0.103906 0.100000
5 0.176563 0.454167 0.128125 0.163889
5 0.134766 0.554861 0.039844 0.079167
0 0.282422 0.356944 0.121094 0.172222
0 0.221094 0.206250 0.062500 0.090278
4 0.324219 0.431944 0.025000 0.041667
4 0.467969 0.614583 0.028125 0.045833
4 0.429297 0.565278 0.030469 0.055556
1 0.487891 0.306944 0.063281 0.091667
4 0.376172 0.686111 0.038281 0.055556
4 0.601172 0.883333 0.038281 0.052778
2 0.677344 0.472917 0.073438 0.109722
0 0.814844 0.439583 0.081250 0.109722
4 0.624609 0.972222 0.038281 0.052778
1 0.597656 0.194444 0.059375 0.075000
-1 0.594922 0.202778 0.025781 0.052778
0 0.558203 0.345833 0.071094 0.127778
4 0.772266 0.530556 0.019531 0.050000
4 0.751953 0.488194 0.019531 0.040278
4 0.735156 0.581944 0.023438 0.030556
4 0.723828 0.643750 0.027344 0.029167
4 0.566797 0.596528 0.017969 0.051389
0 0.517188 0.604167 0.079687 0.125000