1 0.181641 0.767361 0.146094 0.115278
-1 0.151953 0.745139 0.077344 0.073611
1 0.596484 0.591667 0.160156 0.122222
0 0.457813 0.760417 0.126562 0.093056
0 0.007031 0.486806 0.154688 0.098611
0 0.396094 0.543056 0.118750 0.105556
4 0.365625 0.355556 0.026562 0.038889
4 0.313672 0.327083 0.038281 0.051389
4 0.541406 0.279861 0.026562 0.045833
4 0.559375 0.306250 0.031250 0.043056
4 0.474219 0.313194 0.028125 0.034722
0 0.663281 0.395139 0.110937 0.081944
5 0.594922 0.472222 0.124219 0.113889
5 0.731641 0.800694 0.117969 0.229167
0 0.776953 0.302083 0.099219 0.068056
0 0.395703 0.197222 0.130469 0.080556
1 0.564063 0.152778 0.079687 0.055556
0 0.251953 0.240972 0.105469 0.065278
4 0.468750 0.395139 0.034375 0.043056