0 0.063281 0.377778 0.126562 0.086111
0 0.132812 0.175694 0.104688 0.065278
0 0.400781 0.192361 0.096875 0.056944
0 0.188672 0.467361 0.138281 0.109722
5 0.196094 0.273611 0.087500 0.108333
0 0.451562 0.225000 0.129688 0.072222
0 0.563672 0.076389 0.102344 0.061111
0 0.400000 0.315972 0.117188 0.073611
0 0.399219 0.595833 0.179688 0.130556
0 0.564844 0.447917 0.100000 0.068056
0 0.490234 0.390278 0.110156 0.069444
5 0.342187 0.447917 0.151562 0.145833
3 0.070703 0.669444 0.102344 0.119444
3 0.221094 0.778472 0.153125 0.173611
0 0.775000 0.418056 0.126562 0.097222