0 0.496094 0.831944 0.085938 0.147222
0 0.373437 0.841667 0.095312 0.186111
0 0.178125 0.814583 0.082812 0.159722
0 0.080859 0.526389 0.075781 0.108333
0 0.620703 0.454167 0.071094 0.086111
1 0.482031 0.550000 0.081250 0.125000
-1 0.469922 0.540972 0.038281 0.076389
0 0.376172 0.603472 0.069531 0.112500
0 0.678125 0.859722 0.067187 0.119444
0 0.339453 0.415278 0.072656 0.080556
0 0.394141 0.179167 0.049219 0.069444
0 0.377734 0.127778 0.052344 0.047222
0 0.493359 0.313194 0.067969 0.118056
1 0.762891 0.597917 0.067969 0.151389
3 0.751953 0.838194 0.057031 0.298611
3 0.393750 0.701389 0.126562 0.058333
3 0.183203 0.948611 0.099219 0.100000
3 0.330078 0.244444 0.033594 0.111111
3 0.103516 0.772917 0.086719 0.165278