0 0.435156 0.639583 0.114062 0.143056
0 0.207422 0.612500 0.103906 0.116667
0 0.192578 0.758333 0.122656 0.133333
0 0.404297 0.767361 0.127344 0.137500
0 0.644922 0.569444 0.103906 0.122222
1 0.623047 0.784722 0.111719 0.177778
-1 0.600391 0.801389 0.047656 0.130556
1 0.644141 0.366667 0.086719 0.111111
-1 0.614844 0.330556 0.029687 0.055556
0 0.517969 0.297917 0.068750 0.168056
0 0.637500 0.088889 0.075000 0.105556
0 0.800000 0.356250 0.120313 0.115278
0 0.808984 0.500694 0.103906 0.129167
0 0.823047 0.645139 0.103906 0.168056
3 0.303906 0.417361 0.073438 0.331944
3 0.416016 0.268750 0.086719 0.193056
3 0.314844 0.704861 0.060937 0.259722
0 0.829297 0.802778 0.094531 0.161111