0 0.052344 0.345833 0.139063 0.080556
0 0.132031 0.434028 0.132812 0.090278
0 0.181641 0.219444 0.114844 0.072222
0 0.457031 0.223611 0.112500 0.066667
0 0.276953 0.513194 0.138281 0.109722
5 0.255859 0.317361 0.075781 0.093056
0 0.517188 0.254167 0.135937 0.075000
0 0.604297 0.095833 0.102344 0.061111
0 0.475781 0.354861 0.117188 0.073611
0 0.507031 0.635417 0.189062 0.137500
0 0.658203 0.473611 0.105469 0.072222
0 0.569922 0.422222 0.110156 0.069444
5 0.427344 0.490278 0.131250 0.125000
3 -0.000781 0.575000 0.125000 0.211111
3 0.139453 0.736806 0.117969 0.137500
3 0.322656 0.838194 0.153125 0.173611
0 0.866406 0.434028 0.132812 0.101389