0 0.108984 0.807639 0.074219 0.068056
1 0.134766 0.747222 0.069531 0.069444
0 0.402344 0.605556 0.075000 0.061111
0 0.529297 0.551389 0.057031 0.050000
1 0.550391 0.750000 0.061719 0.052778
0 0.508594 0.897222 0.070312 0.072222
4 0.503125 0.842361 0.034375 0.026389
4 0.376563 0.804167 0.018750 0.044444
4 0.459375 0.656944 0.021875 0.033333
0 0.468359 0.788194 0.089844 0.084722
1 0.616016 0.789583 0.071094 0.084722
0 0.622266 0.933333 0.086719 0.086111
0 0.770312 0.778472 0.056250 0.062500
0 0.746484 0.734722 0.050781 0.061111
5 0.271484 0.694444 0.067969 0.077778
0 0.710938 0.896528 0.051562 0.065278
0 0.928125 0.944444 0.098437 0.108333