4 0.852344 0.742361 0.103125 0.259722
4 0.730078 0.777083 0.091406 0.215278
4 0.956641 0.767361 0.085156 0.176389
-1 0.715625 0.122917 0.026562 0.123611
-1 0.694922 0.145833 0.028906 0.119444
-1 0.532813 0.302083 0.025000 0.115278
-1 0.773828 0.450000 0.038281 0.119444
-1 0.926172 0.397222 0.030469 0.094444
-1 0.322656 0.230556 0.028125 0.091667
-1 0.298438 0.188194 0.034375 0.120833
-1 0.234375 0.174306 0.028125 0.084722
-1 0.588672 0.422222 0.024219 0.130556
-1 0.868750 0.401389 0.029687 0.094444
-1 0.715234 0.423611 0.033594 0.116667
-1 0.679297 0.430556 0.028906 0.119444
-1 0.775781 0.307639 0.032813 0.087500
-1 0.584766 0.294444 0.036719 0.063889
-1 0.838281 0.380556 0.032813 0.100000
-1 0.942969 0.619444 0.029687 0.091667
4 0.910156 0.522222 0.221875 0.147222
-1 0.398828 0.294444 0.032031 0.080556
-1 0.421484 0.339583 0.030469 0.076389
-1 0.489844 0.313194 0.040625 0.090278
-1 0.660156 0.397917 0.021875 0.115278
-1 0.370312 0.693750 0.031250 0.131944
-1 0.783203 0.697222 0.025781 0.116667