0 0.162500 1.015278 0.085938 0.147222
0 0.045312 0.927083 0.115625 0.226389
0 0.475000 0.702083 0.095312 0.115278
1 0.277344 0.711806 0.093750 0.145833
-1 0.278125 0.690972 0.040625 0.079167
0 0.164062 0.682639 0.076563 0.123611
0 0.214453 0.470833 0.072656 0.080556
0 0.387109 0.244444 0.057031 0.080556
0 0.404687 0.178472 0.064062 0.056944
0 0.412109 0.463194 0.071094 0.123611
1 0.590234 1.000694 0.100781 0.223611
3 0.128906 0.813194 0.178125 0.081944
3 0.311719 0.252083 0.040625 0.134722
0 0.414844 0.660417 0.068750 0.095833
0 0.316797 0.366667 0.042969 0.080556
5 0.751563 0.768750 0.126562 0.179167
0 0.621875 0.266667 0.050000 0.077778
1 0.665625 0.288194 0.065625 0.095833
1 0.506250 0.259028 0.053125 0.081944
1 0.499219 0.459028 0.056250 0.137500
0 0.864062 0.498611 0.065625 0.147222
4 0.716406 0.478472 0.021875 0.037500
4 0.555469 0.758333 0.025000 0.058333
4 0.610547 0.820139 0.032031 0.037500
4 0.468750 0.949306 0.021875 0.056944
3 0.276562 0.990972 0.106250 0.159722
1 0.349609 0.800000 0.113281 0.138889
-1 0.307812 0.792361 0.048438 0.095833
2 0.672266 0.611111 0.077344 0.133333