0 -0.011328 0.718056 0.144531 0.130556
1 0.302344 0.894444 0.123438 0.177778
-1 0.303125 0.898611 0.084375 0.119444
0 0.197266 0.846528 0.117969 0.131944
1 0.418359 0.472222 0.077344 0.083333
0 0.022266 0.228472 0.075781 0.087500
0 0.289453 0.231944 0.132031 0.080556
0 0.383203 0.646528 0.121094 0.098611
5 0.259375 0.437500 0.065625 0.108333
0 0.553125 0.441667 0.059375 0.083333
0 0.700000 0.763194 0.073438 0.129167
1 0.731250 0.531944 0.090625 0.119444
1 0.650391 0.554861 0.071094 0.093056
0 0.122656 0.447917 0.068750 0.073611
1 0.588281 0.812500 0.078125 0.108333
0 0.493750 0.584722 0.078125 0.075000
1 0.562109 0.276389 0.053906 0.063889
0 0.683594 0.415278 0.075000 0.083333