0 0.112109 0.796528 0.074219 0.068056
1 0.135547 0.731944 0.069531 0.069444
0 0.403906 0.594444 0.075000 0.061111
0 0.528516 0.538889 0.057031 0.050000
1 0.552734 0.738889 0.061719 0.052778
0 0.513281 0.886111 0.070312 0.072222
4 0.507031 0.830556 0.035937 0.027778
4 0.377344 0.793056 0.018750 0.044444
4 0.460156 0.643056 0.021875 0.033333
0 0.471094 0.779167 0.085938 0.080556
1 0.618359 0.778472 0.071094 0.084722
0 0.626172 0.925000 0.086719 0.086111
0 0.772656 0.767361 0.056250 0.062500
0 0.749609 0.722222 0.050781 0.061111
5 0.273828 0.681944 0.067969 0.077778
0 0.714844 0.885417 0.051562 0.065278
0 0.933594 0.944444 0.098437 0.108333