0 0.340234 0.157639 0.111719 0.062500
0 0.255469 0.241667 0.106250 0.066667
0 0.176953 0.485417 0.155469 0.112500
0 0.375781 0.363194 0.090625 0.062500
0 0.329688 0.300694 0.095312 0.059722
5 0.171094 0.352778 0.125000 0.119444
3 0.057422 0.903472 0.114844 0.129167
0 0.575000 0.337500 0.120313 0.091667
0 0.650000 0.586806 0.120313 0.115278
0 0.288672 0.603472 0.166406 0.145833
3 0.498828 0.531250 0.072656 0.065278
3 0.159766 0.914583 0.317969 0.170833
0 0.802734 0.466667 0.136719 0.094444
0 0.675391 0.264583 0.092969 0.056944
0 0.907031 0.411806 0.120313 0.104167
0 0.806641 0.363889 0.091406 0.088889