1 0.007812 0.602083 0.101562 0.101389
0 0.032813 0.238889 0.142187 0.125000
0 0.070312 0.903472 0.204687 0.190278
1 0.359766 0.529167 0.142969 0.250000
-1 0.339062 0.472917 0.078125 0.148611
1 0.636719 0.381250 0.081250 0.118056
-1 0.650781 0.404861 0.050000 0.076389
-1 0.595313 0.168750 0.084375 0.106944
1 0.516797 0.263889 0.060156 0.063889
1 0.521094 0.406944 0.062500 0.091667
-1 0.523828 0.409028 0.036719 0.059722
0 0.354687 0.266667 0.050000 0.094444
1 0.794922 0.299306 0.060156 0.070833
1 0.677734 0.479167 0.092969 0.116667
1 0.261328 0.454861 0.063281 0.081944
-1 0.275000 0.457639 0.037500 0.056944