4 0.766016 0.971528 0.152344 0.384722
4 0.602344 0.999306 0.106250 0.248611
4 0.896875 1.030556 0.114062 0.236111
-1 0.808984 0.186111 0.028906 0.136111
-1 0.779687 0.203472 0.026562 0.106944
-1 0.517578 0.379861 0.035156 0.162500
-1 0.770312 0.596528 0.046875 0.145833
-1 0.935156 0.578472 0.050000 0.109722
-1 0.539844 0.552083 0.029687 0.159722
-1 0.907422 0.553472 0.035156 0.115278
-1 0.705078 0.556944 0.042969 0.150000
-1 0.658984 0.559722 0.036719 0.152778
-1 0.791797 0.445139 0.033594 0.093056
-1 0.580469 0.384722 0.054688 0.094444
-1 0.863281 0.537500 0.037500 0.116667
-1 0.913281 0.851389 0.037500 0.116667
4 0.910937 0.704861 0.257812 0.170833
-1 0.356250 0.357639 0.039062 0.098611
-1 0.373828 0.415278 0.038281 0.097222
-1 0.470703 0.385417 0.049219 0.109722
-1 0.641797 0.511806 0.028906 0.154167
-1 0.180469 0.827083 0.039062 0.168056
-1 0.692187 0.900694 0.029687 0.134722
-1 0.662500 0.867361 0.045312 0.179167
-1 0.623437 0.433333 0.037500 0.138889
-1 0.602734 0.593750 0.035156 0.137500
-1 0.496875 0.293056 0.035937 0.138889
-1 0.568750 0.563889 0.026562 0.158333
-1 0.118750 0.377778 0.028125 0.105556
-1 0.835156 0.530556 0.029687 0.141667
-1 0.168359 0.420833 0.036719 0.108333
-1 0.348438 0.199306 0.034375 0.131944
-1 0.264062 0.202083 0.039062 0.137500
-1 0.217969 0.274306 0.042188 0.143056