1 0.239453 0.840972 0.175781 0.115278
-1 0.203125 0.821528 0.081250 0.076389
1 0.641016 0.658333 0.152344 0.116667
0 0.520312 0.835417 0.126562 0.093056
0 0.035156 0.547917 0.140625 0.090278
0 0.428125 0.611111 0.118750 0.105556
4 0.378125 0.418750 0.025000 0.037500
4 0.322266 0.389583 0.038281 0.051389
4 0.550781 0.345139 0.026562 0.045833
4 0.573438 0.365972 0.031250 0.043056
4 0.482812 0.379167 0.026562 0.033333
0 0.686328 0.456944 0.116406 0.086111
5 0.593359 0.533333 0.117969 0.108333
5 0.797266 0.870139 0.117969 0.229167
0 0.788672 0.365972 0.099219 0.068056
0 0.401172 0.259722 0.130469 0.080556
1 0.566016 0.211111 0.075781 0.052778