0 0.034766 0.483333 0.069531 0.097222
0 0.095703 0.404861 0.074219 0.065278
0 0.277344 0.590972 0.067187 0.104167
1 0.308594 0.647222 0.079687 0.116667
1 0.138672 0.534722 0.061719 0.094444
1 0.032422 0.797917 0.064844 0.159722
0 0.437500 1.036111 0.096875 0.216667
4 0.270313 0.927083 0.026562 0.045833
1 0.394922 0.309722 0.074219 0.083333
3 0.376953 0.487500 0.080469 0.161111
1 0.535547 0.346528 0.055469 0.095833
0 0.703906 0.484722 0.093750 0.102778
0 0.119922 0.787500 0.086719 0.136111
0 0.424609 0.729167 0.074219 0.136111
0 0.750391 0.334028 0.063281 0.106944
0 0.296484 0.269444 0.060156 0.100000
0 0.621875 0.936111 0.092188 0.183333
0 0.553906 0.801389 0.070312 0.119444
3 0.820703 0.457639 0.072656 0.137500
1 0.482812 0.336111 0.056250 0.086111
1 0.643359 0.411111 0.047656 0.069444
3 0.927344 0.561111 0.081250 0.080556