1 0.120313 0.577778 0.107813 0.130556
0 0.085547 0.315972 0.138281 0.084722
0 0.017578 0.793750 0.121094 0.098611
0 0.285547 0.567361 0.072656 0.101389
1 0.473047 0.700694 0.121094 0.159722
1 0.349609 0.717361 0.071094 0.093056
0 0.133984 0.734722 0.082031 0.077778
1 0.377344 0.372222 0.065625 0.077778
0 0.473828 0.548611 0.091406 0.100000
1 0.587109 0.536111 0.075781 0.077778
0 0.567187 0.424306 0.060937 0.056944
0 0.632422 0.372222 0.067969 0.061111
0 0.797656 0.556250 0.078125 0.090278
1 0.623437 0.264583 0.064062 0.059722
0 0.783984 0.803472 0.150781 0.181944
1 0.458203 0.958333 0.091406 0.130556
1 0.623828 0.717361 0.117969 0.093056
1 0.233984 0.482639 0.067969 0.056944
4 0.853125 0.375000 0.029687 0.036111
1 0.448437 0.392361 0.060937 0.076389
-1 0.453125 0.383333 0.046875 0.058333
1 0.680469 0.550000 0.079687 0.130556