-1 0.280078 0.916667 0.047656 0.211111
-1 0.218359 0.876389 0.046094 0.227778
-1 0.183594 0.359028 0.071875 0.162500
-1 0.360156 0.995139 0.031250 0.204167
-1 0.481641 0.567361 0.027344 0.154167
-1 0.413672 0.621528 0.046094 0.173611
-1 0.544531 0.454167 0.067187 0.161111
-1 0.711719 0.583333 0.037500 0.144444
-1 0.577344 0.560417 0.032813 0.104167
-1 0.792188 0.203472 0.039062 0.159722
-1 0.294531 0.215278 0.043750 0.169444
-1 0.198828 0.214583 0.042969 0.126389
-1 0.727734 0.412500 0.044531 0.258333
-1 0.728906 0.375000 0.031250 0.158333
-1 0.625781 0.211111 0.054688 0.175000
-1 0.698438 0.165972 0.040625 0.179167
-1 0.491406 0.995833 0.028125 0.155556
-1 0.660156 0.552778 0.032813 0.144444
-1 0.604688 0.470833 0.032813 0.113889
-1 0.612109 0.568056 0.032031 0.083333
-1 0.723437 0.738889 0.029687 0.141667
-1 0.571094 0.079861 0.039062 0.156944
-1 0.588672 0.177083 0.044531 0.156944
4 0.468750 0.743750 0.151562 0.259722
-1 0.678516 0.821528 0.028906 0.176389
-1 0.865625 0.619444 0.031250 0.216667
-1 0.777734 0.863194 0.036719 0.198611
-1 0.811719 0.849306 0.034375 0.209722
-1 0.782031 0.618750 0.039062 0.162500
-1 0.912500 0.802778 0.029687 0.150000
-1 0.961719 0.787500 0.034375 0.088889