0 0.308984 0.321528 0.247656 0.204167
4 0.851953 0.688889 0.069531 0.094444
4 0.605859 0.268750 0.058594 0.068056
4 0.767188 0.356250 0.037500 0.062500
4 0.523047 0.629167 0.060156 0.086111
4 0.626172 0.324306 0.028906 0.059722
4 0.505859 0.206944 0.044531 0.044444
0 0.936328 0.075694 0.108594 0.151389
4 0.865625 0.588889 0.059375 0.080556
4 0.667188 0.167361 0.028125 0.054167
4 0.839844 0.081944 0.026562 0.055556
4 0.806250 0.320139 0.048438 0.070833
4 0.896875 0.290278 0.050000 0.061111
4 0.901563 0.531944 0.034375 0.066667