0 0.046484 0.307639 0.074219 0.065278
0 0.219531 0.538889 0.070312 0.108333
1 0.244922 0.586111 0.083594 0.122222
1 0.079297 0.451389 0.061719 0.094444
4 0.180469 0.868750 0.026562 0.045833
1 0.356641 0.255556 0.082031 0.091667
3 0.327344 0.442361 0.084375 0.168056
1 0.499609 0.313194 0.055469 0.095833
0 0.660156 0.483333 0.098437 0.108333
0 0.047656 0.704861 0.095312 0.151389
0 0.353125 0.692361 0.078125 0.143056
0 0.719922 0.336806 0.069531 0.118056
0 0.266016 0.194444 0.060156 0.100000
0 0.535156 0.938194 0.096875 0.193056
0 0.476953 0.783333 0.074219 0.125000
3 0.803125 0.480556 0.076563 0.144444
1 0.448437 0.295833 0.056250 0.086111
1 0.603906 0.401389 0.050000 0.072222
3 0.876172 0.601389 0.089844 0.088889