1 0.046875 0.605556 0.093750 0.136111
-1 0.046875 0.634722 0.067187 0.102778
-1 0.133203 0.357639 0.092969 0.118056
1 -0.019141 0.446528 0.069531 0.073611
1 0.264453 0.506944 0.080469 0.094444
1 0.024219 0.728472 0.107813 0.134722
2 0.110156 0.729861 0.070312 0.109722
2 0.417187 0.578472 0.062500 0.101389
2 0.480469 0.912500 0.084375 0.158333
0 0.490625 0.627778 0.131250 0.136111
0 0.587500 0.492361 0.081250 0.101389
2 0.670312 0.565278 0.070312 0.088889
0 0.534375 0.811806 0.107813 0.129167
4 0.637109 0.657639 0.030469 0.056944
4 0.319531 0.753472 0.040625 0.051389
1 0.752734 0.425000 0.061719 0.088889
-1 0.755469 0.415972 0.029687 0.065278