0 0.043359 0.303472 0.074219 0.065278
0 0.215625 0.534722 0.070312 0.108333
1 0.241016 0.581944 0.083594 0.122222
1 0.075391 0.444444 0.061719 0.094444
4 0.175000 0.861806 0.026562 0.045833
1 0.354297 0.252778 0.082031 0.091667
3 0.325000 0.436806 0.084375 0.168056
1 0.497656 0.311806 0.057813 0.101389
0 0.657422 0.483333 0.103906 0.113889
0 0.046875 0.697917 0.095312 0.151389
0 0.349219 0.686806 0.078125 0.143056
0 0.718359 0.334028 0.069531 0.118056
0 0.263672 0.188889 0.060156 0.100000
0 0.529687 0.935417 0.096875 0.193056
0 0.472266 0.781944 0.074219 0.125000
3 0.801562 0.479167 0.076563 0.144444
1 0.446094 0.291667 0.056250 0.086111
1 0.601562 0.397222 0.050000 0.072222
3 0.873047 0.600000 0.089844 0.088889