-1 0.398047 0.851389 0.042969 0.150000
-1 0.287891 0.863889 0.041406 0.136111
-1 0.723437 0.740278 0.035937 0.158333
-1 0.673047 0.729861 0.038281 0.187500
-1 0.648438 0.971528 0.040625 0.162500
-1 0.673438 0.979861 0.043750 0.159722
-1 0.298828 0.526389 0.039844 0.133333
-1 0.096094 0.676389 0.050000 0.155556
-1 0.076953 0.756944 0.039844 0.169444
-1 0.376953 0.388889 0.058594 0.133333
-1 0.167969 0.431250 0.031250 0.109722
-1 0.046875 0.659028 0.039062 0.162500
-1 0.812891 0.781250 0.025781 0.168056
-1 0.661328 0.921528 0.030469 0.151389
-1 0.923438 0.366667 0.032813 0.150000
-1 0.672266 0.445139 0.027344 0.154167
-1 0.669922 0.555556 0.039844 0.150000
-1 0.671094 0.388889 0.035937 0.163889
-1 0.836719 0.566667 0.039062 0.133333
-1 0.821094 0.377778 0.029687 0.113889
-1 0.736719 0.413194 0.031250 0.098611
-1 0.839453 0.974306 0.025781 0.129167
-1 0.794531 0.941667 0.017188 0.116667
-1 0.801562 0.877083 0.026562 0.087500
-1 0.834375 0.954861 0.037500 0.087500
-1 0.687109 0.098611 0.028906 0.119444
-1 0.387891 0.238889 0.033594 0.133333
-1 0.330859 0.272917 0.036719 0.109722
-1 0.985156 0.529861 0.028125 0.162500
-1 0.732422 0.213889 0.025781 0.150000
-1 0.748828 0.241667 0.025781 0.130556
-1 0.813672 0.278472 0.035156 0.093056
-1 0.950000 0.193056 0.035937 0.116667
-1 0.597266 0.145833 0.042969 0.136111
-1 0.611719 0.110417 0.026562 0.115278
-1 0.875000 0.745139 0.029687 0.162500
-1 0.858203 0.733333 0.028906 0.163889