0 0.388281 0.881944 0.085938 0.147222
0 0.261719 0.866667 0.104688 0.205556
0 0.068359 0.795139 0.086719 0.168056
0 0.006250 0.486111 0.079687 0.113889
0 0.576953 0.500000 0.078906 0.094444
1 0.412109 0.579861 0.085156 0.131944
-1 0.405859 0.565972 0.038281 0.076389
0 0.298828 0.615972 0.069531 0.112500
0 0.583203 0.932639 0.074219 0.131944
0 0.283984 0.409722 0.072656 0.080556
0 0.372656 0.170833 0.051562 0.072222
0 0.366797 0.120139 0.055469 0.048611
0 0.458203 0.329861 0.071094 0.123611
1 0.711719 0.684722 0.075000 0.166667
3 0.685937 0.922917 0.046875 0.245833
3 0.304688 0.722222 0.139063 0.063889
3 0.055078 0.945833 0.103906 0.105556
3 0.301172 0.216667 0.035156 0.116667
3 -0.004297 0.721528 0.086719 0.165278
0 0.515625 0.494444 0.059375 0.083333
0 0.347656 0.289583 0.040625 0.076389
0 0.812500 0.650000 0.057813 0.091667
5 0.779297 0.463194 0.094531 0.134722
0 0.575391 0.128472 0.047656 0.073611
1 0.616797 0.140972 0.053906 0.079167