1 0.049609 0.406250 0.078906 0.101389
-1 0.062891 0.368056 0.039844 0.075000
0 0.067187 0.262500 0.062500 0.152778
0 0.121484 0.567361 0.114844 0.109722
0 0.021875 0.665972 0.126562 0.156944
5 0.291016 0.579861 0.116406 0.148611
5 0.303516 0.685417 0.061719 0.123611
0 0.337109 0.406944 0.121094 0.172222
0 0.211328 0.275694 0.069531 0.098611
4 0.414453 0.454167 0.028906 0.047222
4 0.599219 0.553472 0.028125 0.045833
4 0.555078 0.520833 0.025781 0.047222
0 0.152734 0.140278 0.077344 0.105556
1 0.518750 0.244444 0.073438 0.105556
4 0.546094 0.670833 0.034375 0.050000
4 0.782813 0.713194 0.032813 0.045833
2 0.712891 0.304167 0.066406 0.100000
0 0.812109 0.211806 0.077344 0.104167