1 0.511328 0.310417 0.111719 0.123611
-1 0.503516 0.293056 0.086719 0.086111
-1 0.548438 0.538889 0.137500 0.158333
0 0.314844 0.354861 0.107813 0.154167
4 0.254297 0.393056 0.027344 0.075000
4 0.107813 0.447222 0.026562 0.075000
1 0.185938 0.565972 0.104688 0.118056
-1 0.174219 0.568056 0.067187 0.100000
1 0.177344 0.402778 0.085938 0.147222
0 0.698828 0.125000 0.097656 0.111111
1 0.479297 0.152778 0.100781 0.116667
2 0.412891 0.250000 0.067969 0.180556
4 0.621875 0.120833 0.040625 0.061111
0 0.316797 0.652778 0.155469 0.316667
4 0.221094 0.806250 0.046875 0.062500
4 0.304688 0.861111 0.040625 0.050000