0 0.142578 0.906250 0.072656 0.101389
1 0.277344 0.688889 0.065625 0.077778
0 0.352344 0.883333 0.095312 0.105556
1 0.471484 0.874306 0.083594 0.084722
0 0.468750 0.747917 0.064062 0.059722
0 0.549609 0.690278 0.067969 0.061111
0 0.703906 0.897917 0.085938 0.098611
1 0.561719 0.570139 0.064062 0.059722
1 0.108984 0.814583 0.078906 0.065278
4 0.793750 0.688194 0.032813 0.040278
1 0.347656 0.716667 0.064062 0.080556
-1 0.350000 0.711111 0.046875 0.058333
1 0.581250 0.887500 0.087500 0.144444
0 0.715625 0.686806 0.079687 0.118056
0 0.458984 0.504861 0.074219 0.056944
0 0.307422 0.403472 0.055469 0.056944
0 0.604688 0.406944 0.075000 0.066667