0 0.332813 0.894444 0.085938 0.147222
0 0.203906 0.863889 0.104688 0.205556
0 0.021484 0.759028 0.091406 0.176389
0 0.554297 0.518750 0.086719 0.104167
1 0.380078 0.584722 0.089844 0.138889
-1 0.372656 0.571528 0.040625 0.079167
0 0.260937 0.610417 0.073438 0.118056
0 0.536328 1.003472 0.089844 0.159722
0 0.262109 0.394444 0.072656 0.080556
0 0.373437 0.154167 0.051562 0.072222
0 0.372656 0.118750 0.060937 0.054167
0 0.446484 0.334028 0.071094 0.123611
1 0.689844 0.728472 0.082812 0.184722
3 0.632812 0.927083 0.081250 0.212500
3 0.262891 0.721528 0.153906 0.070833
3 0.296094 0.194444 0.039062 0.127778
0 0.493750 0.506250 0.062500 0.087500
0 0.336719 0.279861 0.040625 0.076389
0 0.796875 0.709722 0.057813 0.091667
5 0.778516 0.502083 0.103906 0.148611
0 0.586719 0.126389 0.050000 0.077778
1 0.628125 0.141667 0.056250 0.083333