-1 0.626563 0.728472 0.032813 0.118056
-1 0.571875 0.790278 0.028125 0.161111
-1 0.598828 0.809722 0.038281 0.169444
-1 0.494141 0.713889 0.047656 0.188889
-1 0.403906 0.764583 0.045312 0.179167
-1 0.361328 0.734722 0.044531 0.183333
-1 0.787891 0.581250 0.041406 0.184722
-1 0.853125 0.554861 0.043750 0.106944
-1 0.900781 0.510417 0.031250 0.118056
-1 0.903516 0.266667 0.042969 0.166667
-1 0.876172 0.338889 0.060156 0.075000
-1 0.832031 0.310417 0.026562 0.120833
-1 0.785937 0.301389 0.034375 0.119444
-1 0.651172 0.456944 0.050781 0.163889
-1 0.725781 0.422222 0.040625 0.102778
-1 0.703906 0.537500 0.043750 0.177778
-1 0.022656 0.673611 0.046875 0.188889
-1 0.592969 0.259028 0.028125 0.193056
-1 0.632422 0.262500 0.039844 0.158333
-1 0.451562 0.277778 0.045312 0.122222
4 0.668359 1.005556 0.328906 0.213889
4 0.266797 0.450694 0.272656 0.229167
-1 0.374609 0.535417 0.044531 0.148611
-1 0.483203 0.562500 0.049219 0.125000
-1 0.528906 0.580556 0.031250 0.130556
-1 0.599219 0.427778 0.046875 0.177778
-1 0.542188 0.412500 0.051562 0.136111
-1 0.516406 0.368056 0.045312 0.155556
-1 0.553906 0.259028 0.050000 0.187500