4 0.800000 0.816667 0.145313 0.366667
4 0.635156 0.875694 0.106250 0.248611
4 0.934375 0.881944 0.114062 0.236111
-1 0.732422 0.075000 0.032031 0.150000
-1 0.704297 0.065278 0.030469 0.125000
-1 0.475391 0.264583 0.033594 0.154167
-1 0.748047 0.463889 0.049219 0.152778
-1 0.930859 0.452083 0.047656 0.104167
-1 0.519531 0.431250 0.029687 0.159722
-1 0.875781 0.418056 0.037500 0.122222
-1 0.683203 0.429167 0.042969 0.150000
-1 0.635547 0.431944 0.036719 0.152778
-1 0.753906 0.299306 0.039062 0.106944
-1 0.536719 0.262500 0.054688 0.094444
-1 0.838281 0.397222 0.039062 0.122222
-1 0.929688 0.705556 0.035937 0.111111
4 0.907031 0.570139 0.270313 0.179167
-1 0.305469 0.242361 0.039062 0.098611
-1 0.325391 0.301389 0.038281 0.097222
-1 0.419141 0.270139 0.049219 0.109722
-1 0.613672 0.393056 0.027344 0.147222
-1 0.198047 0.731250 0.041406 0.176389
-1 0.720313 0.776389 0.031250 0.141667
-1 0.685547 0.735417 0.042969 0.170833
-1 0.581250 0.314583 0.035937 0.131944
-1 0.593359 0.450000 0.036719 0.144444
-1 0.438281 0.172222 0.031250 0.119444
-1 0.549219 0.440972 0.025000 0.151389
-1 0.078125 0.269444 0.028125 0.105556
-1 0.800000 0.382639 0.028125 0.134722
-1 0.957422 0.363194 0.030469 0.104167
-1 0.126172 0.320833 0.035156 0.102778