1 0.211328 0.745833 0.072656 0.086111
0 0.387500 0.849306 0.067187 0.062500
0 0.488281 0.797222 0.075000 0.066667
1 0.546094 0.662500 0.067187 0.063889
1 0.018359 0.839583 0.078906 0.065278
4 0.770312 0.844444 0.035937 0.044444
1 0.277344 0.790278 0.064062 0.080556
-1 0.280859 0.788889 0.042969 0.052778
0 0.680469 0.836111 0.087500 0.130556
0 0.464062 0.571528 0.078125 0.059722
0 0.344141 0.439583 0.058594 0.059722
0 0.645703 0.484722 0.086719 0.077778
0 0.897266 0.971528 0.110156 0.104167
0 0.922266 0.414583 0.060156 0.040278
0 0.926172 0.604861 0.074219 0.054167
1 0.761719 0.671528 0.067187 0.070833
1 0.628516 0.669444 0.047656 0.083333
1 0.282422 0.602083 0.058594 0.104167