0 0.055859 0.388194 0.094531 0.090278
5 0.153125 0.518056 0.121875 0.155556
0 0.276172 0.391667 0.110156 0.155556
0 0.226953 0.245833 0.060156 0.086111
4 0.311328 0.458333 0.024219 0.038889
4 0.437109 0.651389 0.028906 0.047222
4 0.402734 0.598611 0.030469 0.055556
1 0.480859 0.358333 0.063281 0.091667
4 0.342578 0.712500 0.038281 0.055556
4 0.552734 0.934722 0.038281 0.052778
2 0.661719 0.534028 0.073438 0.109722
0 0.805859 0.514583 0.085156 0.115278
1 0.598437 0.259028 0.062500 0.079167
-1 0.591016 0.263889 0.025781 0.052778
0 0.546484 0.400000 0.071094 0.127778
4 0.755859 0.600000 0.019531 0.050000
4 0.737500 0.558333 0.020313 0.041667
4 0.714844 0.648611 0.023438 0.030556
4 0.698047 0.706250 0.030469 0.031944
4 0.539453 0.642361 0.017969 0.051389
0 0.485938 0.648611 0.079687 0.125000
4 0.262891 0.637500 0.016406 0.061111