-1 0.472266 0.809722 0.038281 0.136111
-1 0.392188 0.858333 0.028125 0.161111
-1 0.418359 0.883333 0.039844 0.177778
-1 0.328906 0.784028 0.050000 0.198611
-1 0.222656 0.820833 0.050000 0.197222
-1 0.178516 0.777778 0.049219 0.202778
-1 0.660937 0.670833 0.043750 0.194444
-1 0.758984 0.650000 0.047656 0.116667
-1 0.787500 0.611806 0.037500 0.143056
-1 0.821875 0.362500 0.045312 0.175000
-1 0.781641 0.426389 0.066406 0.083333
-1 0.741797 0.416667 0.025781 0.122222
-1 0.662891 0.389583 0.041406 0.145833
-1 0.535156 0.529167 0.053125 0.172222
-1 0.610938 0.498611 0.046875 0.119444
-1 0.583203 0.626389 0.046094 0.186111
4 0.138281 0.475694 0.259375 0.218056
-1 0.238672 0.584722 0.049219 0.163889
-1 0.338281 0.612500 0.051562 0.130556
-1 0.384375 0.659028 0.035937 0.151389
-1 0.480859 0.486111 0.049219 0.186111
-1 0.430078 0.484028 0.053906 0.143056
-1 0.415234 0.433333 0.047656 0.163889
-1 0.412891 0.651389 0.039844 0.050000
-1 0.342578 0.489583 0.038281 0.181944
-1 0.693359 0.574306 0.038281 0.173611
-1 0.568359 0.418056 0.033594 0.138889
-1 0.297266 0.477778 0.033594 0.163889