0 0.161719 0.479861 0.065625 0.093056
0 0.210156 0.397917 0.070312 0.062500
0 0.100000 0.754167 0.075000 0.130556
3 0.103906 0.466667 0.054688 0.180556
0 0.055859 0.601389 0.035156 0.066667
0 0.408594 0.543056 0.060937 0.094444
1 0.449609 0.590278 0.075781 0.111111
1 0.276172 0.506250 0.058594 0.090278
1 0.199609 0.763194 0.061719 0.151389
0 0.616406 0.892361 0.079687 0.179167
4 0.449609 0.841667 0.025781 0.044444
2 0.342578 1.001389 0.085156 0.147222
1 0.483594 0.281250 0.070312 0.079167
3 0.486328 0.408333 0.069531 0.138889
1 0.623828 0.296528 0.055469 0.095833
0 0.797266 0.400694 0.089844 0.098611
0 0.291016 0.737500 0.082031 0.130556
0 0.568750 0.652083 0.067187 0.123611
0 0.819922 0.264583 0.060156 0.101389
0 0.387109 0.252083 0.057031 0.095833
0 0.773438 0.801389 0.087500 0.175000
0 0.698438 0.694444 0.064062 0.108333