4 0.635156 0.868056 0.145313 0.366667
4 0.466016 0.898611 0.111719 0.261111
4 0.761328 0.939583 0.125781 0.259722
-1 0.732031 0.104861 0.026562 0.123611
-1 0.701953 0.124306 0.027344 0.112500
-1 0.426172 0.293750 0.035156 0.162500
-1 0.669922 0.509722 0.049219 0.152778
-1 0.829297 0.497917 0.047656 0.104167
-1 0.443750 0.459028 0.029687 0.159722
-1 0.806250 0.477778 0.037500 0.122222
-1 0.605078 0.472222 0.042969 0.150000
-1 0.557422 0.469444 0.036719 0.152778
-1 0.691016 0.371528 0.033594 0.093056
-1 0.487500 0.309722 0.054688 0.094444
-1 0.764844 0.452778 0.037500 0.116667
-1 0.791797 0.770139 0.041406 0.129167
4 0.780469 0.663194 0.257812 0.170833
-1 0.270313 0.263194 0.039062 0.098611
-1 0.287109 0.320833 0.038281 0.097222
-1 0.384766 0.296528 0.049219 0.109722
-1 0.546484 0.425000 0.027344 0.147222
-1 0.069531 0.716667 0.045312 0.194444
-1 0.570312 0.804167 0.031250 0.141667
-1 0.558984 0.741667 0.025781 0.180556
-1 0.535937 0.343750 0.035937 0.131944
-1 0.508203 0.503472 0.035156 0.137500
-1 0.414844 0.196528 0.034375 0.131944
-1 0.468750 0.477778 0.026562 0.158333
-1 0.028906 0.273611 0.029687 0.111111
-1 0.738281 0.439583 0.031250 0.148611
-1 0.078516 0.320833 0.036719 0.108333
-1 0.887109 0.470833 0.027344 0.136111