0 0.466406 0.670139 0.114062 0.143056
0 0.236328 0.658333 0.103906 0.116667
0 0.226172 0.804167 0.122656 0.133333
0 0.437891 0.797917 0.127344 0.137500
0 0.673047 0.587500 0.103906 0.122222
1 0.656641 0.804167 0.111719 0.177778
-1 0.634766 0.819444 0.047656 0.130556
1 0.664453 0.386111 0.086719 0.111111
-1 0.635156 0.354167 0.029687 0.055556
0 0.538281 0.327083 0.068750 0.168056
0 0.652344 0.111111 0.075000 0.105556
0 0.818750 0.364583 0.120313 0.115278
0 0.830078 0.510417 0.099219 0.123611
0 0.846484 0.652083 0.099219 0.159722
3 0.329688 0.458333 0.070312 0.316667
3 0.435937 0.304167 0.082812 0.183333
3 0.346094 0.719444 0.064062 0.272222