1 0.048047 0.508333 0.096094 0.086111
0 0.173437 0.494444 0.085938 0.077778
1 0.156250 0.409028 0.073438 0.073611
3 0.038672 0.645139 0.078906 0.109722
1 0.054297 0.230556 0.066406 0.061111
1 0.052344 0.338889 0.104688 0.091667
1 0.057813 0.131944 0.095312 0.088889
0 0.382422 0.223611 0.071094 0.058333
0 0.491797 0.148611 0.063281 0.055556
1 0.592578 0.354167 0.055469 0.047222
0 0.632812 0.502083 0.078125 0.079167
4 0.569531 0.454167 0.035937 0.027778
4 0.425781 0.437500 0.018750 0.044444
4 0.451172 0.265278 0.019531 0.030556
0 0.514844 0.405556 0.085938 0.080556
1 0.663672 0.385417 0.071094 0.084722
0 0.724609 0.529167 0.086719 0.086111
0 0.810156 0.350694 0.056250 0.062500
0 0.767578 0.301389 0.046094 0.055556
0 0.873828 0.689583 0.078906 0.112500
5 0.484766 0.775000 0.217969 0.275000
5 0.298828 0.335417 0.086719 0.098611