1 0.394141 0.379861 0.111719 0.123611
-1 0.388281 0.367361 0.082812 0.081944
-1 0.418359 0.601389 0.144531 0.166667
0 0.201172 0.419444 0.102344 0.147222
4 0.144531 0.458333 0.026562 0.072222
1 0.067187 0.615972 0.100000 0.112500
-1 0.054688 0.619444 0.060937 0.091667
1 0.067578 0.463194 0.082031 0.140278
0 0.587109 0.219444 0.092969 0.105556
1 0.373047 0.242361 0.096094 0.090278
2 0.306641 0.329167 0.064844 0.172222
4 0.515625 0.215278 0.039062 0.058333
0 0.187109 0.708333 0.155469 0.316667
4 0.089453 0.850694 0.044531 0.059722
4 0.166406 0.909722 0.040625 0.050000
1 0.876953 0.654861 0.130469 0.218056
5 0.761719 0.374306 0.123438 0.176389
0 0.558203 0.103472 0.085156 0.090278