0 0.132031 0.489583 0.065625 0.093056
0 0.184375 0.407639 0.070312 0.062500
0 0.066406 0.765278 0.075000 0.130556
3 0.077344 0.469444 0.054688 0.180556
0 0.022266 0.616667 0.035156 0.066667
0 0.380469 0.557639 0.064062 0.098611
1 0.420703 0.606944 0.075781 0.111111
1 0.245703 0.519444 0.061719 0.094444
1 0.162109 0.784028 0.061719 0.151389
0 0.582031 0.910417 0.079687 0.179167
4 0.413672 0.862500 0.025781 0.044444
2 0.297266 1.036111 0.085156 0.147222
1 0.462500 0.289583 0.070312 0.079167
3 0.464453 0.434028 0.072656 0.145833
1 0.603516 0.309028 0.055469 0.095833
0 0.776172 0.415972 0.089844 0.098611
0 0.255859 0.755556 0.082031 0.130556
0 0.539844 0.670833 0.070312 0.130556
0 0.805078 0.275694 0.060156 0.101389
0 0.366797 0.257639 0.057031 0.095833
0 0.746094 0.825000 0.087500 0.175000
0 0.669531 0.716667 0.064062 0.108333