0 0.126562 0.578472 0.076563 0.087500
4 0.060937 0.581944 0.026562 0.038889
1 0.319922 0.895833 0.124219 0.208333
5 0.241797 0.692361 0.107031 0.151389
0 0.092188 0.491667 0.081250 0.086111
1 0.513672 0.550000 0.063281 0.097222
1 0.427734 0.584028 0.071094 0.131944
1 0.458984 0.436806 0.091406 0.087500
1 0.556641 0.851389 0.096094 0.172222
1 0.658984 0.582639 0.080469 0.093056
-1 0.653906 0.579167 0.059375 0.061111
-1 0.599609 0.594444 0.030469 0.086111
2 0.653516 0.693056 0.085156 0.111111
0 0.764844 0.786111 0.096875 0.163889
1 0.678516 0.272222 0.058594 0.086111
0 0.570703 0.262500 0.080469 0.061111
0 0.827344 0.560417 0.131250 0.118056