-1 0.664453 0.468750 0.033594 0.118056
-1 0.600781 0.504167 0.028125 0.091667
-1 0.708984 0.753472 0.019531 0.073611
-1 0.714453 0.814583 0.021094 0.095833
-1 0.966016 0.907639 0.016406 0.112500
-1 0.704688 0.992361 0.020313 0.079167
-1 0.333594 0.945139 0.018750 0.106944
-1 0.344141 0.826389 0.022656 0.083333
-1 0.798438 0.656944 0.031250 0.144444
-1 0.907813 0.741667 0.039062 0.066667
-1 0.923047 0.834722 0.022656 0.105556
-1 0.877344 0.870833 0.018750 0.100000
-1 0.903125 0.874306 0.015625 0.079167
-1 0.775391 0.813194 0.025781 0.115278
-1 0.756250 0.774306 0.021875 0.131944
-1 0.857031 0.336111 0.021875 0.102778
-1 0.807422 0.343750 0.025781 0.112500
-1 0.776953 0.338194 0.024219 0.120833
-1 0.975781 0.601389 0.018750 0.102778
-1 0.962891 0.590972 0.024219 0.120833
-1 0.916406 0.433333 0.020313 0.105556
-1 0.863281 0.498611 0.023438 0.094444
-1 0.912891 0.571528 0.024219 0.093056
-1 0.889062 0.629167 0.029687 0.108333
-1 0.852344 0.765972 0.029687 0.056944
-1 0.816016 0.811111 0.024219 0.097222
-1 0.454688 0.272917 0.032813 0.109722
-1 0.407422 0.395833 0.033594 0.105556
-1 0.431250 0.460417 0.029687 0.126389
-1 0.825000 0.642361 0.028125 0.145833
-1 0.961328 0.450694 0.030469 0.056944
-1 0.931250 0.475000 0.020313 0.063889
-1 0.462891 0.160417 0.039844 0.090278
-1 0.372266 0.240278 0.021094 0.075000
-1 0.375781 0.410417 0.026562 0.109722