0 0.109766 0.566667 0.108594 0.136111
0 0.025391 0.641667 0.133594 0.144444
0 0.316016 0.677778 0.103906 0.122222
1 0.210547 0.837500 0.111719 0.177778
-1 0.183594 0.819444 0.045312 0.125000
1 0.391797 0.502778 0.086719 0.111111
-1 0.379297 0.445833 0.039844 0.075000
0 0.315625 0.352083 0.071875 0.176389
0 0.531641 0.610417 0.114844 0.109722
0 0.495312 0.755556 0.120313 0.150000
0 0.460156 0.900000 0.120313 0.194444
3 0.101172 0.369444 0.052344 0.236111
3 0.232422 0.275000 0.091406 0.158333
3 0.078125 0.395139 0.060937 0.259722
0 0.698828 0.950694 0.135156 0.184722
5 0.653906 0.494444 0.110937 0.141667
5 0.760547 0.564583 0.061719 0.123611
4 0.810937 0.895833 0.021875 0.075000
4 0.885547 0.910417 0.035156 0.051389
0 0.637500 0.295833 0.115625 0.163889