1 0.332813 0.943056 0.203125 0.172222
-1 0.305859 0.933333 0.185156 0.133333
1 0.390625 0.493056 0.134375 0.205556
-1 0.393750 0.497222 0.106250 0.155556
2 0.322656 0.713889 0.085938 0.233333
2 0.405078 0.727083 0.114844 0.179167
2 0.618750 0.821528 0.121875 0.351389
1 0.669141 0.373611 0.227344 0.311111
-1 0.660156 0.275694 0.096875 0.112500
-1 0.725781 0.370833 0.062500 0.188889
4 0.816406 0.438889 0.056250 0.127778
4 0.841406 0.309028 0.054688 0.143056
4 0.853125 0.236806 0.046875 0.115278
1 0.417187 0.376389 0.139063 0.205556
-1 0.450000 0.338194 0.071875 0.109722