1 0.331250 0.913889 0.203125 0.172222
-1 0.330859 0.933333 0.185156 0.133333
1 0.409375 0.480556 0.134375 0.205556
-1 0.408984 0.484722 0.111719 0.163889
2 0.341406 0.702778 0.085938 0.233333
2 0.426172 0.717361 0.114844 0.179167
2 0.643750 0.815278 0.128125 0.369444
1 0.692187 0.361806 0.239063 0.326389
-1 0.684375 0.260417 0.101562 0.118056
-1 0.750781 0.356944 0.062500 0.188889
4 0.842969 0.430556 0.056250 0.127778
4 0.865625 0.295139 0.054688 0.143056
4 0.877344 0.221528 0.046875 0.115278
1 0.435156 0.358333 0.139063 0.205556
-1 0.467969 0.324306 0.071875 0.109722