0 0.046094 0.577083 0.093750 0.118056
0 0.191016 0.729167 0.103906 0.122222
1 0.068750 0.848611 0.106250 0.169444
-1 0.048047 0.830556 0.047656 0.130556
1 0.293359 0.586111 0.086719 0.111111
-1 0.291797 0.534722 0.039844 0.075000
0 0.248438 0.431250 0.068750 0.168056
0 0.408594 0.728472 0.120313 0.115278
0 0.349609 0.859028 0.114844 0.143056
3 0.052344 0.397917 0.060937 0.273611
3 0.191016 0.336111 0.091406 0.158333
5 0.544141 0.639583 0.105469 0.134722
5 0.640234 0.742361 0.064844 0.129167
0 0.565234 0.452778 0.121094 0.172222
0 0.411328 0.384028 0.072656 0.104167
4 0.651172 0.465278 0.030469 0.050000
4 0.840625 0.481250 0.026562 0.043056
4 0.801953 0.469444 0.027344 0.050000
0 0.287500 0.240278 0.093750 0.127778
1 0.691016 0.215278 0.077344 0.111111