0 0.145313 0.127083 0.106250 0.059722
0 -0.002344 0.202083 0.117188 0.073611
0 0.041406 0.375694 0.082812 0.056944
0 0.030859 0.284722 0.110156 0.069444
0 0.306641 0.386111 0.146094 0.111111
0 0.210156 0.732639 0.178125 0.170833
3 0.086719 0.617361 0.089063 0.159722
0 0.481641 0.597917 0.166406 0.115278
0 0.459375 0.306944 0.118750 0.072222
0 0.649609 0.550000 0.153906 0.133333
0 0.566016 0.459722 0.105469 0.102778
0 0.805859 0.275694 0.130469 0.098611
0 0.628906 0.184722 0.087500 0.080556
0 0.843750 0.404167 0.118750 0.100000
0 0.838672 0.495139 0.096094 0.073611
3 0.182031 0.394444 0.060937 0.161111
3 0.845703 0.761806 0.127344 0.206944