0 0.395703 0.821528 0.100781 0.120833
1 0.204687 0.800694 0.093750 0.145833
-1 0.222656 0.775694 0.040625 0.079167
0 0.097656 0.757639 0.076563 0.123611
0 0.166797 0.543056 0.072656 0.080556
0 0.355078 0.321528 0.060156 0.084722
0 0.380469 0.252083 0.067187 0.059722
0 0.361328 0.554861 0.071094 0.123611
3 0.281250 0.336806 0.045312 0.148611
0 0.348828 0.757639 0.075781 0.106944
0 0.273828 0.443056 0.036719 0.069444
5 0.692969 0.909028 0.126562 0.179167
0 0.594141 0.354167 0.052344 0.080556
1 0.641406 0.382639 0.065625 0.095833
1 0.473438 0.334028 0.053125 0.081944
1 0.454297 0.550000 0.058594 0.144444
0 0.834375 0.613194 0.068750 0.154167
4 0.681250 0.585417 0.023438 0.040278
4 0.487891 0.872222 0.027344 0.063889
4 0.542578 0.946528 0.033594 0.040278
1 0.275000 0.901389 0.125000 0.152778
-1 0.226562 0.884028 0.048438 0.095833
2 0.622656 0.724306 0.081250 0.140278
1 0.610156 0.125000 0.064062 0.072222
3 0.633594 0.227083 0.051562 0.104167
1 0.139063 0.418750 0.068750 0.068056