1 0.684375 0.275000 0.125000 0.147222
1 0.801953 0.743750 0.127344 0.198611
-1 0.802734 0.715972 0.091406 0.090278
0 0.391016 0.713194 0.142969 0.109722
1 0.298047 0.413194 0.132031 0.168056
0 0.360938 0.200000 0.137500 0.133333
0 0.553125 0.232639 0.092188 0.106944
4 0.882422 0.435417 0.036719 0.068056
4 0.462109 0.361806 0.044531 0.043056
4 0.670703 0.409722 0.053906 0.041667
0 0.468750 0.471528 0.084375 0.126389
0 0.526563 0.509722 0.092188 0.113889
4 0.554688 0.870833 0.028125 0.094444
0 0.910547 0.617361 0.077344 0.095833
4 0.179297 0.279167 0.047656 0.052778