0 0.060547 0.498611 0.069531 0.097222
0 0.121484 0.415972 0.074219 0.065278
0 -0.005859 0.740278 0.078906 0.136111
3 0.026562 0.427778 0.054688 0.180556
0 0.308594 0.586806 0.067187 0.104167
1 0.343750 0.643056 0.079687 0.116667
1 0.170703 0.538889 0.061719 0.094444
1 0.062109 0.817361 0.061719 0.151389
0 0.487109 1.002083 0.083594 0.187500
4 0.315625 0.917361 0.026562 0.045833
1 0.414453 0.311111 0.074219 0.083333
3 0.404297 0.480556 0.080469 0.161111
1 0.558203 0.336806 0.055469 0.095833
0 0.726562 0.466667 0.093750 0.102778
0 0.161328 0.790278 0.086719 0.136111
0 0.461328 0.716667 0.074219 0.136111
0 0.766797 0.317361 0.063281 0.106944
0 0.317578 0.270833 0.060156 0.100000
0 0.663281 0.905556 0.092188 0.183333
0 0.592187 0.780556 0.067187 0.113889
3 0.837891 0.431250 0.072656 0.137500