1 0.056641 0.713194 0.113281 0.137500
0 0.045312 0.437500 0.145313 0.088889
0 0.223047 0.704861 0.072656 0.101389
1 0.406641 0.846528 0.121094 0.159722
1 0.275391 0.860417 0.071094 0.093056
0 0.048438 0.881250 0.070312 0.068056
1 0.329688 0.501389 0.065625 0.077778
0 0.417969 0.683333 0.095312 0.105556
1 0.534766 0.676389 0.075781 0.077778
0 0.521094 0.559028 0.064062 0.059722
0 0.591797 0.504167 0.067969 0.061111
0 0.753516 0.695833 0.082031 0.094444
1 0.591406 0.392361 0.060937 0.056944
0 0.712891 0.904167 0.158594 0.191667
1 0.564063 0.868056 0.112500 0.088889
1 0.177344 0.615972 0.075000 0.062500
4 0.821875 0.505556 0.034375 0.041667
1 0.403125 0.523611 0.064062 0.080556
-1 0.407031 0.519444 0.046875 0.058333
1 0.634375 0.686111 0.079687 0.130556