0 0.130469 0.409722 0.139063 0.080556
0 0.232031 0.503472 0.132812 0.090278
0 0.248828 0.270833 0.114844 0.072222
0 0.548828 0.270139 0.124219 0.073611
0 0.400000 0.584028 0.145313 0.115278
5 0.340625 0.372222 0.087500 0.108333
0 0.621484 0.302083 0.142969 0.079167
0 0.689844 0.125000 0.112500 0.066667
0 0.441797 0.130556 0.108594 0.058333
0 0.587109 0.412500 0.122656 0.077778
0 0.667969 0.712500 0.198437 0.144444
0 0.804297 0.527083 0.116406 0.079167
0 0.698047 0.479167 0.110156 0.069444
5 0.552344 0.554861 0.137500 0.131944
3 0.098437 0.662500 0.125000 0.211111
3 0.252734 0.779167 0.124219 0.144444