-1 0.641016 0.464583 0.033594 0.118056
-1 0.578906 0.498611 0.028125 0.091667
-1 0.688281 0.737500 0.018750 0.069444
-1 0.696484 0.795139 0.021094 0.095833
-1 0.940625 0.886806 0.015625 0.106944
-1 0.686328 0.961111 0.019531 0.075000
-1 0.328906 0.936806 0.018750 0.106944
-1 0.335938 0.813194 0.021875 0.079167
-1 0.772656 0.646528 0.029687 0.137500
-1 0.882812 0.727778 0.037500 0.063889
-1 0.897656 0.815278 0.021875 0.100000
-1 0.854297 0.850694 0.017969 0.095833
-1 0.879687 0.854861 0.015625 0.079167
-1 0.752734 0.796528 0.025781 0.115278
-1 0.735156 0.760417 0.021875 0.131944
-1 0.825000 0.329167 0.021875 0.102778
-1 0.775391 0.338194 0.025781 0.112500
-1 0.746875 0.336806 0.023438 0.115278
-1 1.003906 0.570833 0.025000 0.105556
-1 0.975781 0.613889 0.018750 0.102778
-1 0.932031 0.578472 0.023438 0.115278
-1 0.884766 0.423611 0.019531 0.100000
-1 0.834766 0.489583 0.022656 0.090278
-1 0.883203 0.560417 0.024219 0.093056
-1 0.860156 0.618056 0.028125 0.102778
-1 0.825000 0.753472 0.029687 0.056944
-1 0.792578 0.793056 0.024219 0.097222
-1 0.433594 0.274306 0.031250 0.104167
-1 0.388672 0.394444 0.033594 0.105556
-1 0.415625 0.456250 0.029687 0.126389
-1 0.800781 0.630556 0.026562 0.138889
-1 0.929297 0.440972 0.030469 0.056944
-1 0.900781 0.466667 0.020313 0.063889
-1 0.437891 0.163194 0.039844 0.090278
-1 0.351562 0.238194 0.020313 0.070833
-1 0.360156 0.407639 0.026562 0.109722