1 0.108594 0.686806 0.101562 0.101389
0 0.082031 0.316667 0.142187 0.125000
0 0.246875 0.915972 0.176563 0.165278
1 0.442188 0.549306 0.129688 0.226389
-1 0.416797 0.516667 0.074219 0.141667
1 0.673828 0.393750 0.077344 0.112500
-1 0.688281 0.415278 0.045312 0.069444
-1 0.608203 0.201389 0.080469 0.102778
1 0.547266 0.294444 0.057031 0.061111
1 0.573828 0.430556 0.057031 0.083333
-1 0.574609 0.428472 0.038281 0.062500
0 0.400000 0.313889 0.050000 0.094444
1 0.810547 0.303472 0.060156 0.070833
1 0.726562 0.480556 0.084375 0.105556