0 0.310547 0.147917 0.111719 0.062500
0 0.217969 0.237500 0.106250 0.066667
0 0.109766 0.490972 0.155469 0.112500
0 0.329688 0.363194 0.090625 0.062500
0 0.284375 0.299306 0.095312 0.059722
5 0.123438 0.350694 0.137500 0.131944
3 0.129688 0.929167 0.120313 0.136111
0 0.540625 0.337500 0.120313 0.091667
0 0.592187 0.602778 0.132812 0.127778
0 0.230078 0.612500 0.174219 0.152778
3 0.448828 0.559028 0.063281 0.056944
3 0.096484 0.913194 0.261719 0.140278
0 0.763281 0.475694 0.143750 0.098611
0 0.649609 0.261806 0.097656 0.059722
0 0.875781 0.420139 0.120313 0.104167
0 0.776172 0.363889 0.091406 0.088889