1 0.040625 0.921528 0.179688 0.259722
1 0.155469 0.513194 0.118750 0.229167
1 0.379688 0.623611 0.146875 0.213889
-1 0.371875 0.634028 0.079687 0.168056
0 0.655078 0.752083 0.172656 0.240278
1 0.041406 0.423611 0.115625 0.211111
-1 0.083203 0.384028 0.058594 0.093056
-1 0.036328 0.456944 0.074219 0.119444
3 0.318359 0.617361 0.078906 0.209722
0 0.739453 0.403472 0.138281 0.143056
0 0.960547 0.340972 0.125781 0.131944
0 0.791016 0.750000 0.144531 0.275000
3 0.267188 0.888194 0.153125 0.220833
4 0.765625 0.235417 0.020313 0.056944
3 0.267188 0.340278 0.150000 0.119444
4 0.043359 0.748611 0.050781 0.077778
3 0.715234 0.277778 0.080469 0.086111
3 0.728516 0.531250 0.132031 0.093056