0 0.424219 0.854167 0.085938 0.147222
0 0.297656 0.846528 0.100000 0.195833
0 0.103906 0.790972 0.082812 0.159722
0 0.039844 0.483333 0.079687 0.113889
0 0.591406 0.470139 0.075000 0.090278
1 0.434766 0.559028 0.085156 0.131944
-1 0.425391 0.545139 0.038281 0.076389
0 0.322656 0.600694 0.073438 0.118056
0 0.615625 0.911111 0.070312 0.125000
0 0.301172 0.400000 0.072656 0.080556
0 0.378516 0.159028 0.053906 0.076389
0 0.369531 0.118750 0.057813 0.051389
0 0.468359 0.310417 0.071094 0.123611
1 0.729688 0.640278 0.075000 0.166667
3 0.698047 0.911806 0.053906 0.284722
3 0.330469 0.702778 0.132812 0.061111
3 0.092188 0.943056 0.109375 0.111111
3 0.306641 0.208333 0.035156 0.116667
3 0.026953 0.720139 0.091406 0.173611
0 0.531250 0.468056 0.059375 0.083333
0 0.357031 0.279861 0.040625 0.076389
0 0.824609 0.601389 0.052344 0.083333
5 0.786328 0.422222 0.089844 0.127778