0 0.048438 0.584028 0.098437 0.123611
0 0.217578 0.729167 0.103906 0.122222
1 0.098437 0.858333 0.106250 0.169444
-1 0.075391 0.841667 0.047656 0.130556
1 0.314453 0.573611 0.086719 0.111111
-1 0.309766 0.522222 0.039844 0.075000
0 0.261719 0.420139 0.068750 0.168056
0 0.438281 0.709028 0.120313 0.115278
0 0.383594 0.846528 0.126562 0.156944
3 0.057813 0.395139 0.064062 0.287500
3 0.197266 0.331250 0.086719 0.151389
5 0.569141 0.609028 0.105469 0.134722
5 0.671484 0.709028 0.064844 0.129167
0 0.581641 0.422222 0.121094 0.172222
0 0.425391 0.359028 0.072656 0.104167
4 0.666797 0.427778 0.032031 0.052778
4 0.853125 0.428472 0.026562 0.043056
4 0.816016 0.420833 0.027344 0.050000
0 0.291406 0.220833 0.093750 0.127778