1 0.267969 1.012500 0.184375 0.155556
-1 0.267188 1.013194 0.176563 0.126389
1 0.334375 0.586111 0.121875 0.186111
-1 0.336719 0.590972 0.101562 0.148611
2 0.265234 0.794444 0.077344 0.211111
2 0.341406 0.811806 0.109375 0.170833
2 0.531250 0.886806 0.121875 0.351389
1 0.602344 0.475694 0.217188 0.295833
-1 0.596875 0.382639 0.101562 0.118056
-1 0.652344 0.472222 0.062500 0.188889
4 0.742188 0.538889 0.056250 0.127778
4 0.769922 0.416667 0.052344 0.136111
4 0.781641 0.346528 0.044531 0.109722
1 0.361719 0.474306 0.132812 0.195833
-1 0.396094 0.439583 0.071875 0.109722
0 0.770703 0.865278 0.150781 0.269444
4 0.859375 0.502083 0.079687 0.084722