1 0.187109 0.758333 0.072656 0.086111
0 0.358594 0.874306 0.070312 0.065278
0 0.461719 0.829167 0.075000 0.066667
1 0.528906 0.695833 0.067187 0.063889
4 0.746094 0.895833 0.035937 0.044444
1 0.253516 0.805556 0.071094 0.088889
-1 0.255859 0.806944 0.042969 0.052778
0 0.655469 0.881944 0.092188 0.136111
0 0.451562 0.595139 0.078125 0.059722
0 0.338672 0.453472 0.058594 0.059722
0 0.638672 0.518056 0.091406 0.080556
0 0.921875 0.465972 0.062500 0.043056
0 0.917188 0.660417 0.070312 0.051389
1 0.746875 0.718750 0.067187 0.070833
1 0.612891 0.705556 0.047656 0.083333
1 0.266016 0.613194 0.058594 0.104167