-1 0.294922 0.891667 0.047656 0.211111
-1 0.230078 0.856944 0.046094 0.227778
-1 0.188281 0.343750 0.071875 0.162500
-1 0.373437 0.974306 0.031250 0.204167
-1 0.487891 0.546528 0.027344 0.154167
-1 0.419922 0.602083 0.046094 0.173611
-1 0.550000 0.434722 0.067187 0.161111
-1 0.717187 0.556944 0.037500 0.144444
-1 0.582812 0.538889 0.034375 0.108333
-1 0.792188 0.182639 0.039062 0.159722
-1 0.296094 0.200000 0.043750 0.169444
-1 0.202734 0.199306 0.042969 0.126389
-1 0.730859 0.386111 0.044531 0.258333
-1 0.730469 0.355556 0.031250 0.158333
-1 0.624219 0.190278 0.054688 0.175000
-1 0.696094 0.146528 0.040625 0.179167
-1 0.500000 0.988194 0.029687 0.162500
-1 0.665625 0.544444 0.032813 0.144444
-1 0.607812 0.450000 0.032813 0.113889
-1 0.616016 0.547222 0.032031 0.083333
-1 0.728906 0.713889 0.029687 0.141667
-1 0.569531 0.078472 0.039062 0.156944
-1 0.587109 0.157639 0.044531 0.156944
4 0.478125 0.722917 0.151562 0.259722
-1 0.687109 0.797917 0.030469 0.184722
-1 0.867969 0.595833 0.029687 0.205556
-1 0.784766 0.839583 0.036719 0.198611
-1 0.821094 0.813194 0.034375 0.209722
-1 0.785937 0.592361 0.039062 0.162500
-1 0.920312 0.795833 0.029687 0.150000
-1 0.967969 0.759722 0.034375 0.088889