4 0.841797 0.889583 0.138281 0.348611
4 0.704297 0.927083 0.100781 0.237500
4 0.983594 0.921528 0.103125 0.215278
-1 0.741016 0.109028 0.033594 0.156944
-1 0.712891 0.133333 0.030469 0.125000
-1 0.496484 0.331250 0.030469 0.140278
-1 0.786328 0.525000 0.049219 0.152778
-1 0.976562 0.484028 0.045312 0.140278
-1 0.249219 0.197917 0.035937 0.118056
-1 0.208203 0.175694 0.046094 0.162500
-1 0.131250 0.152778 0.035937 0.108333
-1 0.553125 0.490278 0.026562 0.144444
-1 0.911719 0.465972 0.037500 0.120833
-1 0.714844 0.489583 0.040625 0.143056
-1 0.667969 0.486111 0.034375 0.144444
-1 0.789062 0.353472 0.037500 0.101389
-1 0.561719 0.322917 0.051562 0.090278
-1 0.869531 0.452778 0.039062 0.122222
-1 0.981250 0.748611 0.035937 0.111111
4 0.944531 0.620139 0.245312 0.162500
-1 0.328125 0.314583 0.039062 0.098611
-1 0.352734 0.371528 0.036719 0.093056
-1 0.440234 0.342361 0.049219 0.109722
-1 0.646094 0.452778 0.025000 0.133333
-1 0.254297 0.810417 0.039844 0.168056
-1 0.775781 0.838194 0.032813 0.148611
-1 0.739062 0.786806 0.039062 0.154167
-1 0.611719 0.370139 0.035937 0.131944
-1 0.622266 0.511111 0.036719 0.144444
-1 0.457031 0.237500 0.029687 0.113889
-1 0.583984 0.509722 0.024219 0.144444
-1 -0.002734 0.370833 0.030469 0.077778
-1 0.016406 0.340278 0.032813 0.166667
-1 0.114844 0.343750 0.026562 0.101389
-1 0.105078 0.371528 0.027344 0.084722
-1 0.830469 0.431944 0.026562 0.127778