-1 0.426953 0.648611 0.038281 0.136111
-1 0.350781 0.702778 0.028125 0.161111
-1 0.377734 0.731944 0.038281 0.169444
-1 0.287500 0.624306 0.050000 0.198611
-1 0.179688 0.668056 0.050000 0.197222
-1 0.133984 0.623611 0.049219 0.202778
-1 0.615234 0.513194 0.041406 0.184722
-1 0.710938 0.490278 0.045312 0.111111
-1 0.739844 0.450694 0.034375 0.129167
-1 0.773438 0.204167 0.045312 0.175000
-1 0.734766 0.269444 0.066406 0.083333
-1 0.693359 0.256250 0.028906 0.134722
-1 0.614453 0.225694 0.041406 0.145833
-1 0.488672 0.368056 0.050781 0.163889
-1 0.565625 0.337500 0.042188 0.108333
-1 0.536328 0.463889 0.046094 0.186111
4 0.401172 0.942361 0.380469 0.248611
4 0.096094 0.324306 0.259375 0.218056
-1 0.194141 0.426389 0.049219 0.163889
-1 0.292578 0.454167 0.049219 0.125000
-1 0.339062 0.504861 0.035937 0.151389
-1 0.434375 0.329167 0.046875 0.177778
-1 0.383203 0.327083 0.053906 0.143056
-1 0.368359 0.277778 0.047656 0.163889
-1 0.385156 0.533333 0.042188 0.052778
-1 0.294922 0.334028 0.036719 0.173611
-1 0.646484 0.411806 0.035156 0.156944
-1 0.519922 0.259722 0.032031 0.133333
-1 0.249609 0.320833 0.035156 0.172222