-1 0.387891 1.004167 0.047656 0.166667
-1 0.258984 0.995833 0.041406 0.136111
-1 0.772656 0.901389 0.043750 0.191667
-1 0.720313 0.895139 0.042188 0.206944
-1 0.365234 0.636806 0.046094 0.154167
-1 0.085938 0.765278 0.054688 0.172222
-1 0.047266 0.861111 0.046094 0.197222
-1 0.464453 0.498611 0.064844 0.147222
-1 0.212500 0.509028 0.034375 0.120833
-1 0.040234 0.732639 0.041406 0.170833
-1 0.872266 0.979861 0.025781 0.168056
-1 0.788672 0.601389 0.025781 0.147222
-1 0.751172 0.699306 0.046094 0.173611
-1 0.793359 0.549306 0.042969 0.198611
-1 0.946875 0.756944 0.039062 0.133333
-1 0.963672 0.543056 0.032031 0.125000
-1 0.860156 0.559028 0.031250 0.098611
-1 0.876172 0.215972 0.033594 0.137500
-1 0.504687 0.336111 0.037500 0.147222
-1 0.436328 0.359028 0.042969 0.126389
-1 0.898828 0.362500 0.027344 0.158333
-1 0.907031 0.375000 0.026562 0.136111
-1 0.980859 0.422917 0.036719 0.098611
-1 0.775000 0.241667 0.054688 0.175000
-1 0.789453 0.211111 0.033594 0.147222
-1 0.959375 0.945139 0.032813 0.179167
-1 0.937109 0.944444 0.030469 0.172222
-1 0.929688 0.554167 0.029687 0.130556
-1 0.854688 0.477778 0.031250 0.108333
-1 0.890234 0.558333 0.035156 0.091667
-1 0.986328 0.615278 0.025781 0.091667
-1 0.673828 0.163889 0.033594 0.136111
-1 0.712109 0.244444 0.038281 0.136111
4 0.229297 0.334028 0.194531 0.151389
4 0.311719 0.310417 0.185938 0.195833
4 0.131250 0.447222 0.139063 0.191667