0 0.298047 0.938194 0.100781 0.120833
1 0.101953 0.914583 0.103906 0.159722
-1 0.123438 0.891667 0.042188 0.083333
0 0.007812 0.850694 0.076563 0.123611
0 0.094922 0.645139 0.069531 0.076389
0 0.305859 0.411806 0.060156 0.084722
0 0.337500 0.339583 0.067187 0.059722
0 0.287109 0.660417 0.071094 0.123611
3 0.245703 0.398611 0.052344 0.172222
0 0.255859 0.875694 0.075781 0.106944
0 0.228516 0.522222 0.035156 0.066667
0 0.549219 0.458333 0.060937 0.094444
1 0.592187 0.490972 0.068750 0.101389
1 0.422266 0.428472 0.058594 0.090278
1 0.385547 0.658333 0.058594 0.144444
0 0.783203 0.750694 0.075781 0.170833
4 0.621484 0.708333 0.024219 0.041667
2 0.547656 0.861806 0.081250 0.140278
1 0.580469 0.221528 0.067187 0.076389
3 0.590234 0.326389 0.053906 0.108333
1 0.083594 0.502083 0.068750 0.068056
1 0.717969 0.231250 0.050000 0.087500
0 0.887500 0.306944 0.081250 0.088889
0 0.463281 0.634028 0.075000 0.118056
0 0.710156 0.539583 0.060937 0.112500