1 0.871094 0.606250 0.151562 0.179167
1 0.373437 0.709028 0.145313 0.184722
0 0.496875 0.490278 0.151562 0.147222
0 0.709375 0.529861 0.106250 0.123611
4 0.591797 0.673611 0.053906 0.052778
4 0.821094 0.757639 0.068750 0.054167
0 0.571484 0.786806 0.080469 0.120833
0 0.597266 0.858333 0.083594 0.102778
4 0.292969 0.538889 0.050000 0.055556
5 0.693359 0.981250 0.144531 0.226389
-1 0.339062 0.736111 0.051562 0.102778
0 0.168359 0.640972 0.191406 0.143056
4 0.416016 0.845139 0.047656 0.059722
4 0.460938 0.787500 0.046875 0.050000
1 0.464844 0.347917 0.184375 0.120833
-1 0.430078 0.339583 0.089844 0.084722
1 0.087891 0.302083 0.114844 0.098611
0 0.177344 0.345833 0.098437 0.088889