4 0.805078 0.931250 0.152344 0.384722
4 0.639844 0.960417 0.106250 0.248611
4 0.936719 0.983333 0.114062 0.236111
-1 0.818359 0.138194 0.027344 0.129167
-1 0.787891 0.157639 0.028906 0.118056
-1 0.537109 0.341667 0.032031 0.147222
-1 0.795312 0.556250 0.046875 0.145833
-1 0.964844 0.540972 0.050000 0.109722
-1 0.564063 0.514583 0.029687 0.159722
-1 0.926562 0.511111 0.039062 0.127778
-1 0.730078 0.515278 0.042969 0.150000
-1 0.681641 0.516667 0.036719 0.152778
-1 0.812891 0.401389 0.035156 0.097222
-1 0.596875 0.343056 0.054688 0.094444
-1 0.887500 0.495833 0.037500 0.116667
-1 0.949219 0.804167 0.037500 0.116667
4 0.931250 0.681250 0.270313 0.179167
-1 0.371094 0.315972 0.039062 0.098611
-1 0.389453 0.379167 0.038281 0.097222
-1 0.486328 0.346528 0.049219 0.109722
-1 0.664453 0.477083 0.025781 0.140278
-1 0.214844 0.793750 0.039062 0.168056
-1 0.730469 0.864583 0.029687 0.134722
-1 0.698438 0.827083 0.045312 0.179167
-1 0.640625 0.390972 0.035937 0.131944
-1 0.626953 0.551389 0.033594 0.130556
-1 0.509375 0.253472 0.034375 0.131944
-1 0.592187 0.525694 0.025000 0.151389
-1 0.139063 0.340278 0.029687 0.111111
-1 0.855469 0.486111 0.029687 0.141667
-1 0.186328 0.384722 0.035156 0.102778
-1 0.350391 0.163889 0.036719 0.138889
-1 0.273047 0.166667 0.041406 0.144444
-1 0.228906 0.235417 0.042188 0.143056