0 0.150781 0.942361 0.195312 0.204167
4 0.151172 0.653472 0.032031 0.087500
0 0.242969 0.413194 0.107813 0.162500
0 0.344141 0.652083 0.127344 0.179167
2 0.445703 0.940278 0.082031 0.186111
4 0.409766 0.545833 0.035156 0.036111
4 0.756641 0.560417 0.049219 0.054167
4 0.812109 0.687500 0.035156 0.083333
4 0.832812 0.815972 0.029687 0.079167
4 0.887500 0.661806 0.034375 0.065278
0 0.701562 0.619444 0.157812 0.200000
0 0.662891 0.784722 0.133594 0.219444
0 0.805859 0.488194 0.127344 0.148611
0 0.562891 0.370833 0.111719 0.125000