1 0.204687 0.528472 0.081250 0.087500
0 0.132812 0.265278 0.145313 0.088889
0 0.112500 0.730556 0.140625 0.113889
0 0.359375 0.501389 0.065625 0.091667
0 0.442188 0.899306 0.084375 0.148611
1 0.543750 0.621528 0.104688 0.137500
1 0.439844 0.643056 0.075000 0.097222
1 0.293359 0.933333 0.094531 0.130556
0 0.240234 0.666667 0.089844 0.086111
1 0.425781 0.313194 0.062500 0.073611
0 0.533984 0.480556 0.091406 0.100000
1 0.645703 0.467361 0.072656 0.073611
0 0.614062 0.363194 0.060937 0.056944
0 0.671484 0.309722 0.064844 0.058333
0 0.841406 0.482639 0.078125 0.090278
1 0.648438 0.203472 0.057813 0.054167
0 0.853906 0.707639 0.143750 0.173611
1 0.564844 0.864583 0.082812 0.118056
1 0.699219 0.638889 0.101562 0.080556
1 0.300391 0.422917 0.067969 0.056944
4 0.874219 0.311111 0.029687 0.036111
1 0.498047 0.327778 0.055469 0.069444
-1 0.496484 0.313889 0.042969 0.052778