-1 0.630078 0.646528 0.035156 0.123611
-1 0.549219 0.667361 0.031250 0.101389
-1 0.562109 0.940278 0.030469 0.113889
-1 0.536328 1.011806 0.022656 0.101389
-1 0.121094 0.924306 0.018750 0.068056
-1 0.689063 0.879861 0.034375 0.159722
-1 0.606250 1.020833 0.021875 0.100000
-1 0.592578 0.994444 0.022656 0.138889
-1 0.841406 0.557639 0.026562 0.118056
-1 0.811328 0.551389 0.027344 0.133333
-1 0.832422 0.735417 0.028906 0.115278
-1 0.804688 0.873611 0.034375 0.125000
-1 0.721875 1.003472 0.032813 0.062500
-1 0.635156 1.006250 0.023438 0.093056
-1 0.493750 0.411806 0.032813 0.109722
-1 0.390625 0.537500 0.039062 0.122222
-1 0.385937 0.590972 0.032813 0.140278
-1 0.729297 0.869444 0.030469 0.161111
-1 0.546875 0.313889 0.043750 0.100000
-1 0.408594 0.350694 0.023438 0.081944
-1 0.344922 0.517361 0.030469 0.126389
-1 0.913672 0.590278 0.021094 0.138889
-1 0.781641 0.871528 0.027344 0.137500
-1 0.783984 1.008333 0.039844 0.050000
-1 0.930859 0.278472 0.024219 0.112500
-1 0.772266 0.353472 0.024219 0.140278
-1 0.793750 0.440972 0.029687 0.112500
-1 0.755469 0.301389 0.026562 0.122222
-1 0.898047 0.420139 0.030469 0.104167
-1 0.863672 0.287500 0.022656 0.088889
-1 0.809766 0.320833 0.024219 0.077778
-1 0.932422 0.904861 0.024219 0.123611
-1 0.876953 0.843056 0.021094 0.141667
-1 0.920312 0.665972 0.029687 0.095833
-1 0.953125 0.714583 0.031250 0.070833