1 -0.017969 0.945833 0.162500 0.236111
1 0.121094 0.538194 0.118750 0.229167
1 0.345703 0.670833 0.139844 0.202778
-1 0.333594 0.681250 0.079687 0.168056
0 0.624219 0.803472 0.181250 0.251389
1 0.014844 0.440278 0.104688 0.191667
-1 0.053516 0.406250 0.058594 0.093056
-1 0.004687 0.470139 0.078125 0.126389
3 0.278125 0.656250 0.071875 0.190278
0 0.728125 0.441667 0.145313 0.150000
0 0.966016 0.381944 0.132031 0.138889
0 0.765625 0.805556 0.159375 0.302778
3 0.225000 0.888194 0.153125 0.220833
4 0.763281 0.265972 0.020313 0.056944
3 0.226172 0.380556 0.142969 0.113889
3 0.717969 0.302778 0.089063 0.094444
3 0.725000 0.575000 0.145313 0.102778