1 0.224219 0.501389 0.093750 0.136111
-1 0.222656 0.532639 0.060937 0.093056
-1 0.270703 0.261806 0.092969 0.118056
1 0.137891 0.368750 0.066406 0.070833
1 0.082812 0.526389 0.076563 0.111111
-1 0.078516 0.541667 0.049219 0.080556
1 0.433594 0.405556 0.073438 0.086111
1 0.217969 0.620139 0.107813 0.134722
2 0.298438 0.617361 0.070312 0.109722
2 0.567969 0.497222 0.051562 0.083333
2 0.674609 0.796528 0.080469 0.151389
0 0.650781 0.531944 0.131250 0.136111
0 0.738672 0.400694 0.077344 0.095833
2 0.825000 0.471528 0.067187 0.084722
0 0.719531 0.703472 0.107813 0.129167
4 0.801172 0.560417 0.028906 0.054167
4 0.502344 0.646528 0.040625 0.051389