1 0.873437 0.631250 0.151562 0.179167
1 0.375781 0.724306 0.145313 0.184722
0 0.501563 0.511111 0.151562 0.147222
0 0.712500 0.553472 0.106250 0.123611
4 0.594922 0.691667 0.053906 0.052778
4 0.823438 0.778472 0.068750 0.054167
0 0.573828 0.806250 0.080469 0.120833
0 0.595703 0.881944 0.083594 0.102778
4 0.296875 0.559722 0.050000 0.055556
5 0.691016 1.007639 0.144531 0.226389
-1 0.340625 0.752778 0.051562 0.102778
0 0.171484 0.656250 0.191406 0.143056
4 0.417578 0.864583 0.047656 0.059722
4 0.463281 0.806944 0.046875 0.050000
1 0.476562 0.363194 0.167187 0.109722
-1 0.437891 0.357639 0.089844 0.084722
1 0.102734 0.320139 0.114844 0.098611
0 0.190625 0.363889 0.098437 0.088889