1 0.264844 0.839583 0.167187 0.109722
-1 0.224219 0.817361 0.081250 0.076389
1 0.656641 0.652778 0.152344 0.116667
0 0.537500 0.829167 0.146875 0.108333
0 0.041406 0.543750 0.140625 0.090278
0 0.438281 0.605556 0.118750 0.105556
1 0.676562 0.942361 0.142187 0.115278
4 0.382031 0.411111 0.026562 0.038889
4 0.325391 0.382639 0.036719 0.048611
4 0.553906 0.334028 0.026562 0.045833
4 0.575000 0.359028 0.031250 0.043056
4 0.485938 0.369444 0.029687 0.036111
0 0.693750 0.450694 0.110937 0.081944
5 0.602734 0.523611 0.117969 0.108333
5 0.820703 0.864583 0.117969 0.229167
0 0.793359 0.354861 0.099219 0.068056
0 0.400391 0.250000 0.130469 0.080556