1 0.272266 0.581944 0.085156 0.091667
0 0.176172 0.328472 0.138281 0.084722
0 0.202734 0.779167 0.147656 0.119444
5 0.099609 0.551389 0.075781 0.125000
0 0.424219 0.547222 0.065625 0.091667
0 0.539062 0.917361 0.084375 0.148611
1 0.608594 0.649306 0.104688 0.137500
1 0.514062 0.677778 0.075000 0.097222
1 0.401953 0.979167 0.094531 0.130556
0 0.327344 0.710417 0.085938 0.081944
1 0.467969 0.364583 0.059375 0.070833
0 0.585547 0.517361 0.078906 0.087500
1 0.692969 0.500000 0.068750 0.069444
0 0.652344 0.403472 0.060937 0.056944
0 0.702734 0.348611 0.058594 0.052778
0 0.876172 0.506944 0.074219 0.086111
1 0.663672 0.236806 0.055469 0.051389
0 0.906641 0.711806 0.130469 0.156944
1 0.653125 0.881250 0.075000 0.106944
1 0.750000 0.659028 0.096875 0.076389
1 0.358203 0.474306 0.067969 0.056944