-1 0.568750 0.736111 0.035937 0.130556
-1 0.508594 0.788889 0.028125 0.161111
-1 0.536328 0.802778 0.038281 0.169444
-1 0.443750 0.702083 0.050000 0.198611
-1 0.339844 0.742361 0.045312 0.179167
-1 0.292187 0.703472 0.046875 0.193056
-1 0.754297 0.592361 0.041406 0.184722
-1 0.830469 0.572222 0.045312 0.111111
-1 0.876563 0.537500 0.035937 0.136111
-1 0.897266 0.284722 0.042969 0.166667
-1 0.869141 0.358333 0.060156 0.075000
-1 0.817187 0.334028 0.026562 0.120833
-1 0.753906 0.318056 0.035937 0.125000
-1 0.623828 0.459722 0.050781 0.163889
-1 0.698438 0.429167 0.042188 0.108333
-1 0.673828 0.538889 0.041406 0.169444
-1 0.582031 0.254861 0.028125 0.193056
-1 0.614453 0.260417 0.041406 0.165278
-1 0.435156 0.259722 0.045312 0.122222
4 0.582031 1.041667 0.362500 0.236111
4 0.234375 0.420139 0.259375 0.218056
-1 0.336719 0.513889 0.046875 0.155556
-1 0.428516 0.544444 0.049219 0.125000
-1 0.485938 0.579167 0.031250 0.130556
-1 0.570312 0.418056 0.046875 0.177778
-1 0.517578 0.404861 0.053906 0.143056
-1 0.496875 0.354861 0.050000 0.170833
-1 0.539062 0.249306 0.050000 0.187500
-1 0.527734 0.673611 0.036719 0.044444
-1 0.430078 0.394444 0.039844 0.191667
-1 0.783984 0.493750 0.035156 0.156944
-1 0.651953 0.343750 0.030469 0.126389
-1 0.318359 0.239583 0.041406 0.098611
-1 0.381641 0.395833 0.033594 0.163889