1 0.579688 0.298611 0.125000 0.147222
1 0.786328 0.730556 0.121094 0.188889
-1 0.785547 0.704861 0.091406 0.090278
0 0.386719 0.761806 0.135937 0.104167
1 0.221484 0.479861 0.132031 0.168056
0 0.232031 0.270833 0.137500 0.133333
1 0.159375 0.172222 0.135937 0.111111
-1 0.126953 0.175694 0.080469 0.087500
0 0.442188 0.275694 0.087500 0.101389
4 0.788672 0.425694 0.036719 0.068056
4 0.362109 0.414583 0.044531 0.043056
4 0.580469 0.431250 0.051562 0.040278
0 0.396094 0.529861 0.084375 0.126389
0 0.479687 0.540278 0.101562 0.125000
4 0.567187 0.890972 0.026562 0.090278
0 0.864062 0.594444 0.073438 0.091667