1 0.246484 0.815278 0.116406 0.177778
-1 0.244531 0.813889 0.096875 0.141667
1 0.499219 0.704861 0.206250 0.281944
-1 0.493359 0.616667 0.083594 0.097222
-1 0.541797 0.698611 0.057031 0.172222
4 0.631250 0.765278 0.051562 0.116667
4 0.660547 0.642361 0.047656 0.123611
4 0.673828 0.579167 0.038281 0.094444
1 0.275391 0.709722 0.125781 0.186111
-1 0.308594 0.672917 0.068750 0.104167
4 0.746484 0.720833 0.075781 0.080556
4 0.309375 0.463194 0.048438 0.104167
0 0.757031 0.562500 0.176563 0.261111
0 0.402344 0.456250 0.109375 0.251389