4 0.662891 0.909028 0.027344 0.084722
1 0.389062 0.811806 0.192188 0.265278
4 0.023047 0.518056 0.036719 0.047222
0 0.331641 0.357639 0.216406 0.209722
0 0.179688 0.289583 0.107813 0.093056
0 0.023438 0.235417 0.159375 0.151389
0 0.592578 0.465278 0.272656 0.225000
4 0.843750 0.615278 0.031250 0.075000
4 0.898828 0.554861 0.053906 0.073611
4 0.723047 0.341667 0.046094 0.052778
4 0.875391 0.395139 0.028906 0.048611
1 0.579297 0.225694 0.192969 0.101389
5 0.176172 0.718056 0.075781 0.136111
4 0.824609 0.666667 0.042969 0.061111
4 0.757422 0.387500 0.022656 0.047222
4 0.626563 0.309028 0.040625 0.040278
-1 0.391016 0.797222 0.149219 0.113889
0 0.892969 0.127778 0.093750 0.130556