0 0.694141 0.763194 0.124219 0.201389
1 0.370703 0.738889 0.171094 0.247222
-1 0.428906 0.806250 0.056250 0.148611
1 0.365234 0.375000 0.102344 0.197222
1 0.545312 0.404861 0.109375 0.159722
-1 0.562500 0.392361 0.065625 0.137500
0 0.772656 0.447917 0.110937 0.154167
1 -0.024609 0.700000 0.167969 0.305556
-1 0.033594 0.661111 0.046875 0.077778
1 0.545312 0.852778 0.128125 0.288889
-1 0.551562 0.922222 0.075000 0.122222
1 0.245312 0.329167 0.104688 0.191667
-1 0.272656 0.285417 0.053125 0.084722
-1 0.232813 0.356250 0.064062 0.104167
4 0.044922 0.295139 0.024219 0.068056
0 0.106250 0.335417 0.101562 0.193056
3 0.444141 0.304167 0.061719 0.163889
0 0.878906 0.854861 0.137500 0.237500
0 0.774219 0.204861 0.103125 0.106944