1 0.588672 0.389583 0.111719 0.123611
-1 0.582422 0.377083 0.091406 0.090278
-1 0.633984 0.631944 0.144531 0.166667
0 0.391406 0.442361 0.107813 0.154167
4 0.325391 0.477778 0.027344 0.075000
4 0.178125 0.535417 0.028125 0.079167
1 0.260156 0.662500 0.115625 0.130556
-1 0.251563 0.665278 0.067187 0.100000
1 0.249219 0.488194 0.090625 0.154167
0 0.773047 0.198611 0.102344 0.116667
1 0.551953 0.227778 0.100781 0.116667
0 0.260156 0.174306 0.110937 0.159722
2 0.478906 0.317361 0.075000 0.198611
4 0.692187 0.193056 0.040625 0.061111