0 0.002344 0.219444 0.142187 0.125000
0 0.005469 0.900694 0.204687 0.190278
1 0.317578 0.526389 0.142969 0.250000
-1 0.300391 0.463889 0.082031 0.155556
1 0.608203 0.377083 0.085156 0.123611
-1 0.619531 0.403472 0.050000 0.076389
-1 0.578516 0.157639 0.088281 0.112500
1 0.491406 0.253472 0.062500 0.068056
1 0.489844 0.400000 0.062500 0.091667
-1 0.492969 0.403472 0.040625 0.065278
0 0.325781 0.254167 0.050000 0.094444
1 0.774609 0.295833 0.063281 0.075000
1 0.646484 0.475000 0.092969 0.116667
1 0.221484 0.443056 0.060156 0.077778
-1 0.235937 0.447917 0.037500 0.056944