0 0.062500 0.236111 0.293750 0.238889
4 0.696094 0.804861 0.076563 0.104167
4 0.471484 0.190278 0.064844 0.075000
4 0.629687 0.304861 0.037500 0.062500
4 0.222266 0.556250 0.063281 0.090278
4 0.480859 0.255556 0.030469 0.063889
4 0.389062 0.122917 0.051562 0.051389
4 0.658984 0.565972 0.075781 0.104167
4 0.593750 0.088194 0.032813 0.062500
4 0.703906 0.277083 0.053125 0.079167
4 0.819141 0.257639 0.044531 0.070833
4 0.722266 0.523611 0.041406 0.080556
4 0.769141 0.258333 0.036719 0.066667
4 0.457031 0.545139 0.085938 0.068056
4 0.810156 0.577083 0.064062 0.068056
4 0.300000 0.156944 0.064062 0.055556
4 0.539844 0.176389 0.042188 0.058333