4 0.728516 0.884028 0.027344 0.084722
1 0.452734 0.795833 0.174219 0.241667
4 0.077734 0.511111 0.036719 0.047222
0 0.373047 0.346528 0.227344 0.220833
0 0.229297 0.277778 0.102344 0.088889
0 0.060937 0.232639 0.159375 0.151389
0 0.649609 0.442361 0.247656 0.204167
4 0.783594 0.775694 0.029687 0.073611
4 0.882031 0.586111 0.031250 0.075000
4 0.929688 0.515972 0.051562 0.070833
4 0.755078 0.316667 0.046094 0.052778
4 0.907031 0.365278 0.028125 0.047222
1 0.605078 0.203472 0.183594 0.095833
5 0.241797 0.718056 0.075781 0.136111
4 0.871875 0.638889 0.040625 0.058333
4 0.790234 0.363889 0.022656 0.047222
4 0.660156 0.290972 0.040625 0.040278
-1 0.453906 0.775000 0.142187 0.108333