0 0.374219 0.585417 0.114062 0.143056
0 0.151953 0.526389 0.103906 0.116667
0 0.127734 0.668056 0.122656 0.133333
0 0.332422 0.707639 0.127344 0.137500
0 0.591016 0.547222 0.103906 0.122222
1 0.552734 0.758333 0.111719 0.177778
-1 0.530078 0.770833 0.047656 0.130556
1 0.605078 0.343056 0.086719 0.111111
-1 0.577344 0.301389 0.029687 0.055556
0 0.482812 0.250694 0.068750 0.168056
0 0.616406 0.056944 0.075000 0.105556
0 0.763281 0.353472 0.126562 0.120833
0 0.764844 0.502778 0.109375 0.136111
0 0.771875 0.649306 0.109375 0.176389
3 0.261719 0.347222 0.070312 0.316667
3 0.381641 0.217361 0.086719 0.193056
3 0.250781 0.636111 0.057813 0.247222
0 0.761328 0.809722 0.094531 0.161111