0 0.109375 0.230556 0.279687 0.227778
4 0.738281 0.740972 0.076563 0.104167
4 0.492578 0.184028 0.061719 0.070833
4 0.652344 0.286806 0.037500 0.062500
4 0.291016 0.559028 0.063281 0.090278
4 0.506641 0.245833 0.030469 0.063889
4 0.410938 0.124306 0.051562 0.051389
4 0.703906 0.540278 0.068750 0.094444
4 0.598437 0.081250 0.031250 0.059722
4 0.719531 0.254861 0.048438 0.070833
4 0.834375 0.229861 0.054688 0.068056
4 0.762891 0.493056 0.041406 0.080556
4 0.780859 0.233333 0.036719 0.066667
4 0.495312 0.522222 0.078125 0.061111
4 0.846875 0.538194 0.064062 0.068056
4 0.323437 0.158333 0.060937 0.052778
4 0.554688 0.165278 0.042188 0.058333