4 0.673828 0.967361 0.160156 0.404167
4 0.510938 0.999306 0.117188 0.273611
4 0.802734 1.039583 0.125781 0.259722
-1 0.755859 0.186111 0.028906 0.136111
-1 0.726562 0.202778 0.025000 0.102778
-1 0.453516 0.372917 0.035156 0.162500
-1 0.698047 0.588889 0.049219 0.152778
-1 0.859375 0.577083 0.050000 0.109722
-1 0.471094 0.540972 0.031250 0.168056
-1 0.837891 0.554861 0.035156 0.115278
-1 0.633984 0.552778 0.042969 0.150000
-1 0.585547 0.547222 0.036719 0.152778
-1 0.719922 0.447917 0.033594 0.093056
-1 0.517188 0.376389 0.054688 0.094444
-1 0.794531 0.534722 0.037500 0.116667
-1 0.826172 0.850000 0.039844 0.122222
4 0.811719 0.738194 0.257812 0.170833
-1 0.296094 0.343750 0.039062 0.098611
-1 0.312891 0.402778 0.038281 0.097222
-1 0.410547 0.378472 0.049219 0.109722
-1 0.573828 0.505556 0.027344 0.147222
-1 0.101953 0.802083 0.041406 0.176389
-1 0.605469 0.888194 0.029687 0.134722
-1 0.591797 0.825000 0.025781 0.180556
-1 0.561719 0.425694 0.035937 0.131944
-1 0.535547 0.588194 0.035156 0.137500
-1 0.439844 0.279861 0.034375 0.131944
-1 0.497656 0.556250 0.025000 0.151389
-1 0.056250 0.356944 0.028125 0.105556
-1 0.766406 0.520833 0.029687 0.141667
-1 0.104297 0.404167 0.036719 0.108333
-1 0.303906 0.184028 0.034375 0.131944
-1 0.210938 0.189583 0.039062 0.137500
-1 0.164062 0.259028 0.042188 0.143056
-1 0.916016 0.551389 0.027344 0.136111