1 0.154297 0.760417 0.202344 0.279167
0 0.204297 0.302083 0.227344 0.220833
0 0.084766 0.217361 0.113281 0.098611
0 0.462891 0.445833 0.272656 0.225000
4 0.885156 0.663889 0.062500 0.086111
4 0.679297 0.354861 0.058594 0.068056
4 0.832031 0.429861 0.035937 0.059722
1 0.542188 0.208333 0.223438 0.116667
4 0.687891 0.703472 0.049219 0.070833
4 0.698438 0.406250 0.026562 0.054167
4 0.571484 0.305556 0.042969 0.041667
-1 0.150391 0.750000 0.149219 0.113889
0 0.918750 0.156250 0.098437 0.137500
4 0.964453 0.638194 0.053906 0.073611