1 0.877344 0.715972 0.159375 0.187500
1 0.377344 0.789583 0.145313 0.184722
0 0.521094 0.574306 0.167187 0.162500
0 0.719531 0.631250 0.106250 0.123611
4 0.600391 0.765278 0.053906 0.052778
4 0.821094 0.859028 0.068750 0.054167
0 0.571484 0.879861 0.080469 0.120833
4 0.310156 0.620833 0.050000 0.055556
-1 0.343359 0.809722 0.049219 0.097222
0 0.177734 0.711806 0.191406 0.143056
4 0.416797 0.929861 0.047656 0.059722
4 0.464062 0.870833 0.046875 0.050000
1 0.496875 0.434028 0.167187 0.109722
-1 0.455078 0.427083 0.089844 0.084722
1 0.127734 0.377083 0.114844 0.098611
0 0.210938 0.423611 0.098437 0.088889