0 0.705078 0.740278 0.117969 0.191667
1 0.388672 0.727778 0.171094 0.247222
-1 0.447656 0.788889 0.053125 0.141667
1 0.374609 0.368750 0.092969 0.179167
1 0.552734 0.395139 0.103906 0.151389
-1 0.571094 0.381944 0.062500 0.130556
0 0.777734 0.430556 0.105469 0.147222
1 -0.008203 0.694444 0.167969 0.305556
-1 0.053516 0.659028 0.044531 0.073611
1 0.563281 0.852778 0.128125 0.288889
-1 0.568750 0.902778 0.075000 0.122222
1 0.257812 0.323611 0.104688 0.191667
-1 0.281250 0.282639 0.053125 0.084722
-1 0.243750 0.352083 0.064062 0.104167
4 0.058984 0.297917 0.024219 0.068056
0 0.118750 0.334028 0.101562 0.193056
3 0.456641 0.313889 0.064844 0.172222
0 0.888281 0.831250 0.137500 0.237500
0 0.775000 0.192361 0.098437 0.101389