4 0.748047 0.984028 0.152344 0.384722
4 0.582031 1.009028 0.106250 0.248611
4 0.879687 1.036111 0.114062 0.236111
-1 0.798828 0.195139 0.027344 0.129167
-1 0.767969 0.213194 0.026562 0.106944
-1 0.502734 0.389583 0.033594 0.154167
-1 0.755469 0.609028 0.046875 0.145833
-1 0.917969 0.589583 0.050000 0.109722
-1 0.525781 0.560417 0.031250 0.168056
-1 0.892578 0.563194 0.035156 0.115278
-1 0.690625 0.567361 0.045312 0.156944
-1 0.644141 0.570833 0.036719 0.152778
-1 0.776172 0.458333 0.035156 0.097222
-1 0.566406 0.393056 0.054688 0.094444
-1 0.850000 0.547222 0.037500 0.116667
-1 0.893750 0.862500 0.037500 0.116667
4 0.891406 0.715972 0.270313 0.179167
-1 0.344531 0.364583 0.039062 0.098611
-1 0.360547 0.425000 0.038281 0.097222
-1 0.458203 0.393750 0.049219 0.109722
-1 0.626953 0.522917 0.028906 0.154167
-1 0.163672 0.834028 0.041406 0.176389
-1 0.673438 0.911806 0.029687 0.134722
-1 0.643750 0.877083 0.045312 0.179167
-1 0.610938 0.443056 0.037500 0.138889
-1 0.588672 0.605556 0.033594 0.130556
-1 0.484375 0.301389 0.035937 0.138889
-1 0.553125 0.575000 0.026562 0.158333
-1 0.106250 0.384722 0.028125 0.105556
-1 0.820312 0.540972 0.031250 0.148611
-1 0.155078 0.429167 0.036719 0.108333
-1 0.338672 0.206944 0.036719 0.138889
-1 0.253906 0.209028 0.039062 0.137500
-1 0.206250 0.282639 0.042188 0.143056