1 0.118750 0.629861 0.150000 0.262500
-1 0.118359 0.559722 0.082031 0.155556
1 0.464453 0.465278 0.089844 0.130556
-1 0.471094 0.494444 0.057813 0.088889
-1 0.462891 0.238194 0.092969 0.118056
1 0.358203 0.336806 0.066406 0.070833
1 0.333984 0.488194 0.069531 0.101389
-1 0.335156 0.498611 0.042188 0.069444
0 0.176953 0.339583 0.052344 0.098611
1 0.650391 0.377778 0.066406 0.077778
1 0.487109 0.573611 0.102344 0.127778
1 0.032422 0.536806 0.063281 0.081944
-1 0.046094 0.540972 0.043750 0.065278
2 0.553125 0.569444 0.060937 0.094444
2 0.776953 0.467361 0.049219 0.079167
2 0.926172 0.734722 0.069531 0.130556
0 0.861328 0.500694 0.113281 0.118056
0 0.914844 0.379861 0.070312 0.087500