1 0.054297 0.370139 0.061719 0.090278
0 0.123438 0.688194 0.137500 0.123611
0 0.157422 0.929861 0.163281 0.140278
1 0.425000 0.851389 0.112500 0.161111
-1 0.428516 0.852778 0.080469 0.113889
0 0.328906 0.815278 0.112500 0.125000
1 0.508984 0.455556 0.077344 0.083333
0 0.133984 0.229861 0.075781 0.087500
0 0.377344 0.231944 0.114062 0.069444
0 0.487891 0.622917 0.121094 0.098611
5 0.358594 0.426389 0.062500 0.102778
0 0.632422 0.425694 0.053906 0.076389
0 0.784766 0.729167 0.069531 0.122222
1 0.805469 0.512500 0.085938 0.113889
1 0.730859 0.536806 0.071094 0.093056
0 0.236719 0.434722 0.062500 0.066667
1 0.683984 0.775000 0.074219 0.102778
4 0.538281 0.970833 0.039062 0.044444
0 0.587109 0.563194 0.074219 0.070833