-1 0.214453 0.795139 0.044531 0.156944
-1 0.104688 0.831944 0.031250 0.177778
-1 0.135547 0.865278 0.038281 0.169444
-1 0.059375 0.764583 0.050000 0.198611
-1 0.403125 0.648611 0.043750 0.194444
-1 0.529297 0.620833 0.047656 0.116667
-1 0.545312 0.593056 0.039062 0.150000
-1 0.598437 0.333333 0.045312 0.175000
-1 0.559375 0.404167 0.073438 0.091667
-1 0.508984 0.395139 0.028906 0.134722
-1 0.441016 0.370833 0.047656 0.169444
-1 0.294531 0.508333 0.053125 0.172222
-1 0.370703 0.486111 0.049219 0.125000
-1 0.341406 0.607639 0.048438 0.195833
-1 0.095312 0.601389 0.051562 0.130556
-1 0.131250 0.656250 0.035937 0.151389
-1 0.242578 0.473611 0.049219 0.186111
-1 0.198828 0.475694 0.053906 0.143056
-1 0.180078 0.431944 0.047656 0.163889
-1 0.179688 0.643056 0.042188 0.052778
-1 0.105859 0.496528 0.038281 0.181944
-1 0.441797 0.550694 0.035156 0.156944
-1 0.335547 0.402083 0.035156 0.145833
-1 0.058203 0.477778 0.033594 0.163889
-1 0.520703 0.234722 0.049219 0.175000
-1 0.848047 0.318056 0.044531 0.105556
-1 0.782422 0.227083 0.039844 0.129167
4 0.728906 0.809028 0.279687 0.306944
-1 0.852344 0.172917 0.048438 0.143056