0 0.343750 0.563194 0.114062 0.143056
0 0.123828 0.488889 0.103906 0.116667
0 0.095703 0.627778 0.122656 0.133333
0 0.295703 0.681250 0.127344 0.137500
0 0.562109 0.540278 0.103906 0.122222
1 0.517578 0.748611 0.111719 0.177778
-1 0.492578 0.759722 0.047656 0.130556
1 0.582422 0.337500 0.086719 0.111111
-1 0.555469 0.291667 0.029687 0.055556
0 0.463281 0.234028 0.068750 0.168056
0 0.601562 0.052778 0.075000 0.105556
0 0.739062 0.356250 0.120313 0.115278
0 0.738281 0.506944 0.109375 0.136111
0 0.743359 0.657639 0.114844 0.184722
3 0.241406 0.332639 0.067187 0.301389
3 0.362109 0.203472 0.086719 0.193056
3 0.217969 0.609722 0.057813 0.247222
0 0.726953 0.813889 0.099219 0.169444