4 0.569922 0.981250 0.149219 0.170833
4 0.812891 0.680556 0.085156 0.213889
4 0.908594 0.886111 0.171875 0.150000
4 0.717969 0.711806 0.071875 0.168056
4 0.903125 0.700000 0.073438 0.152778
-1 0.682031 0.188194 0.020313 0.095833
-1 0.657031 0.201389 0.021875 0.088889
-1 0.534766 0.336111 0.021094 0.094444
-1 0.737109 0.447917 0.032031 0.098611
-1 0.956250 0.338194 0.023438 0.090278
-1 0.859375 0.394444 0.028125 0.086111
-1 0.369531 0.292361 0.026562 0.087500
-1 0.339844 0.249306 0.029687 0.104167
-1 0.285938 0.229167 0.025000 0.077778
-1 0.584375 0.425000 0.018750 0.102778
-1 0.807813 0.406250 0.025000 0.081944
-1 0.687891 0.425694 0.027344 0.095833
-1 0.658594 0.429861 0.023438 0.098611
-1 0.732031 0.326389 0.028125 0.075000
-1 0.577734 0.320833 0.032031 0.055556
-1 0.786328 0.391667 0.024219 0.075000