0 0.526172 1.018056 0.166406 0.269444
1 0.105859 0.886111 0.197656 0.286111
1 0.205078 0.461806 0.113281 0.218056
1 0.421875 0.551389 0.146875 0.213889
-1 0.432031 0.535417 0.071875 0.151389
0 0.690625 0.663194 0.156250 0.218056
1 0.404297 1.039583 0.116406 0.262500
1 0.077344 0.393056 0.115625 0.211111
-1 0.123828 0.339583 0.058594 0.093056
-1 0.074609 0.411111 0.074219 0.119444
3 0.321484 0.412500 0.064844 0.172222
0 0.745703 0.343750 0.125781 0.129167
0 0.937109 0.281250 0.125781 0.131944
0 0.811719 0.650694 0.125000 0.237500
4 0.863672 0.895139 0.052344 0.065278
3 0.626563 0.876389 0.084375 0.080556
3 0.329688 0.836111 0.145313 0.211111
4 0.758984 0.184028 0.019531 0.054167
3 0.288672 0.319444 0.142969 0.113889
4 0.110547 0.694444 0.050781 0.077778