4 0.658203 0.914583 0.027344 0.084722
1 0.382812 0.814583 0.192188 0.265278
4 0.019141 0.518056 0.038281 0.050000
0 0.329297 0.359028 0.216406 0.209722
0 0.178906 0.290972 0.107813 0.093056
0 0.021094 0.236806 0.159375 0.151389
0 0.592578 0.468056 0.260156 0.213889
4 0.840625 0.620833 0.031250 0.075000
4 0.899609 0.559028 0.053906 0.073611
4 0.721484 0.344444 0.046094 0.052778
4 0.874609 0.397917 0.028906 0.048611
1 0.575391 0.225694 0.192969 0.101389
5 0.169141 0.718056 0.075781 0.136111
4 0.820703 0.670833 0.042969 0.061111
4 0.755859 0.393056 0.022656 0.047222
4 0.625000 0.311806 0.040625 0.040278
-1 0.388672 0.797222 0.157031 0.119444
0 0.892969 0.131944 0.093750 0.130556