1 0.102344 0.707639 0.153125 0.120833
-1 0.074609 0.686111 0.074219 0.069444
1 0.525391 0.538889 0.167969 0.127778
0 0.375781 0.704861 0.132812 0.098611
0 0.332031 0.488889 0.118750 0.105556
4 0.310156 0.302778 0.026562 0.038889
4 0.260547 0.274306 0.036719 0.048611
4 0.489844 0.229861 0.026562 0.045833
4 0.505469 0.254861 0.031250 0.043056
4 0.420312 0.262500 0.026562 0.033333
0 0.602344 0.342361 0.110937 0.081944
5 0.528516 0.419444 0.130469 0.119444
5 0.652344 0.729861 0.101562 0.198611
0 0.719141 0.252083 0.094531 0.065278
0 0.346094 0.145833 0.143750 0.088889
1 0.498437 0.130556 0.079687 0.055556
0 0.204687 0.190972 0.110937 0.068056
4 0.408594 0.344444 0.031250 0.038889