-1 0.260937 0.951389 0.050000 0.222222
-1 0.201953 0.884722 0.046094 0.227778
-1 0.181250 0.381250 0.071875 0.162500
-1 0.341406 1.034028 0.028125 0.184722
-1 0.475391 0.597917 0.027344 0.154167
-1 0.405859 0.652083 0.046094 0.173611
-1 0.542188 0.480556 0.067187 0.161111
-1 0.707031 0.618056 0.037500 0.144444
-1 0.574219 0.588194 0.032813 0.104167
-1 0.798828 0.234722 0.035156 0.144444
-1 0.296484 0.237500 0.041406 0.161111
-1 0.198828 0.236806 0.042969 0.126389
-1 0.722656 0.478472 0.042188 0.245833
-1 0.729688 0.406944 0.029687 0.150000
-1 0.631250 0.241667 0.054688 0.175000
-1 0.707031 0.197917 0.040625 0.179167
-1 0.483203 0.975694 0.025781 0.140278
-1 0.655469 0.562500 0.028125 0.125000
-1 0.601562 0.504167 0.032813 0.113889
-1 0.607422 0.602778 0.032031 0.083333
-1 0.715625 0.776389 0.029687 0.141667
-1 0.580859 0.101389 0.036719 0.150000
-1 0.596094 0.203472 0.046875 0.165278
4 0.457813 0.777083 0.151562 0.259722
-1 0.669922 0.857639 0.028906 0.176389
-1 0.865625 0.656944 0.031250 0.216667
-1 0.768359 0.897917 0.036719 0.198611
-1 0.803125 0.894444 0.029687 0.180556
-1 0.779687 0.654861 0.039062 0.162500
-1 0.912500 0.842361 0.032813 0.165278
-1 0.957031 0.828472 0.035937 0.093056