-1 0.398828 0.945833 0.042969 0.150000
-1 0.277734 0.930556 0.041406 0.136111
-1 0.765234 0.844444 0.041406 0.183333
-1 0.712109 0.834028 0.038281 0.187500
-1 0.337500 0.589583 0.042188 0.140278
-1 0.084375 0.738889 0.057813 0.180556
-1 0.056250 0.828472 0.043750 0.187500
-1 0.426172 0.447222 0.064844 0.147222
-1 0.189062 0.479861 0.034375 0.120833
-1 0.038672 0.720139 0.041406 0.170833
-1 0.860156 0.901389 0.029687 0.194444
-1 0.744922 0.522917 0.024219 0.140278
-1 0.724219 0.635417 0.043750 0.165278
-1 0.747656 0.473611 0.039062 0.180556
-1 0.907031 0.661111 0.039062 0.133333
-1 0.912891 0.461111 0.032031 0.125000
-1 0.813281 0.488194 0.031250 0.098611
-1 0.794922 0.146528 0.033594 0.137500
-1 0.452344 0.286111 0.037500 0.147222
-1 0.386719 0.306250 0.040625 0.120833
-1 0.832422 0.281944 0.028906 0.166667
-1 0.845703 0.304167 0.025781 0.130556
-1 0.912891 0.349306 0.036719 0.098611
-1 0.701953 0.181944 0.049219 0.158333
-1 0.716016 0.159028 0.032031 0.140278
-1 0.936719 0.861806 0.032813 0.179167
-1 0.921484 0.848611 0.032031 0.180556
-1 0.880469 0.475000 0.028125 0.125000
-1 0.802344 0.402778 0.029687 0.102778
-1 0.846484 0.479861 0.033594 0.087500
-1 0.974219 0.547222 0.028125 0.100000