4 0.671484 0.755556 0.060156 0.075000
4 0.119922 0.734722 0.089844 0.094444
4 0.259375 0.663889 0.054688 0.083333
4 0.316797 0.696528 0.072656 0.068056
4 0.623437 0.534722 0.053125 0.061111
4 0.686328 0.409028 0.044531 0.093056
1 0.230469 0.468056 0.187500 0.247222
4 0.777734 0.670833 0.067969 0.052778
4 0.755859 0.581944 0.058594 0.050000
4 0.734766 0.477083 0.064844 0.056944
4 0.977734 0.454167 0.042969 0.072222
4 0.792578 0.357639 0.058594 0.084722
4 0.898438 0.419444 0.057813 0.072222
1 0.919922 0.613889 0.158594 0.155556
0 0.045312 0.510417 0.175000 0.212500