-1 0.685156 0.511806 0.040625 0.143056
-1 0.613281 0.539583 0.031250 0.101389
-1 0.679688 0.809722 0.021875 0.080556
-1 0.671875 0.875000 0.023438 0.105556
-1 0.266797 0.845833 0.022656 0.083333
-1 0.790625 0.718056 0.031250 0.144444
-1 0.889844 1.002083 0.025000 0.134722
-1 0.859766 0.951389 0.017969 0.091667
-1 0.741016 0.879861 0.025781 0.115278
-1 0.722266 0.835417 0.024219 0.145833
-1 0.864844 0.393750 0.026562 0.118056
-1 0.830859 0.383333 0.027344 0.133333
-1 0.892188 0.556944 0.025000 0.100000
-1 0.900781 0.695833 0.031250 0.113889
-1 0.834375 0.834028 0.032813 0.062500
-1 0.785156 0.870139 0.026562 0.106944
-1 0.500781 0.292361 0.031250 0.104167
-1 0.433203 0.415278 0.036719 0.116667
-1 0.440625 0.484028 0.032813 0.140278
-1 0.822266 0.706944 0.028906 0.152778
-1 0.532031 0.183333 0.043750 0.100000
-1 0.416406 0.243750 0.023438 0.081944
-1 0.381250 0.425694 0.028125 0.115278