-1 0.290625 0.979167 0.045312 0.158333
-1 0.159766 0.963889 0.041406 0.136111
-1 0.693750 0.897917 0.045312 0.201389
-1 0.641016 0.900000 0.039844 0.197222
-1 0.298828 0.605556 0.050781 0.169444
-1 0.026562 0.731944 0.054688 0.172222
-1 0.412891 0.472222 0.064844 0.147222
-1 0.152344 0.465972 0.034375 0.120833
-1 0.794922 0.975694 0.025781 0.168056
-1 0.736328 0.593056 0.025781 0.147222
-1 0.692969 0.679861 0.043750 0.165278
-1 0.776563 0.547222 0.050000 0.230556
-1 0.888281 0.754861 0.040625 0.140278
-1 0.919922 0.540278 0.032031 0.125000
-1 0.813281 0.552083 0.032813 0.104167
-1 0.853516 0.203472 0.033594 0.137500
-1 0.466406 0.311806 0.039062 0.154167
-1 0.391797 0.331250 0.042969 0.126389
-1 0.867188 0.363889 0.032813 0.191667
-1 0.865625 0.362500 0.029687 0.150000
-1 0.952734 0.426389 0.042969 0.113889
-1 0.750391 0.227778 0.057031 0.183333
-1 0.764453 0.199306 0.036719 0.162500
-1 0.889844 0.949306 0.029687 0.162500
-1 0.869141 0.941667 0.032031 0.180556
-1 0.882812 0.548611 0.028125 0.125000
-1 0.811719 0.468056 0.032813 0.113889
-1 0.841016 0.554861 0.036719 0.095833
-1 0.984375 0.652778 0.029687 0.105556
-1 0.648828 0.147917 0.035156 0.143056
-1 0.684766 0.223611 0.038281 0.136111
4 0.187891 0.316667 0.203906 0.158333
4 0.292969 0.281250 0.185938 0.195833
4 0.086719 0.406944 0.139063 0.191667
4 0.793359 0.712500 0.144531 0.247222