1 0.194922 0.772917 0.202344 0.279167
0 0.233984 0.311806 0.227344 0.220833
0 0.105078 0.229861 0.113281 0.098611
0 0.491016 0.452778 0.272656 0.225000
4 0.757812 0.647917 0.028125 0.068056
4 0.896875 0.652778 0.062500 0.086111
4 0.691406 0.358333 0.053125 0.061111
4 0.848437 0.431250 0.035937 0.059722
1 0.560156 0.213889 0.223438 0.116667
4 0.714063 0.704861 0.046875 0.068056
4 0.716406 0.409028 0.025000 0.051389
4 0.588672 0.309722 0.042969 0.041667
-1 0.193359 0.755556 0.157031 0.119444
0 0.926562 0.157639 0.098437 0.137500