0 0.104688 0.380556 0.139063 0.080556
0 0.202344 0.468750 0.132812 0.090278
0 0.229297 0.244444 0.121094 0.075000
0 0.521875 0.240278 0.112500 0.066667
0 0.364453 0.546528 0.138281 0.109722
5 0.314844 0.339583 0.079687 0.098611
0 0.590234 0.272917 0.142969 0.079167
0 0.664062 0.102778 0.112500 0.066667
0 0.553516 0.379167 0.122656 0.077778
0 0.614844 0.670833 0.179688 0.130556
0 0.758203 0.495833 0.105469 0.072222
0 0.657422 0.447222 0.110156 0.069444
5 0.512500 0.519444 0.131250 0.125000
3 0.089063 0.636111 0.125000 0.211111
3 0.218359 0.759722 0.124219 0.144444