0 0.040625 0.406944 0.081250 0.077778
5 0.094922 0.529861 0.116406 0.148611
0 0.225781 0.442361 0.104688 0.148611
0 0.201563 0.309028 0.051562 0.073611
4 0.310156 0.525000 0.025000 0.041667
4 0.335938 0.699306 0.028125 0.045833
4 0.311328 0.644444 0.030469 0.055556
1 0.424219 0.438194 0.060937 0.087500
4 0.237891 0.737500 0.038281 0.055556
4 0.410547 0.970833 0.038281 0.052778
2 0.575000 0.610417 0.073438 0.065278
0 0.733984 0.631250 0.089844 0.120833
1 0.557813 0.364583 0.062500 0.079167
-1 0.545703 0.365278 0.024219 0.050000
0 0.480859 0.483333 0.067969 0.122222
4 0.675000 0.708333 0.018750 0.047222
4 0.657031 0.661111 0.020313 0.041667
4 0.619531 0.740278 0.023438 0.030556
4 0.594141 0.792361 0.030469 0.031944
4 0.439063 0.707639 0.017188 0.048611
0 0.386328 0.701389 0.075781 0.119444
4 0.171875 0.656944 0.014063 0.052778
0 0.820312 0.522222 0.064062 0.077778
0 0.771094 0.738194 0.076563 0.118056
0 0.874609 0.738194 0.072656 0.118056