1 0.200000 0.956944 0.123438 0.177778
-1 0.204687 0.935417 0.089063 0.126389
0 0.084766 0.916667 0.124219 0.138889
1 0.339062 0.506250 0.081250 0.087500
0 0.211328 0.259028 0.138281 0.084722
0 0.293359 0.695833 0.133594 0.108333
5 0.167969 0.479167 0.068750 0.113889
0 0.482031 0.468056 0.059375 0.083333
0 0.628516 0.811111 0.080469 0.141667
1 0.666406 0.559722 0.095312 0.125000
1 0.579297 0.588889 0.067969 0.088889
0 0.024219 0.487500 0.079687 0.086111
1 0.505469 0.862500 0.085938 0.119444
0 0.412891 0.623611 0.082031 0.077778
1 0.498828 0.295139 0.057031 0.068056
0 0.624219 0.438889 0.075000 0.083333
1 0.725000 0.420833 0.062500 0.063889
0 0.676562 0.328472 0.057813 0.054167
0 0.717578 0.277778 0.058594 0.052778
0 0.889844 0.423611 0.067187 0.077778