1 0.096484 0.453472 0.078906 0.101389
-1 0.108203 0.413889 0.041406 0.077778
0 0.103125 0.305556 0.062500 0.152778
0 0.170703 0.614583 0.114844 0.109722
0 0.080469 0.714583 0.132812 0.165278
5 0.339844 0.604167 0.110937 0.141667
5 0.368750 0.706250 0.056250 0.112500
0 0.382422 0.425000 0.121094 0.172222
0 0.249219 0.302778 0.065625 0.094444
4 0.462891 0.465278 0.028906 0.047222
4 0.650781 0.547917 0.028125 0.045833
4 0.605078 0.519444 0.025781 0.047222
0 0.175000 0.155556 0.089063 0.122222
1 0.553125 0.244444 0.073438 0.105556
4 0.603906 0.672222 0.034375 0.050000
4 0.836719 0.695139 0.032813 0.062500
2 0.746484 0.284722 0.066406 0.100000