0 0.282813 0.915972 0.090625 0.154167
0 0.155859 0.870833 0.110156 0.216667
0 0.534766 0.550694 0.091406 0.109722
1 0.351953 0.600000 0.089844 0.138889
-1 0.346875 0.588194 0.040625 0.079167
0 0.231250 0.614583 0.073438 0.118056
0 0.245703 0.395833 0.072656 0.080556
0 0.375781 0.158333 0.051562 0.072222
0 0.375781 0.125694 0.060937 0.054167
0 0.437891 0.350694 0.071094 0.123611
1 0.668359 0.781944 0.091406 0.202778
3 0.597266 0.980556 0.077344 0.202778
3 0.221484 0.737500 0.186719 0.086111
3 0.295312 0.191667 0.039062 0.127778
0 0.472656 0.529167 0.065625 0.091667
0 0.330859 0.284722 0.042969 0.080556
0 0.780469 0.774306 0.060937 0.095833
5 0.773047 0.552083 0.103906 0.148611
0 0.598437 0.141667 0.050000 0.077778
1 0.639844 0.159028 0.059375 0.087500