-1 0.644531 0.678472 0.032813 0.118056
-1 0.591406 0.741667 0.028125 0.161111
-1 0.621484 0.759722 0.038281 0.169444
-1 0.506641 0.670833 0.047656 0.188889
-1 0.425000 0.717361 0.045312 0.179167
-1 0.381641 0.695833 0.044531 0.183333
-1 0.798047 0.524306 0.041406 0.184722
-1 0.858203 0.497917 0.041406 0.101389
-1 0.905469 0.459028 0.028125 0.106944
-1 0.902344 0.212500 0.040625 0.158333
-1 0.876172 0.284722 0.060156 0.075000
-1 0.833594 0.254861 0.025000 0.115278
-1 0.787500 0.248611 0.034375 0.119444
-1 0.657422 0.409722 0.050781 0.163889
-1 0.731641 0.367361 0.036719 0.093056
-1 0.712891 0.484722 0.041406 0.169444
-1 0.026953 0.647222 0.044531 0.180556
-1 0.593750 0.217361 0.028125 0.193056
-1 0.628516 0.225000 0.039844 0.158333
-1 0.451172 0.245833 0.042969 0.116667
4 0.692969 0.955556 0.345313 0.225000
4 0.276562 0.418750 0.259375 0.218056
-1 0.387109 0.493750 0.044531 0.148611
-1 0.494922 0.520833 0.049219 0.125000
-1 0.537500 0.533333 0.031250 0.130556
-1 0.605078 0.381944 0.044531 0.169444
-1 0.553906 0.379167 0.051562 0.136111
-1 0.523438 0.327778 0.045312 0.155556
-1 0.554688 0.217361 0.043750 0.162500