1 0.225781 0.936111 0.123438 0.177778
-1 0.225000 0.938889 0.084375 0.119444
0 0.113672 0.890972 0.117969 0.131944
1 0.358594 0.492361 0.081250 0.087500
0 0.231641 0.250694 0.138281 0.084722
0 0.316797 0.679167 0.133594 0.108333
5 0.192969 0.465278 0.068750 0.113889
0 0.500781 0.459722 0.059375 0.083333
0 0.646484 0.797222 0.080469 0.141667
1 0.683594 0.550000 0.095312 0.125000
1 0.596484 0.577778 0.067969 0.088889
0 0.048047 0.474306 0.075781 0.081944
1 0.526172 0.844444 0.082031 0.113889
0 0.432422 0.611111 0.082031 0.077778
1 0.515234 0.286111 0.053906 0.063889
0 0.638281 0.431944 0.075000 0.083333