0 0.256250 0.513194 0.114062 0.143056
0 0.051953 0.395833 0.103906 0.116667
0 0.009375 0.529861 0.117188 0.126389
0 0.194141 0.618056 0.133594 0.144444
0 0.476562 0.538889 0.109375 0.127778
1 0.412891 0.734722 0.111719 0.177778
-1 0.384766 0.734722 0.047656 0.130556
1 0.516016 0.338889 0.086719 0.111111
-1 0.493750 0.288889 0.032813 0.061111
0 0.407813 0.214583 0.071875 0.176389
0 0.565234 0.055556 0.078906 0.111111
0 0.670312 0.389583 0.120313 0.115278
0 0.659766 0.542361 0.114844 0.143056
0 0.653125 0.695833 0.120313 0.194444
3 0.182031 0.261806 0.064062 0.287500
3 0.312891 0.188194 0.086719 0.193056
3 0.121094 0.522222 0.057813 0.247222
0 0.616797 0.851389 0.099219 0.169444
0 0.872266 0.656250 0.122656 0.168056
0 0.872656 0.806250 0.092188 0.145833