1 0.187109 0.561806 0.100781 0.090278
0 0.296094 0.534028 0.100000 0.090278
1 0.275000 0.459028 0.073438 0.073611
3 0.172266 0.700694 0.078906 0.109722
3 0.102344 0.602083 0.084375 0.251389
1 0.142578 0.273611 0.069531 0.063889
1 0.146875 0.393056 0.085938 0.075000
1 0.128906 0.178472 0.078125 0.073611
0 0.468359 0.256944 0.071094 0.058333
0 0.563281 0.172222 0.054688 0.047222
1 0.705859 0.376389 0.064844 0.055556
0 0.763281 0.521528 0.064062 0.065278
4 0.689844 0.474306 0.037500 0.029167
4 0.548828 0.468056 0.019531 0.047222
4 0.538672 0.293056 0.019531 0.030556
1 0.338281 0.120139 0.071875 0.045833
0 0.626953 0.422917 0.082031 0.076389