0 0.264844 0.309028 0.225000 0.184722
4 0.829297 0.719444 0.069531 0.094444
4 0.578516 0.265972 0.058594 0.068056
4 0.737500 0.356250 0.037500 0.062500
4 0.458203 0.627778 0.060156 0.086111
4 0.597266 0.322917 0.028906 0.059722
4 0.479297 0.200000 0.044531 0.044444
0 0.944141 0.074306 0.108594 0.151389
4 0.825000 0.593750 0.062500 0.084722
4 0.653906 0.161806 0.028125 0.054167
4 0.844531 0.079167 0.028125 0.058333
4 0.788281 0.321528 0.048438 0.070833
4 0.884375 0.293056 0.050000 0.061111
4 0.867188 0.543056 0.034375 0.066667