0 0.133984 0.529167 0.082031 0.075000
1 0.125000 0.447917 0.073438 0.073611
0 0.366016 0.269444 0.071094 0.058333
0 0.480859 0.197222 0.069531 0.061111
1 0.558203 0.404167 0.061719 0.052778
0 0.585938 0.553472 0.078125 0.079167
4 0.528906 0.504167 0.035937 0.027778
4 0.388281 0.483333 0.018750 0.044444
4 0.430859 0.313889 0.019531 0.030556
0 0.478516 0.454861 0.089844 0.084722
1 0.627344 0.437500 0.075000 0.088889
0 0.676953 0.580556 0.086719 0.086111
0 0.778906 0.404861 0.059375 0.065278
0 0.741797 0.358333 0.046094 0.055556
0 0.809766 0.746528 0.078906 0.112500
5 0.404297 0.802778 0.217969 0.275000
5 0.274609 0.372222 0.078906 0.088889
1 0.703516 0.709722 0.077344 0.108333
-1 0.707031 0.727778 0.059375 0.063889