0 0.049219 0.575694 0.098437 0.123611
0 0.194922 0.730556 0.103906 0.122222
1 0.071875 0.848611 0.106250 0.169444
-1 0.050391 0.831944 0.047656 0.130556
1 0.294922 0.584722 0.086719 0.111111
-1 0.294922 0.533333 0.039844 0.075000
0 0.250781 0.431250 0.068750 0.168056
0 0.411719 0.725694 0.120313 0.115278
0 0.352734 0.857639 0.114844 0.143056
3 0.053125 0.399306 0.060937 0.273611
3 0.192578 0.336111 0.091406 0.158333
5 0.546484 0.635417 0.105469 0.134722
5 0.643359 0.739583 0.064844 0.129167
0 0.568359 0.450000 0.121094 0.172222
0 0.412891 0.379861 0.072656 0.104167
4 0.652734 0.462500 0.030469 0.050000
4 0.842969 0.477083 0.026562 0.043056
4 0.804297 0.465278 0.027344 0.050000
0 0.289062 0.238889 0.093750 0.127778
1 0.696484 0.206944 0.077344 0.111111