1 0.585938 0.263889 0.125000 0.147222
1 0.777734 0.700000 0.121094 0.188889
-1 0.775391 0.675694 0.091406 0.090278
0 0.375781 0.721528 0.135937 0.104167
1 0.219922 0.439583 0.138281 0.176389
0 0.237500 0.229167 0.137500 0.133333
1 0.162500 0.148611 0.129688 0.105556
-1 0.136328 0.140972 0.080469 0.087500
0 0.447656 0.236806 0.087500 0.101389
4 0.792578 0.397917 0.036719 0.068056
4 0.365234 0.375694 0.044531 0.043056
4 0.582031 0.396528 0.051562 0.040278
0 0.396094 0.489583 0.084375 0.126389
0 0.477344 0.504167 0.101562 0.125000
4 0.554688 0.859028 0.026562 0.090278
0 0.860156 0.566667 0.073438 0.091667