0 0.010547 0.890972 0.074219 0.068056
1 0.004687 0.829167 0.076563 0.077778
0 0.327734 0.681944 0.078906 0.063889
0 0.476953 0.623611 0.057031 0.050000
1 0.462891 0.843056 0.067969 0.058333
0 0.394531 0.988194 0.078125 0.079167
4 0.399219 0.943056 0.035937 0.027778
4 0.271094 0.887500 0.018750 0.044444
4 0.385937 0.733333 0.021875 0.033333
0 0.358203 0.878472 0.099219 0.093056
1 0.535156 0.888889 0.075000 0.088889
0 0.499609 1.002083 0.091406 0.090278
0 0.711719 0.878472 0.056250 0.062500
0 0.691797 0.826389 0.050781 0.061111
5 0.152344 0.773611 0.056250 0.063889
0 0.618359 1.004167 0.053906 0.069444