-1 0.325391 0.779167 0.038281 0.136111
-1 0.221094 0.833333 0.028125 0.161111
-1 0.252734 0.866667 0.039844 0.177778
-1 0.173437 0.770139 0.050000 0.198611
-1 0.064453 0.809028 0.052344 0.206944
-1 0.025000 0.779861 0.046875 0.193056
-1 0.512891 0.649306 0.046094 0.204167
-1 0.628125 0.625000 0.045312 0.111111
-1 0.650000 0.588194 0.037500 0.143056
-1 0.700000 0.336111 0.045312 0.175000
-1 0.658203 0.406250 0.069531 0.087500
-1 0.614453 0.397917 0.028906 0.134722
-1 0.536328 0.366667 0.047656 0.169444
-1 0.400000 0.509722 0.053125 0.172222
-1 0.475391 0.487500 0.049219 0.125000
-1 0.447266 0.608333 0.046094 0.186111
4 0.002734 0.479861 0.272656 0.229167
-1 0.098828 0.580556 0.049219 0.163889
-1 0.197656 0.606944 0.051562 0.130556
-1 0.239063 0.654861 0.035937 0.151389
-1 0.344922 0.475000 0.049219 0.186111
-1 0.301563 0.477778 0.051562 0.136111
-1 0.282422 0.431944 0.047656 0.163889
-1 0.281641 0.641667 0.039844 0.050000
-1 0.210938 0.480556 0.042188 0.200000
-1 0.553516 0.554861 0.038281 0.173611
-1 0.440234 0.414583 0.035156 0.145833
-1 0.162891 0.475000 0.033594 0.163889
-1 0.687109 0.253472 0.053906 0.193056