0 0.450000 0.841667 0.085938 0.147222
0 0.325781 0.841667 0.095312 0.186111
0 0.128906 0.799306 0.082812 0.159722
0 0.044531 0.501389 0.079687 0.113889
0 0.597656 0.456250 0.075000 0.090278
1 0.450000 0.552778 0.081250 0.125000
-1 0.437891 0.539583 0.038281 0.076389
0 0.339062 0.599306 0.073438 0.118056
0 0.637500 0.883333 0.070312 0.125000
0 0.311328 0.401389 0.072656 0.080556
0 0.376953 0.159722 0.049219 0.069444
0 0.366016 0.116667 0.052344 0.047222
0 0.474609 0.309028 0.067969 0.118056
1 0.737891 0.617361 0.067969 0.151389
3 0.713672 0.886806 0.057031 0.298611
3 0.353125 0.700000 0.126562 0.058333
3 0.125391 0.945833 0.103906 0.105556
3 0.309766 0.222222 0.032031 0.105556
3 0.058203 0.750694 0.091406 0.173611