0 0.137891 0.914583 0.072656 0.101389
1 0.273438 0.697222 0.065625 0.077778
0 0.346875 0.893056 0.095312 0.105556
1 0.467578 0.884028 0.083594 0.084722
0 0.465625 0.757639 0.064062 0.059722
0 0.547266 0.698611 0.067969 0.061111
0 0.701562 0.906250 0.085938 0.098611
1 0.560156 0.577083 0.064062 0.059722
1 0.105078 0.821528 0.078906 0.065278
4 0.792969 0.696528 0.032813 0.040278
1 0.343750 0.727083 0.060937 0.076389
-1 0.348828 0.720833 0.042969 0.052778
1 0.578906 0.895833 0.087500 0.144444
0 0.716016 0.696528 0.083594 0.123611
0 0.458203 0.513194 0.074219 0.056944
0 0.305859 0.410417 0.055469 0.056944
0 0.604688 0.415278 0.075000 0.066667