1 0.417969 0.349306 0.106250 0.118056
-1 0.414062 0.339583 0.082812 0.081944
-1 0.447656 0.572222 0.137500 0.158333
0 0.226953 0.391667 0.102344 0.147222
4 0.169531 0.427778 0.026562 0.072222
4 0.024609 0.479167 0.025781 0.072222
1 0.096094 0.588194 0.100000 0.112500
-1 0.082031 0.593056 0.060937 0.091667
1 0.093359 0.435417 0.082031 0.140278
0 0.613672 0.186111 0.092969 0.105556
1 0.398047 0.211111 0.091406 0.086111
2 0.330078 0.298611 0.064844 0.172222
4 0.539062 0.181944 0.039062 0.058333
0 0.216016 0.677778 0.155469 0.316667
4 0.119922 0.824306 0.044531 0.059722
4 0.200000 0.880556 0.039062 0.047222
1 0.906641 0.621528 0.130469 0.218056
5 0.785937 0.342361 0.129688 0.184722