0 0.045703 0.156944 0.238281 0.230556
0 0.320703 0.320833 0.272656 0.225000
4 0.855078 0.675000 0.069531 0.094444
4 0.612891 0.263194 0.058594 0.068056
4 0.774219 0.350694 0.037500 0.062500
1 0.538281 0.127778 0.234375 0.122222
4 0.539453 0.626389 0.060156 0.086111
4 0.633203 0.320139 0.028906 0.059722
4 0.512109 0.204167 0.044531 0.044444
0 0.935156 0.072222 0.103125 0.144444
4 0.875000 0.581944 0.056250 0.077778
4 0.670312 0.161806 0.028125 0.054167
4 0.840625 0.079167 0.026562 0.055556
4 0.811719 0.314583 0.048438 0.070833
4 0.901172 0.283333 0.047656 0.058333
4 0.910937 0.525000 0.034375 0.066667