0 0.019531 0.343056 0.126562 0.086111
0 0.107813 0.143750 0.109375 0.068056
0 0.372656 0.166667 0.112500 0.066667
0 0.143359 0.435417 0.138281 0.109722
5 0.164844 0.241667 0.092188 0.113889
0 0.419531 0.198611 0.129688 0.072222
0 0.537109 0.048611 0.102344 0.061111
0 0.364063 0.289583 0.117188 0.073611
0 0.342187 0.562500 0.179688 0.130556
0 0.515234 0.423611 0.105469 0.072222
0 0.451172 0.361111 0.110156 0.069444
5 0.297656 0.413194 0.151562 0.145833
3 0.027344 0.599306 0.112500 0.131944
3 0.169141 0.735417 0.146094 0.165278
0 0.728906 0.391667 0.120313 0.091667
0 0.874219 0.659722 0.132812 0.127778
0 0.488281 0.686806 0.201563 0.176389