-1 0.532422 0.677778 0.036719 0.130556
-1 0.450000 0.698611 0.032813 0.105556
-1 0.586719 0.914583 0.034375 0.159722
-1 0.753906 0.586111 0.029687 0.130556
-1 0.721484 0.576389 0.027344 0.133333
-1 0.737891 0.774306 0.035156 0.140278
-1 0.706250 0.911111 0.035937 0.130556
-1 0.403125 0.440972 0.031250 0.104167
-1 0.290625 0.565278 0.039062 0.122222
-1 0.283594 0.619444 0.034375 0.147222
-1 0.626953 0.908333 0.033594 0.177778
-1 0.459375 0.334722 0.043750 0.100000
-1 0.314453 0.374306 0.025781 0.090278
-1 0.243359 0.546528 0.030469 0.126389
-1 0.826562 0.621528 0.025000 0.159722
-1 0.683984 0.907639 0.027344 0.137500
-1 0.855859 0.300694 0.025781 0.118056
-1 0.691406 0.376389 0.023438 0.133333
-1 0.707812 0.464583 0.029687 0.112500
-1 0.675000 0.320833 0.026562 0.122222
-1 0.815234 0.453472 0.033594 0.115278
-1 0.786328 0.311111 0.022656 0.088889
-1 0.728125 0.342361 0.023438 0.073611
-1 0.833203 0.936806 0.024219 0.123611
-1 0.780859 0.876389 0.021094 0.141667
-1 0.824219 0.692361 0.029687 0.095833
-1 0.862500 0.748611 0.032813 0.075000
-1 0.653906 0.101389 0.025000 0.102778
-1 0.451562 0.222917 0.026562 0.104167
-1 0.414453 0.245139 0.030469 0.090278
-1 0.942578 0.386806 0.024219 0.140278