1 0.880469 0.746528 0.151562 0.179167
1 0.378906 0.813194 0.145313 0.184722
0 0.522656 0.602083 0.159375 0.154167
0 0.723047 0.659028 0.111719 0.129167
4 0.601953 0.794444 0.053906 0.052778
4 0.821875 0.890972 0.068750 0.054167
0 0.569922 0.906250 0.080469 0.120833
4 0.314063 0.644444 0.050000 0.055556
-1 0.341016 0.836111 0.049219 0.097222
0 0.179297 0.732639 0.191406 0.143056
4 0.416016 0.954861 0.047656 0.059722
4 0.464062 0.895833 0.046875 0.050000
1 0.498828 0.460417 0.175781 0.115278
-1 0.461328 0.450694 0.089844 0.084722
1 0.135547 0.399306 0.114844 0.098611
0 0.217969 0.447222 0.098437 0.088889
1 0.834766 0.194444 0.152344 0.116667
0 0.783984 0.408333 0.153906 0.113889