0 0.756641 0.636806 0.107031 0.173611
1 0.466406 0.641667 0.154688 0.225000
-1 0.531641 0.688889 0.046094 0.122222
1 0.431641 0.318750 0.092969 0.179167
1 0.601953 0.334722 0.099219 0.144444
-1 0.614844 0.329167 0.059375 0.125000
0 0.808203 0.360417 0.100781 0.140278
1 0.076953 0.647222 0.152344 0.277778
-1 0.155469 0.598611 0.040625 0.066667
1 0.636328 0.756250 0.116406 0.262500
-1 0.648047 0.811111 0.071094 0.116667
1 0.321094 0.279861 0.100000 0.181944
-1 0.341406 0.245139 0.053125 0.084722
-1 0.303125 0.306250 0.060937 0.098611
4 0.128516 0.268750 0.024219 0.068056
0 0.192188 0.294444 0.096875 0.183333
3 0.508594 0.313194 0.056250 0.148611
0 0.927344 0.711806 0.131250 0.226389