0 0.116797 0.638194 0.074219 0.068056
1 0.130469 0.567361 0.073438 0.073611
0 0.390625 0.416667 0.075000 0.061111
0 0.516016 0.354167 0.069531 0.061111
1 0.551953 0.561111 0.058594 0.050000
0 0.525781 0.713194 0.085938 0.087500
4 0.508594 0.656250 0.034375 0.026389
4 0.374609 0.620833 0.017969 0.041667
4 0.448828 0.465278 0.022656 0.036111
0 0.466016 0.599306 0.089844 0.084722
1 0.615625 0.600000 0.075000 0.088889
0 0.637891 0.746528 0.091406 0.090278
0 0.772656 0.582639 0.056250 0.062500
0 0.743750 0.534722 0.048438 0.058333
0 0.744922 0.927083 0.078906 0.112500
5 0.341797 0.951389 0.228906 0.288889
5 0.280859 0.505556 0.071094 0.080556
1 0.636328 0.875000 0.077344 0.108333
-1 0.633594 0.893056 0.059375 0.063889
0 0.726172 0.706250 0.049219 0.062500
0 0.939063 0.754167 0.098437 0.108333