4 0.755859 0.977083 0.152344 0.384722
4 0.589063 1.004861 0.106250 0.248611
4 0.884375 1.034722 0.114062 0.236111
-1 0.801172 0.191667 0.028906 0.136111
-1 0.770312 0.209028 0.026562 0.106944
-1 0.506641 0.382639 0.033594 0.154167
-1 0.760156 0.602083 0.046875 0.145833
-1 0.922656 0.584028 0.050000 0.109722
-1 0.529687 0.554861 0.031250 0.168056
-1 0.896094 0.561111 0.037500 0.122222
-1 0.694531 0.563194 0.045312 0.156944
-1 0.648047 0.565278 0.036719 0.152778
-1 0.780859 0.452778 0.035156 0.097222
-1 0.571094 0.387500 0.054688 0.094444
-1 0.853125 0.544444 0.037500 0.116667
-1 0.900000 0.858333 0.037500 0.116667
4 0.899219 0.713194 0.270313 0.179167
-1 0.346875 0.361806 0.039062 0.098611
-1 0.363672 0.419444 0.038281 0.097222
-1 0.461328 0.390972 0.049219 0.109722
-1 0.631641 0.515972 0.028906 0.154167
-1 0.168359 0.831250 0.041406 0.176389
-1 0.679688 0.909028 0.029687 0.134722
-1 0.650781 0.870139 0.045312 0.179167
-1 0.614844 0.437500 0.037500 0.138889
-1 0.592578 0.600694 0.035156 0.137500
-1 0.486719 0.297222 0.035937 0.138889
-1 0.557031 0.568056 0.026562 0.158333
-1 0.110156 0.380556 0.028125 0.105556
-1 0.825000 0.534722 0.029687 0.141667
-1 0.158203 0.423611 0.036719 0.108333
-1 0.341797 0.202778 0.036719 0.138889
-1 0.256250 0.204861 0.039062 0.137500
-1 0.210156 0.278472 0.042188 0.143056