4 0.584766 0.945139 0.080469 0.109722
4 0.426172 0.193056 0.067969 0.077778
4 0.580469 0.325694 0.039062 0.065278
4 0.062109 0.551389 0.066406 0.094444
4 0.423047 0.262500 0.032031 0.066667
4 0.552344 0.606944 0.079687 0.108333
4 0.584375 0.095139 0.034375 0.065278
4 0.667188 0.306250 0.053125 0.079167
4 0.802344 0.295833 0.046875 0.075000
4 0.631641 0.565972 0.038281 0.073611
4 0.741406 0.295833 0.042188 0.077778
4 0.367578 0.608333 0.082031 0.063889
4 0.719531 0.630556 0.070312 0.075000
4 0.242188 0.141667 0.070312 0.061111
4 0.507031 0.187500 0.046875 0.063889
4 0.693359 0.079861 0.036719 0.054167