4 0.617578 0.940972 0.027344 0.084722
1 0.345313 0.824306 0.192188 0.265278
0 0.298828 0.360417 0.216406 0.209722
0 0.167187 0.295139 0.107813 0.093056
0 0.570703 0.488889 0.272656 0.225000
4 0.825000 0.650000 0.031250 0.075000
4 0.906641 0.606250 0.060156 0.081944
4 0.715234 0.366667 0.046094 0.052778
4 0.870703 0.428472 0.030469 0.051389
1 0.563672 0.239583 0.183594 0.095833
5 0.128516 0.719444 0.075781 0.136111
4 0.800391 0.700000 0.042969 0.061111
4 0.748828 0.418056 0.022656 0.047222
4 0.617969 0.331250 0.040625 0.040278
-1 0.348828 0.811111 0.157031 0.119444
0 0.903125 0.158333 0.093750 0.130556