2 0.433984 0.831250 0.139844 0.173611
4 0.706641 0.583333 0.044531 0.055556
4 0.300781 0.567361 0.067187 0.070833
4 0.403906 0.518750 0.039062 0.059722
4 0.444922 0.541667 0.053906 0.050000
4 0.662891 0.421528 0.038281 0.043056
4 0.706641 0.331944 0.033594 0.069444
0 0.851953 0.840972 0.177344 0.229167
1 0.371484 0.378472 0.139844 0.184722
4 0.779687 0.520833 0.053125 0.041667
4 0.761328 0.456944 0.046094 0.038889
4 0.744141 0.380556 0.050781 0.044444
4 0.930078 0.360417 0.032031 0.054167
4 0.971875 0.401389 0.035937 0.069444
4 0.781641 0.290972 0.041406 0.059722
4 0.860938 0.338194 0.045312 0.056944