1 0.135547 0.538194 0.100781 0.090278
0 0.248438 0.512500 0.095312 0.086111
1 0.229687 0.438194 0.073438 0.073611
3 0.124609 0.675694 0.086719 0.120833
3 0.046875 0.574306 0.084375 0.251389
1 0.104297 0.255556 0.069531 0.063889
1 0.099609 0.368056 0.094531 0.083333
1 0.094922 0.152778 0.086719 0.080556
0 0.429688 0.237500 0.075000 0.061111
0 0.529297 0.154167 0.057031 0.050000
1 0.663672 0.362500 0.064844 0.055556
0 0.715625 0.503472 0.067187 0.068056
4 0.643750 0.459722 0.035937 0.027778
4 0.501953 0.450694 0.021094 0.048611
4 0.500000 0.274306 0.020313 0.031944
0 0.583984 0.406250 0.082031 0.076389
1 0.729297 0.384722 0.067969 0.080556
0 0.807422 0.522222 0.086719 0.086111
0 0.871875 0.345139 0.059375 0.065278
0 0.823047 0.290278 0.046094 0.055556