-1 0.138281 0.881944 0.045312 0.158333
-1 -0.000391 0.866667 0.046094 0.150000
-1 0.560937 0.842361 0.045312 0.201389
-1 0.510547 0.820139 0.038281 0.187500
-1 0.183203 0.498611 0.050781 0.169444
-1 0.319141 0.372917 0.067969 0.154167
-1 0.046094 0.347917 0.034375 0.120833
-1 0.652734 0.896528 0.024219 0.159722
-1 0.646484 0.503472 0.027344 0.154167
-1 0.575781 0.587500 0.048438 0.183333
-1 0.676562 0.461111 0.060937 0.280556
-1 0.789062 0.693750 0.040625 0.140278
-1 0.839453 0.479167 0.032031 0.125000
-1 0.728125 0.475694 0.032813 0.104167
-1 0.805078 0.128472 0.036719 0.151389
-1 0.389844 0.213194 0.039062 0.154167
-1 0.310547 0.232639 0.042969 0.126389
-1 0.802734 0.297222 0.038281 0.222222
-1 0.800781 0.288889 0.029687 0.150000
-1 0.879297 0.370833 0.042969 0.113889
-1 0.701953 0.146528 0.060156 0.193056
-1 0.717578 0.120139 0.036719 0.162500
-1 0.752734 0.901389 0.027344 0.147222
-1 0.801562 0.483333 0.029687 0.130556
-1 0.730469 0.397222 0.031250 0.108333
-1 0.755859 0.480556 0.035156 0.091667
-1 0.876563 0.704167 0.029687 0.105556
-1 0.594141 0.075694 0.035156 0.143056
-1 0.626953 0.140278 0.038281 0.136111
4 0.087891 0.176389 0.203906 0.158333
4 0.211719 0.183333 0.195312 0.205556
4 -0.034766 0.286806 0.146094 0.201389
4 0.687891 0.643056 0.144531 0.247222
-1 0.867969 0.631944 0.037500 0.130556
-1 0.970703 0.484722 0.025781 0.177778