0 0.740234 0.665972 0.107031 0.173611
1 0.441406 0.665278 0.154688 0.225000
-1 0.507422 0.717361 0.050781 0.134722
1 0.412891 0.336806 0.092969 0.179167
1 0.587109 0.352778 0.099219 0.144444
-1 0.596875 0.344444 0.062500 0.130556
0 0.797266 0.384722 0.105469 0.147222
1 0.062891 0.658333 0.160156 0.291667
-1 0.123438 0.619444 0.040625 0.066667
1 0.614453 0.786806 0.116406 0.262500
-1 0.621875 0.838889 0.075000 0.122222
1 0.299219 0.295139 0.100000 0.181944
-1 0.320312 0.254861 0.053125 0.084722
-1 0.280469 0.322917 0.060937 0.098611
4 0.103516 0.281250 0.024219 0.068056
0 0.167187 0.311111 0.096875 0.183333
3 0.492188 0.316667 0.059375 0.155556
0 0.914844 0.750694 0.137500 0.237500