1 0.057813 0.624306 0.096875 0.106944
-1 0.055078 0.611111 0.086719 0.086111
-1 0.073828 0.819444 0.144531 0.166667
0 0.278906 0.474306 0.084375 0.095833
1 0.054297 0.496528 0.096094 0.090278
4 0.223047 0.476389 0.035156 0.052778
1 0.513672 0.844444 0.124219 0.208333
5 0.415625 0.610417 0.123438 0.176389
0 0.252734 0.379861 0.077344 0.081944
1 0.684766 0.479167 0.066406 0.102778
1 0.603516 0.510417 0.071094 0.131944
1 0.619141 0.352778 0.086719 0.083333
1 0.747266 0.811111 0.096094 0.172222
1 0.835547 0.535417 0.080469 0.093056
-1 0.832031 0.536111 0.059375 0.061111
-1 0.774609 0.540972 0.032031 0.090278