0 0.304297 0.321528 0.247656 0.204167
4 0.848828 0.697222 0.069531 0.094444
4 0.603516 0.268750 0.058594 0.068056
4 0.762500 0.359028 0.037500 0.062500
4 0.514453 0.631944 0.060156 0.086111
4 0.623047 0.327083 0.028906 0.059722
4 0.503516 0.206944 0.044531 0.044444
0 0.938672 0.075694 0.108594 0.151389
4 0.860938 0.593056 0.059375 0.080556
4 0.664844 0.167361 0.028125 0.054167
4 0.839844 0.083333 0.026562 0.055556
4 0.803906 0.322917 0.048438 0.070833
4 0.895312 0.294444 0.050000 0.061111
4 0.897656 0.537500 0.034375 0.066667