1 0.188672 0.884722 0.116406 0.177778
-1 0.188281 0.885417 0.101562 0.148611
1 0.440625 0.767361 0.206250 0.281944
-1 0.435547 0.679861 0.088281 0.101389
-1 0.483203 0.762500 0.053906 0.163889
4 0.572656 0.820833 0.051562 0.116667
4 0.603516 0.700694 0.047656 0.123611
4 0.616016 0.634722 0.038281 0.094444
1 0.220703 0.777778 0.125781 0.186111
-1 0.253125 0.738194 0.068750 0.104167
4 0.688672 0.775694 0.072656 0.076389
4 0.257031 0.532639 0.048438 0.104167
0 0.698828 0.613194 0.167969 0.248611
0 0.348047 0.522222 0.114844 0.263889
0 0.888281 0.490972 0.190625 0.270833