1 0.430469 0.338194 0.106250 0.118056
-1 0.426953 0.325000 0.086719 0.086111
-1 0.462500 0.562500 0.137500 0.158333
0 0.241406 0.381250 0.107813 0.154167
4 0.183594 0.418056 0.026562 0.072222
4 0.037891 0.469444 0.025781 0.072222
1 0.111719 0.581250 0.100000 0.112500
-1 0.097656 0.584722 0.060937 0.091667
1 0.107422 0.425694 0.082031 0.140278
0 0.626172 0.172222 0.092969 0.105556
1 0.409766 0.198611 0.091406 0.086111
2 0.342578 0.284722 0.064844 0.172222
4 0.551953 0.168056 0.036719 0.055556
0 0.231641 0.669444 0.155469 0.316667
4 0.137109 0.814583 0.044531 0.059722
4 0.215625 0.870833 0.039062 0.047222
1 0.923047 0.610417 0.130469 0.218056
5 0.800781 0.329861 0.129688 0.184722