1 0.213672 0.747222 0.072656 0.086111
0 0.390625 0.842361 0.067187 0.062500
0 0.491797 0.791667 0.071094 0.063889
1 0.546875 0.656944 0.067187 0.063889
1 0.023047 0.839583 0.078906 0.065278
4 0.771094 0.834722 0.035937 0.044444
1 0.280469 0.787500 0.064062 0.080556
-1 0.284766 0.787500 0.042969 0.052778
0 0.682813 0.826389 0.092188 0.136111
0 0.464062 0.567361 0.078125 0.059722
0 0.342578 0.436806 0.058594 0.059722
0 0.643750 0.475694 0.082812 0.073611
0 0.901172 0.946528 0.110156 0.104167
0 0.919922 0.406250 0.060156 0.040278
0 0.925000 0.593750 0.070312 0.051389
1 0.762500 0.661806 0.064062 0.068056
1 0.629297 0.662500 0.047656 0.083333
1 0.281641 0.599306 0.058594 0.104167