0 0.054297 0.381944 0.099219 0.094444
5 0.157031 0.512500 0.128125 0.163889
0 0.280078 0.373611 0.121094 0.172222
0 0.224219 0.227083 0.062500 0.090278
4 0.314453 0.450000 0.024219 0.038889
4 0.451562 0.634028 0.028125 0.045833
4 0.414453 0.583333 0.030469 0.055556
1 0.484766 0.333333 0.063281 0.091667
4 0.358203 0.700000 0.038281 0.055556
4 0.577734 0.911111 0.039844 0.055556
2 0.668750 0.506250 0.073438 0.109722
0 0.810547 0.481250 0.085156 0.115278
1 0.600000 0.228472 0.062500 0.079167
-1 0.592578 0.236111 0.025781 0.052778
0 0.551953 0.376389 0.071094 0.127778
4 0.764453 0.568056 0.019531 0.050000
4 0.744922 0.524306 0.019531 0.040278
4 0.725000 0.617361 0.025000 0.031944
4 0.711328 0.676389 0.028906 0.030556
4 0.552734 0.620139 0.017969 0.051389
0 0.500000 0.627778 0.079687 0.125000