0 0.346094 0.920139 0.159375 0.154167
4 0.120313 0.947222 0.045312 0.050000
1 0.329688 0.811806 0.167187 0.109722
-1 0.292187 0.792361 0.081250 0.076389
1 0.008594 0.693750 0.120313 0.104167
0 0.074219 0.744444 0.098437 0.088889
1 0.715234 0.626389 0.160156 0.122222
0 0.610547 0.804167 0.139844 0.102778
0 0.083203 0.515278 0.147656 0.094444
0 0.484375 0.575000 0.118750 0.105556
1 0.751563 0.925694 0.142187 0.115278
4 0.414844 0.377778 0.026562 0.038889
4 0.355859 0.346528 0.036719 0.048611
4 0.582812 0.300694 0.026562 0.045833
4 0.605469 0.325694 0.031250 0.043056
4 0.517188 0.333333 0.029687 0.036111
0 0.732812 0.415972 0.110937 0.081944
5 0.647656 0.488889 0.112500 0.102778
5 0.888672 0.827083 0.117969 0.229167
0 0.826953 0.320139 0.094531 0.065278
0 0.426172 0.213889 0.130469 0.080556