1 0.759375 0.290972 0.131250 0.154167
1 0.835547 0.787500 0.133594 0.208333
-1 0.836328 0.754861 0.091406 0.090278
0 0.407422 0.735417 0.142969 0.109722
1 0.336328 0.415972 0.132031 0.168056
0 0.423438 0.201389 0.137500 0.133333
0 0.616016 0.236111 0.096094 0.111111
4 0.953125 0.461111 0.040625 0.075000
4 0.517578 0.370139 0.044531 0.043056
4 0.732422 0.425000 0.053906 0.041667
0 0.511719 0.482639 0.084375 0.126389
0 0.561719 0.529167 0.087500 0.108333
4 0.569531 0.904167 0.028125 0.094444
0 0.960547 0.659028 0.077344 0.095833
4 0.231250 0.272222 0.045312 0.050000
5 0.639844 0.643056 0.118750 0.186111
-1 0.309375 0.442361 0.046875 0.093056