0 0.095703 0.565278 0.108594 0.136111
0 0.011328 0.635417 0.127344 0.137500
0 0.298828 0.680556 0.103906 0.122222
1 0.190234 0.838889 0.111719 0.177778
-1 0.165625 0.816667 0.045312 0.125000
1 0.377734 0.511111 0.086719 0.111111
-1 0.366797 0.456944 0.039844 0.075000
0 0.306250 0.357639 0.071875 0.176389
0 0.516797 0.622917 0.114844 0.109722
0 0.475781 0.768750 0.126562 0.156944
0 0.438281 0.896528 0.126562 0.204167
3 0.092578 0.363194 0.055469 0.248611
3 0.225391 0.283333 0.091406 0.158333
3 0.070312 0.392361 0.060937 0.259722
0 0.683203 0.974306 0.149219 0.204167
5 0.639453 0.507639 0.116406 0.148611
5 0.744922 0.585417 0.061719 0.123611
4 0.793750 0.922222 0.021875 0.075000
4 0.870703 0.936806 0.035156 0.051389
0 0.628906 0.312500 0.115625 0.163889