1 0.180859 0.533333 0.102344 0.125000
0 0.127344 0.277778 0.145313 0.088889
0 0.083984 0.748611 0.147656 0.119444
0 0.342187 0.518056 0.068750 0.097222
0 0.408594 0.920139 0.089063 0.156944
1 0.530078 0.645833 0.110156 0.144444
1 0.417578 0.664583 0.071094 0.093056
1 0.262891 0.968750 0.099219 0.137500
0 0.210938 0.685417 0.085938 0.081944
1 0.418750 0.329861 0.062500 0.073611
0 0.522266 0.498611 0.091406 0.100000
1 0.634766 0.490278 0.075781 0.077778
0 0.607812 0.382639 0.060937 0.056944
0 0.668359 0.329167 0.064844 0.058333
0 0.836719 0.506250 0.078125 0.090278
1 0.650000 0.222917 0.057813 0.054167
0 0.839063 0.740972 0.143750 0.173611
1 0.535547 0.896528 0.086719 0.123611
1 0.683594 0.666667 0.112500 0.088889
1 0.285547 0.438194 0.067969 0.056944
4 0.878125 0.330556 0.029687 0.036111
1 0.491016 0.344444 0.055469 0.069444
-1 0.492578 0.334722 0.042969 0.052778