1 0.058984 0.690972 0.113281 0.137500
0 0.047656 0.416667 0.145313 0.088889
0 0.228516 0.679861 0.072656 0.101389
1 0.412891 0.820139 0.121094 0.159722
1 0.283203 0.836806 0.071094 0.093056
0 0.056641 0.857639 0.074219 0.070833
1 0.334375 0.477778 0.065625 0.077778
0 0.423828 0.659722 0.091406 0.100000
1 0.540234 0.650000 0.075781 0.077778
0 0.525000 0.535417 0.064062 0.059722
0 0.596484 0.479167 0.067969 0.061111
0 0.758203 0.672222 0.082031 0.094444
1 0.593750 0.368750 0.060937 0.056944
0 0.723828 0.896528 0.150781 0.181944
1 0.567969 0.844444 0.112500 0.088889
1 0.182812 0.595139 0.075000 0.062500
4 0.823438 0.481250 0.032813 0.040278
1 0.407813 0.497917 0.060937 0.076389
-1 0.410938 0.498611 0.046875 0.058333
1 0.639062 0.662500 0.079687 0.130556