0 0.063281 0.383333 0.126562 0.086111
0 0.139844 0.181250 0.109375 0.068056
0 0.408203 0.196528 0.107031 0.062500
0 0.205859 0.474306 0.138281 0.109722
5 0.204687 0.282639 0.079687 0.098611
0 0.462500 0.229167 0.129688 0.072222
0 0.569141 0.080556 0.107031 0.063889
0 0.413281 0.322917 0.110937 0.070833
0 0.415625 0.601389 0.179688 0.130556
0 0.579688 0.453472 0.100000 0.068056
0 0.501953 0.395833 0.110156 0.069444
5 0.354687 0.453472 0.151562 0.145833
3 0.091797 0.640278 0.102344 0.119444
3 0.235156 0.786806 0.153125 0.173611
0 0.789062 0.419444 0.126562 0.097222