0 0.190625 0.465972 0.065625 0.093056
0 0.235937 0.385417 0.070312 0.062500
0 0.136328 0.735417 0.071094 0.123611
3 0.131250 0.456944 0.054688 0.180556
0 0.090234 0.583333 0.035156 0.066667
0 0.436719 0.527778 0.060937 0.094444
1 0.476172 0.570833 0.075781 0.111111
1 0.307422 0.486806 0.058594 0.090278
1 0.237109 0.743750 0.061719 0.151389
0 0.650781 0.865972 0.079687 0.179167
4 0.484766 0.815278 0.025781 0.044444
2 0.383203 0.974306 0.089844 0.154167
1 0.503906 0.270139 0.070312 0.079167
3 0.507812 0.389583 0.065625 0.131944
1 0.644141 0.286111 0.052344 0.091667
0 0.816016 0.382639 0.089844 0.098611
0 0.326562 0.715972 0.078125 0.123611
0 0.596875 0.631250 0.067187 0.123611