-1 0.080469 0.897222 0.045312 0.158333
-1 0.515234 0.869444 0.047656 0.211111
-1 0.460547 0.842361 0.038281 0.187500
-1 0.141016 0.505556 0.050781 0.169444
-1 0.287891 0.386806 0.067969 0.154167
-1 0.016406 0.352083 0.034375 0.120833
-1 0.604297 0.917361 0.024219 0.159722
-1 0.610938 0.525694 0.028125 0.162500
-1 0.539844 0.605556 0.048438 0.183333
-1 0.645312 0.476389 0.057813 0.266667
-1 0.753906 0.720139 0.040625 0.140278
-1 0.808203 0.502778 0.032031 0.125000
-1 0.696484 0.501389 0.036719 0.113889
-1 0.787109 0.147917 0.036719 0.151389
-1 0.362500 0.224306 0.039062 0.154167
-1 0.280859 0.245139 0.042969 0.126389
-1 0.779297 0.330556 0.044531 0.258333
-1 0.777344 0.313889 0.029687 0.150000
-1 0.852734 0.395833 0.047656 0.125000
-1 0.683203 0.164583 0.060156 0.193056
-1 0.701562 0.138194 0.039062 0.170833
-1 0.706641 0.927083 0.025781 0.140278
-1 0.770312 0.509722 0.029687 0.130556
-1 0.700781 0.416667 0.031250 0.108333
-1 0.725391 0.500694 0.033594 0.087500
-1 0.839063 0.731944 0.028125 0.100000
-1 0.575391 0.072917 0.035156 0.143056
-1 0.605859 0.156944 0.038281 0.136111
4 0.066797 0.193056 0.203906 0.158333
4 0.184375 0.189583 0.185938 0.195833
4 0.647266 0.669444 0.144531 0.247222
-1 0.837109 0.673611 0.041406 0.144444
-1 0.943359 0.513889 0.025781 0.177778
-1 0.933203 0.755556 0.033594 0.180556