0 0.115625 0.233333 0.279687 0.227778
4 0.744531 0.732639 0.076563 0.104167
4 0.495703 0.184028 0.061719 0.070833
4 0.655469 0.284028 0.037500 0.062500
4 0.301172 0.560417 0.063281 0.090278
4 0.509766 0.245833 0.030469 0.063889
4 0.412891 0.125694 0.049219 0.048611
4 0.710156 0.537500 0.068750 0.094444
4 0.598437 0.081250 0.031250 0.059722
4 0.721875 0.253472 0.048438 0.070833
4 0.839844 0.227083 0.054688 0.068056
4 0.766797 0.488889 0.039844 0.077778
4 0.781641 0.231944 0.036719 0.066667
4 0.500781 0.518056 0.078125 0.061111
4 0.851562 0.534028 0.064062 0.068056
4 0.326562 0.158333 0.060937 0.052778