0 0.171875 0.208333 0.293750 0.238889
4 0.782031 0.699306 0.076563 0.104167
4 0.526172 0.189583 0.061719 0.070833
4 0.688281 0.282639 0.037500 0.062500
4 0.362891 0.559722 0.060156 0.086111
4 0.544141 0.250000 0.030469 0.063889
4 0.429297 0.124306 0.049219 0.048611
4 0.757812 0.531944 0.068750 0.094444
4 0.620313 0.084028 0.031250 0.059722
4 0.747656 0.250694 0.048438 0.070833
4 0.855469 0.222917 0.054688 0.068056
4 0.808203 0.481250 0.038281 0.073611
4 0.806641 0.236111 0.036719 0.066667
4 0.540625 0.508333 0.078125 0.061111