0 0.325781 0.897222 0.085938 0.147222
0 0.196484 0.868056 0.110156 0.216667
0 0.016797 0.756250 0.091406 0.176389
0 0.552734 0.524306 0.086719 0.104167
1 0.375391 0.588889 0.089844 0.138889
-1 0.368750 0.574306 0.040625 0.079167
0 0.257812 0.609028 0.073438 0.118056
0 0.530859 1.011806 0.089844 0.159722
0 0.260547 0.397222 0.072656 0.080556
0 0.375000 0.156944 0.051562 0.072222
0 0.374219 0.120139 0.060937 0.054167
0 0.445703 0.336806 0.071094 0.123611
1 0.685937 0.739583 0.082812 0.184722
3 0.629297 0.931944 0.077344 0.202778
3 0.256641 0.721528 0.153906 0.070833
3 0.295312 0.191667 0.039062 0.127778
0 0.491406 0.509028 0.062500 0.087500
0 0.337500 0.279861 0.040625 0.076389
0 0.796094 0.718750 0.060937 0.095833
5 0.778516 0.506250 0.103906 0.148611
0 0.590625 0.130556 0.050000 0.077778
1 0.631250 0.145833 0.056250 0.083333