4 0.623047 0.936806 0.027344 0.084722
1 0.350781 0.825694 0.192188 0.265278
0 0.301953 0.361806 0.216406 0.209722
0 0.169531 0.295139 0.107813 0.093056
0 0.570703 0.484722 0.272656 0.225000
4 0.827344 0.647222 0.031250 0.075000
4 0.904297 0.599306 0.060156 0.081944
4 0.715234 0.365278 0.046094 0.052778
4 0.870703 0.425694 0.030469 0.051389
1 0.563672 0.239583 0.183594 0.095833
5 0.133984 0.720833 0.075781 0.136111
4 0.801953 0.698611 0.042969 0.061111
4 0.750391 0.413889 0.022656 0.047222
4 0.618750 0.330556 0.039062 0.038889
-1 0.352734 0.808333 0.157031 0.119444
0 0.902344 0.155556 0.093750 0.130556