1 0.251172 0.809722 0.116406 0.177778
-1 0.250000 0.808333 0.096875 0.141667
1 0.504687 0.699306 0.206250 0.281944
-1 0.498828 0.610417 0.088281 0.101389
-1 0.547266 0.691667 0.057031 0.172222
4 0.636719 0.758333 0.051562 0.116667
4 0.666016 0.638194 0.047656 0.123611
4 0.680469 0.573611 0.040625 0.100000
1 0.280859 0.702778 0.125781 0.186111
-1 0.313281 0.665972 0.068750 0.104167
4 0.751172 0.715278 0.075781 0.080556
4 0.313281 0.459028 0.048438 0.104167
0 0.762500 0.556944 0.176563 0.261111
0 0.407031 0.450694 0.109375 0.251389