0 0.093750 0.977083 0.076563 0.106944
1 0.242969 0.759028 0.068750 0.081944
0 0.309375 0.947222 0.095312 0.105556
1 0.426953 0.954861 0.083594 0.084722
0 0.434375 0.824306 0.064062 0.059722
0 0.521484 0.765278 0.071094 0.063889
0 0.671484 0.986806 0.094531 0.109722
1 0.544531 0.639583 0.064062 0.059722
1 0.067578 0.881250 0.078906 0.065278
4 0.778125 0.767361 0.032813 0.040278
1 0.315625 0.790972 0.067187 0.084722
-1 0.319141 0.787500 0.042969 0.052778
1 0.542188 0.969444 0.087500 0.144444
0 0.698828 0.770139 0.083594 0.123611
0 0.446484 0.568750 0.074219 0.056944
0 0.301563 0.464583 0.053125 0.054167
0 0.602344 0.468056 0.075000 0.066667