0 0.153125 1.034722 0.085938 0.147222
0 0.035156 0.936806 0.115625 0.226389
0 0.465625 0.720139 0.095312 0.115278
1 0.267969 0.724306 0.093750 0.145833
-1 0.267969 0.703472 0.040625 0.079167
0 0.156250 0.692361 0.076563 0.123611
0 0.208984 0.480556 0.072656 0.080556
0 0.384766 0.255556 0.057031 0.080556
0 0.402344 0.188194 0.064062 0.056944
0 0.405859 0.475694 0.071094 0.123611
1 0.574609 1.020139 0.100781 0.223611
3 0.118750 0.825694 0.178125 0.081944
3 0.309766 0.259722 0.042969 0.141667
0 0.407813 0.675694 0.071875 0.101389
0 0.311328 0.377778 0.042969 0.080556
5 0.746875 0.789583 0.126562 0.179167
0 0.620313 0.279167 0.050000 0.077778
1 0.664062 0.302083 0.065625 0.095833
1 0.504687 0.268750 0.053125 0.081944
1 0.494531 0.472917 0.056250 0.137500
0 0.861719 0.515278 0.065625 0.147222
4 0.714063 0.495139 0.021875 0.037500
4 0.546875 0.776389 0.023438 0.055556
4 0.603516 0.839583 0.032031 0.037500
4 0.457813 0.965972 0.021875 0.056944
3 0.265625 1.002083 0.106250 0.159722
1 0.341016 0.815278 0.113281 0.138889
-1 0.295312 0.804861 0.048438 0.095833
2 0.665625 0.628472 0.081250 0.140278
1 0.621094 0.063194 0.067187 0.076389
3 0.650391 0.186806 0.049219 0.098611