1 0.218359 0.795139 0.175781 0.115278
-1 0.187500 0.774306 0.081250 0.076389
1 0.628516 0.619444 0.160156 0.122222
0 0.503516 0.789583 0.114844 0.084722
0 0.025391 0.518056 0.147656 0.094444
0 0.419531 0.569444 0.118750 0.105556
4 0.377344 0.381944 0.026562 0.038889
4 0.323047 0.353472 0.036719 0.048611
4 0.552344 0.306250 0.026562 0.045833
4 0.571094 0.329861 0.031250 0.043056
4 0.482812 0.340278 0.026562 0.033333
0 0.681641 0.420833 0.116406 0.086111
5 0.587500 0.497222 0.112500 0.102778
5 0.775000 0.827083 0.112500 0.218056
0 0.789453 0.327083 0.099219 0.068056
0 0.402734 0.222222 0.130469 0.080556
1 0.568359 0.176389 0.083594 0.058333
0 0.260937 0.267361 0.110937 0.068056
4 0.486719 0.418750 0.035937 0.045833