0 0.275391 0.139583 0.111719 0.062500
0 0.172656 0.234722 0.106250 0.066667
0 0.029297 0.495833 0.163281 0.119444
0 0.276562 0.363194 0.100000 0.068056
0 0.234375 0.296528 0.100000 0.062500
5 0.073047 0.340278 0.144531 0.138889
0 0.496094 0.344444 0.126562 0.097222
0 0.526563 0.622917 0.139063 0.134722
0 0.155469 0.620139 0.182812 0.159722
3 0.383203 0.579861 0.066406 0.059722
0 0.713281 0.493750 0.143750 0.098611
0 0.612891 0.268750 0.102344 0.062500
0 0.835938 0.439583 0.126562 0.109722
0 0.738281 0.377083 0.095312 0.093056
0 0.883984 0.205556 0.102344 0.077778
0 0.711719 0.154167 0.071875 0.066667
0 0.940234 0.311806 0.097656 0.081944