1 0.157031 0.550000 0.107813 0.130556
0 0.112109 0.290972 0.138281 0.084722
0 0.070312 0.766667 0.140625 0.113889
0 0.322266 0.536806 0.072656 0.101389
0 0.375781 0.943750 0.089063 0.156944
1 0.507812 0.667361 0.115625 0.151389
1 0.390234 0.684028 0.071094 0.093056
1 0.228516 0.992361 0.099219 0.137500
0 0.180469 0.702083 0.085938 0.081944
1 0.402344 0.347222 0.065625 0.077778
0 0.505078 0.519444 0.091406 0.100000
1 0.617578 0.511111 0.075781 0.077778
0 0.592969 0.399306 0.060937 0.056944
0 0.655859 0.347222 0.064844 0.058333
0 0.822656 0.528472 0.078125 0.090278
1 0.640625 0.239583 0.064062 0.059722
0 0.818750 0.767361 0.143750 0.173611
1 0.503516 0.921528 0.086719 0.123611
1 0.659766 0.689583 0.107031 0.084722
1 0.265234 0.456250 0.067969 0.056944
4 0.868750 0.352778 0.029687 0.036111
1 0.475781 0.361806 0.060937 0.076389
-1 0.478516 0.351389 0.044531 0.055556