1 0.410938 0.359028 0.106250 0.118056
-1 0.405469 0.347917 0.082812 0.081944
-1 0.437891 0.581944 0.144531 0.166667
0 0.219141 0.400000 0.102344 0.147222
4 0.162500 0.436111 0.026562 0.072222
4 0.016797 0.484722 0.025781 0.072222
1 0.085938 0.596528 0.100000 0.112500
-1 0.073438 0.601389 0.060937 0.091667
1 0.085547 0.442361 0.082031 0.140278
0 0.605859 0.194444 0.092969 0.105556
1 0.390234 0.219444 0.091406 0.086111
2 0.322266 0.306944 0.064844 0.172222
4 0.532031 0.191667 0.039062 0.058333
0 0.207422 0.687500 0.155469 0.316667
4 0.112109 0.831250 0.044531 0.059722
4 0.188281 0.887500 0.040625 0.050000
1 0.898047 0.632639 0.130469 0.218056
5 0.778906 0.350694 0.129688 0.184722
0 0.569141 0.078472 0.085156 0.090278