0 0.046484 0.853472 0.074219 0.068056
1 0.083203 0.800000 0.069531 0.069444
0 0.377344 0.656944 0.075000 0.061111
0 0.510547 0.598611 0.060156 0.052778
1 0.515234 0.801389 0.061719 0.052778
0 0.462500 0.947917 0.067187 0.068056
4 0.460938 0.897222 0.035937 0.027778
4 0.335547 0.851389 0.019531 0.047222
4 0.432031 0.702778 0.021875 0.033333
0 0.423047 0.840972 0.089844 0.084722
1 0.582031 0.844444 0.075000 0.088889
0 0.576172 0.990278 0.086719 0.086111
0 0.742969 0.832639 0.056250 0.062500
0 0.722266 0.787500 0.050781 0.061111
5 0.223828 0.745833 0.061719 0.069444
0 0.667969 0.952083 0.051562 0.065278