0 0.161328 0.874306 0.072656 0.101389
1 0.289062 0.662500 0.065625 0.077778
0 0.366406 0.851389 0.095312 0.105556
1 0.485938 0.844444 0.079687 0.080556
0 0.481250 0.720139 0.064062 0.059722
0 0.558984 0.661111 0.067969 0.061111
0 0.717187 0.865972 0.085938 0.098611
1 0.568750 0.544444 0.067187 0.063889
1 0.121875 0.782639 0.075000 0.062500
4 0.800000 0.661806 0.032813 0.040278
1 0.363281 0.688889 0.064062 0.080556
-1 0.365625 0.677778 0.051562 0.063889
1 0.592187 0.856944 0.087500 0.144444
0 0.722656 0.660417 0.079687 0.118056
0 0.465234 0.479861 0.074219 0.056944
0 0.311328 0.379861 0.055469 0.056944
0 0.608203 0.384722 0.078906 0.069444