-1 0.685156 0.512500 0.039062 0.136111
-1 0.614062 0.543056 0.032813 0.105556
-1 0.679688 0.813889 0.021875 0.080556
-1 0.670312 0.875000 0.023438 0.105556
-1 0.264453 0.845833 0.022656 0.083333
-1 0.789844 0.722222 0.031250 0.144444
-1 0.889062 1.000694 0.025000 0.134722
-1 0.858203 0.954167 0.017969 0.091667
-1 0.737891 0.881250 0.025781 0.115278
-1 0.720703 0.838194 0.024219 0.145833
-1 0.864844 0.397917 0.026562 0.118056
-1 0.831641 0.386111 0.025781 0.127778
-1 0.892969 0.562500 0.025000 0.100000
-1 0.899219 0.700000 0.031250 0.113889
-1 0.832812 0.836806 0.032813 0.062500
-1 0.783594 0.868750 0.026562 0.106944
-1 0.501563 0.289583 0.031250 0.104167
-1 0.434766 0.418056 0.036719 0.116667
-1 0.441406 0.486806 0.032813 0.140278
-1 0.821484 0.709722 0.028906 0.152778
-1 0.533984 0.185417 0.046094 0.104167
-1 0.416406 0.245139 0.023438 0.081944
-1 0.382422 0.425694 0.028906 0.120833
-1 0.936719 0.409028 0.020313 0.131944
-1 0.975391 0.371528 0.030469 0.123611
-1 0.869141 0.702083 0.027344 0.137500