0 0.071484 0.645833 0.103906 0.122222
1 0.187500 0.536111 0.082812 0.105556
-1 0.195703 0.497222 0.041406 0.077778
0 0.175781 0.384028 0.065625 0.159722
0 0.275391 0.693750 0.114844 0.109722
0 0.199219 0.803472 0.126562 0.156944
3 0.112109 0.252083 0.122656 0.212500
5 0.421484 0.639583 0.100781 0.129167
5 0.488672 0.753472 0.061719 0.123611
0 0.469141 0.469444 0.121094 0.172222
0 0.326953 0.370139 0.069531 0.098611
4 0.551953 0.497222 0.028906 0.047222
4 0.744531 0.552083 0.028125 0.045833
4 0.702734 0.533333 0.027344 0.050000
0 0.235937 0.220833 0.089063 0.122222
1 0.623828 0.265278 0.077344 0.111111
4 0.710938 0.687500 0.034375 0.050000
4 0.939844 0.677083 0.031250 0.059722