0 0.235156 0.918750 0.095312 0.162500
0 0.109766 0.868056 0.110156 0.216667
0 0.516797 0.595139 0.091406 0.109722
1 0.325391 0.620833 0.089844 0.138889
-1 0.323437 0.607639 0.040625 0.079167
0 0.207813 0.617361 0.076563 0.123611
0 0.237891 0.398611 0.072656 0.080556
0 0.387891 0.166667 0.057031 0.080556
0 0.392188 0.127083 0.064062 0.056944
0 0.433203 0.375694 0.071094 0.123611
1 0.647266 0.858333 0.096094 0.213889
3 0.182422 0.739583 0.196094 0.090278
3 0.308594 0.190278 0.039062 0.127778
0 0.455469 0.561111 0.065625 0.091667
0 0.331250 0.293750 0.040625 0.076389
0 0.759375 0.867361 0.067187 0.106944
5 0.773047 0.618750 0.114844 0.162500
0 0.617969 0.166667 0.050000 0.077778
1 0.662500 0.190972 0.059375 0.087500
1 0.506250 0.175694 0.053125 0.081944
1 0.517578 0.365278 0.050781 0.125000
0 0.854688 0.365278 0.059375 0.133333