1 0.646094 0.252778 0.125000 0.147222
1 0.790234 0.713194 0.127344 0.198611
-1 0.789453 0.684028 0.091406 0.090278
0 0.379297 0.700694 0.142969 0.109722
1 0.267578 0.406250 0.132031 0.168056
0 0.317969 0.193056 0.137500 0.133333
0 0.514844 0.217361 0.087500 0.101389
4 0.849609 0.403472 0.036719 0.068056
4 0.428516 0.349306 0.044531 0.043056
4 0.639062 0.386806 0.051562 0.040278
0 0.439844 0.459028 0.084375 0.126389
0 0.505469 0.488889 0.096875 0.119444
4 0.547656 0.851389 0.028125 0.094444
0 0.890234 0.582639 0.077344 0.095833
4 0.135937 0.277778 0.045312 0.050000