0 0.659766 0.823611 0.130469 0.211111
1 0.321875 0.774306 0.179688 0.259722
-1 0.375781 0.853472 0.056250 0.148611
1 0.334766 0.393056 0.102344 0.197222
1 0.520703 0.434722 0.114844 0.166667
-1 0.539062 0.422222 0.068750 0.144444
0 0.758203 0.488194 0.116406 0.162500
1 0.500391 0.920833 0.141406 0.319444
-1 0.501563 1.011806 0.078125 0.129167
1 0.210938 0.343056 0.104688 0.191667
-1 0.242188 0.295833 0.056250 0.088889
-1 0.194531 0.366667 0.067187 0.108333
0 0.065234 0.343056 0.107031 0.202778
3 0.436328 0.370833 0.061719 0.163889
0 0.852734 0.906944 0.144531 0.250000
0 0.768359 0.231944 0.108594 0.111111