1 0.125781 0.540972 0.060937 0.087500
2 0.279687 0.678472 0.073438 0.065278
0 0.436328 0.661806 0.089844 0.120833
1 0.278906 0.445139 0.062500 0.079167
-1 0.265625 0.444444 0.028125 0.058333
0 0.183984 0.581944 0.067969 0.122222
4 0.438281 0.887500 0.018750 0.047222
4 0.361328 0.707639 0.019531 0.040278
4 0.311328 0.795833 0.027344 0.036111
4 0.276953 0.848611 0.033594 0.036111
4 0.118750 0.808333 0.015625 0.044444
0 0.053516 0.815278 0.072656 0.113889
0 0.534375 0.538889 0.057813 0.069444
0 0.468750 0.752083 0.076563 0.118056
0 0.569922 0.725694 0.069531 0.112500
0 0.261328 0.540278 0.050781 0.108333
0 0.324609 0.550694 0.060156 0.087500