-1 0.405078 0.836111 0.042969 0.150000
-1 0.301172 0.849306 0.039844 0.129167
-1 0.704688 0.723611 0.035937 0.158333
-1 0.659375 0.709028 0.034375 0.170833
-1 0.647266 0.950694 0.042969 0.170833
-1 0.675000 0.963889 0.035937 0.130556
-1 0.290625 0.527083 0.035937 0.120833
-1 0.117188 0.675000 0.050000 0.155556
-1 0.098437 0.750694 0.037500 0.162500
-1 0.366797 0.395833 0.058594 0.133333
-1 0.171484 0.440278 0.028906 0.100000
-1 0.066406 0.659028 0.039062 0.162500
-1 0.791016 0.750694 0.025781 0.168056
-1 0.647266 0.922917 0.030469 0.151389
-1 0.877344 0.364583 0.031250 0.143056
-1 0.651953 0.448611 0.025781 0.147222
-1 0.647656 0.556944 0.035937 0.136111
-1 0.642578 0.388889 0.030469 0.141667
-1 0.804688 0.555556 0.039062 0.133333
-1 0.784375 0.379167 0.026562 0.102778
-1 0.708594 0.413889 0.029687 0.094444
-1 0.849219 1.030556 0.026562 0.136111
-1 0.778516 1.012500 0.019531 0.127778
-1 0.780469 0.854861 0.029687 0.095833
-1 0.818750 0.926389 0.035937 0.083333
-1 0.646484 0.116667 0.027344 0.113889
-1 0.370703 0.254861 0.032031 0.126389
-1 0.319922 0.286806 0.035156 0.104167
-1 0.967969 0.471528 0.029687 0.170833
-1 0.696094 0.222917 0.025000 0.143056
-1 0.710156 0.250694 0.023438 0.118056
-1 0.780859 0.277083 0.035156 0.093056
-1 0.897656 0.202778 0.032813 0.105556
-1 0.562500 0.163889 0.040625 0.130556
-1 0.573828 0.125000 0.027344 0.122222