-1 0.288281 0.896528 0.045312 0.201389
-1 0.223047 0.866667 0.046094 0.227778
-1 0.185938 0.352083 0.071875 0.162500
-1 0.364063 0.993056 0.032813 0.213889
-1 0.484766 0.554861 0.027344 0.154167
-1 0.416016 0.611806 0.046094 0.173611
-1 0.546094 0.443056 0.067187 0.161111
-1 0.713281 0.569444 0.037500 0.144444
-1 0.578906 0.549306 0.032813 0.104167
-1 0.791406 0.192361 0.039062 0.159722
-1 0.294531 0.208333 0.043750 0.169444
-1 0.199609 0.206250 0.042969 0.126389
-1 0.728516 0.395833 0.044531 0.258333
-1 0.728906 0.363889 0.031250 0.158333
-1 0.623437 0.201389 0.054688 0.175000
-1 0.697656 0.154861 0.040625 0.179167
-1 0.498437 0.984028 0.029687 0.162500
-1 0.662500 0.548611 0.032813 0.144444
-1 0.605469 0.458333 0.032813 0.113889
-1 0.612891 0.558333 0.032031 0.083333
-1 0.725781 0.725000 0.029687 0.141667
-1 0.569531 0.078472 0.039062 0.156944
-1 0.587891 0.167361 0.044531 0.156944
4 0.472656 0.732639 0.151562 0.259722
-1 0.681641 0.809028 0.030469 0.184722
-1 0.866406 0.606944 0.029687 0.205556
-1 0.780078 0.849306 0.036719 0.198611
-1 0.817969 0.817361 0.034375 0.209722
-1 0.783594 0.604861 0.039062 0.162500
-1 0.915625 0.801389 0.028125 0.141667
-1 0.964063 0.772222 0.034375 0.088889