4 0.886328 0.810417 0.113281 0.287500
4 0.753516 0.849306 0.091406 0.215278
4 0.992578 0.834028 0.085156 0.176389
-1 0.753516 0.140278 0.028906 0.136111
-1 0.730859 0.158333 0.030469 0.125000
-1 0.553125 0.333333 0.028125 0.127778
-1 0.807813 0.494444 0.040625 0.125000
-1 0.971094 0.438194 0.035937 0.109722
-1 0.329297 0.252083 0.030469 0.101389
-1 0.304297 0.206944 0.038281 0.133333
-1 0.233984 0.186111 0.030469 0.094444
-1 0.609766 0.465972 0.025781 0.137500
-1 0.914453 0.439583 0.032031 0.104167
-1 0.746484 0.465972 0.036719 0.129167
-1 0.706250 0.465972 0.031250 0.131944
-1 0.811719 0.341667 0.034375 0.091667
-1 0.610156 0.325694 0.040625 0.070833
-1 0.877344 0.426389 0.034375 0.105556
-1 0.983594 0.679167 0.029687 0.091667
4 0.951172 0.568750 0.211719 0.140278
-1 0.408984 0.322917 0.033594 0.084722
-1 0.435547 0.368750 0.033594 0.084722
-1 0.504687 0.342361 0.040625 0.090278
-1 0.687891 0.436111 0.022656 0.122222
-1 0.367188 0.752083 0.034375 0.145833
-1 0.812500 0.761111 0.026562 0.122222
-1 0.781641 0.713194 0.035156 0.140278
-1 0.655469 0.361111 0.031250 0.113889
-1 0.662891 0.480556 0.032031 0.125000
-1 0.518359 0.245139 0.025781 0.098611
-1 0.636719 0.488889 0.021875 0.130556