0 0.312500 0.904167 0.085938 0.147222
0 0.184766 0.870833 0.110156 0.216667
0 0.548047 0.534028 0.086719 0.104167
1 0.368359 0.594444 0.089844 0.138889
-1 0.361719 0.581250 0.040625 0.079167
0 0.250000 0.611806 0.073438 0.118056
0 0.256641 0.400000 0.072656 0.080556
0 0.374219 0.158333 0.051562 0.072222
0 0.374219 0.122917 0.060937 0.054167
0 0.443359 0.342361 0.071094 0.123611
1 0.680859 0.753472 0.086719 0.193056
3 0.619141 0.950000 0.077344 0.202778
3 0.249609 0.728472 0.153906 0.070833
3 0.296094 0.194444 0.039062 0.127778
0 0.485156 0.518750 0.062500 0.087500
0 0.334766 0.286111 0.042969 0.080556
0 0.792969 0.736806 0.060937 0.095833
5 0.776953 0.521528 0.103906 0.148611
0 0.591406 0.136111 0.050000 0.077778
1 0.632031 0.150000 0.056250 0.083333