0 0.385156 0.883333 0.085938 0.147222
0 0.257812 0.868056 0.104688 0.205556
0 0.066016 0.793750 0.091406 0.176389
0 0.003906 0.484722 0.079687 0.113889
0 0.574609 0.502778 0.078906 0.094444
1 0.411328 0.579167 0.089844 0.138889
-1 0.402734 0.568750 0.038281 0.076389
0 0.295703 0.614583 0.069531 0.112500
0 0.578516 0.934028 0.074219 0.131944
0 0.283203 0.409722 0.072656 0.080556
0 0.371875 0.168056 0.051562 0.072222
0 0.367578 0.122917 0.055469 0.048611
0 0.458203 0.331250 0.071094 0.123611
1 0.711328 0.686111 0.078906 0.175000
3 0.683984 0.922222 0.044531 0.233333
3 0.300781 0.722222 0.139063 0.063889
3 0.047266 0.947222 0.103906 0.105556
3 0.300391 0.216667 0.035156 0.116667
3 -0.005859 0.720139 0.086719 0.165278
0 0.514062 0.494444 0.059375 0.083333
0 0.346875 0.290972 0.040625 0.076389
0 0.811719 0.652778 0.057813 0.091667
5 0.778516 0.467361 0.094531 0.134722
0 0.574609 0.127083 0.047656 0.073611
1 0.616797 0.140972 0.053906 0.079167