4 0.791797 1.017361 0.152344 0.384722
4 0.628906 1.037500 0.101562 0.236111
4 0.925781 1.065278 0.114062 0.236111
-1 0.778516 0.222222 0.030469 0.141667
-1 0.748828 0.237500 0.030469 0.125000
-1 0.505078 0.424306 0.033594 0.154167
-1 0.765234 0.634722 0.049219 0.152778
-1 0.939844 0.628472 0.050000 0.109722
-1 0.535937 0.595139 0.029687 0.159722
-1 0.894531 0.591667 0.037500 0.122222
-1 0.700391 0.595833 0.042969 0.150000
-1 0.652734 0.597222 0.036719 0.152778
-1 0.782031 0.479861 0.037500 0.101389
-1 0.564844 0.425000 0.054688 0.094444
-1 0.858594 0.572222 0.037500 0.116667
-1 0.926562 0.883333 0.037500 0.116667
4 0.912500 0.752083 0.257812 0.170833
-1 0.337500 0.399306 0.039062 0.098611
-1 0.357422 0.459722 0.038281 0.097222
-1 0.451172 0.427083 0.049219 0.109722
-1 0.634766 0.559028 0.030469 0.162500
-1 0.191797 0.881250 0.041406 0.176389
-1 0.710938 0.927778 0.031250 0.141667
-1 0.680078 0.904167 0.047656 0.188889
-1 0.608594 0.475694 0.035937 0.131944
-1 0.599609 0.632639 0.035156 0.137500
-1 0.475781 0.336111 0.035937 0.138889
-1 0.564063 0.606944 0.023438 0.144444
-1 0.105469 0.425000 0.028125 0.105556
-1 0.825000 0.563194 0.028125 0.134722
-1 0.978516 0.539583 0.030469 0.104167
-1 0.151953 0.470833 0.035156 0.102778
-1 0.303516 0.248611 0.039844 0.152778
-1 0.234766 0.251389 0.041406 0.144444
-1 0.192188 0.322917 0.042188 0.143056