0 0.057422 0.502083 0.114844 0.109722
5 0.207813 0.527778 0.128125 0.163889
5 0.227734 0.647222 0.067969 0.136111
0 0.289453 0.375000 0.127344 0.180556
0 0.177344 0.231944 0.065625 0.094444
4 0.361328 0.434722 0.028906 0.047222
4 0.539844 0.560417 0.028125 0.045833
4 0.496484 0.527778 0.030469 0.055556
0 0.150391 0.132639 0.066406 0.090278
1 0.482812 0.245139 0.067187 0.095833
4 0.473438 0.672222 0.034375 0.050000
4 0.713281 0.749306 0.034375 0.048611
2 0.680859 0.334722 0.069531 0.105556
0 0.790234 0.256250 0.077344 0.104167
4 0.760938 0.847917 0.032813 0.045833
1 0.557031 0.081944 0.059375 0.075000
-1 0.559766 0.088889 0.025781 0.052778