0 0.458984 1.065278 0.166406 0.269444
1 0.045703 0.943750 0.188281 0.273611
1 0.168750 0.497917 0.118750 0.229167
1 0.394531 0.605556 0.146875 0.213889
-1 0.386328 0.611806 0.075781 0.159722
0 0.664844 0.725694 0.164062 0.229167
1 0.057813 0.419444 0.115625 0.211111
-1 0.092578 0.369444 0.061719 0.097222
-1 0.045703 0.445833 0.074219 0.119444
3 0.322266 0.522917 0.078906 0.209722
0 0.741016 0.386111 0.132031 0.136111
0 0.955859 0.321528 0.125781 0.131944
0 0.796875 0.720833 0.137500 0.261111
4 0.842187 0.965278 0.054688 0.069444
3 0.493750 0.936111 0.084375 0.080556
3 0.289062 0.886806 0.153125 0.220833
4 0.764062 0.220139 0.020313 0.056944
3 0.266797 0.343056 0.142969 0.113889
4 0.061328 0.736111 0.050781 0.077778
3 0.712891 0.262500 0.080469 0.086111
3 0.730078 0.513194 0.132031 0.093056