1 0.048438 0.622917 0.096875 0.106944
-1 0.044141 0.612500 0.086719 0.086111
-1 0.067969 0.827778 0.137500 0.158333
0 0.271094 0.477083 0.084375 0.095833
1 0.047266 0.502083 0.096094 0.090278
4 0.213672 0.481944 0.035156 0.052778
1 0.503516 0.844444 0.124219 0.208333
5 0.406250 0.611806 0.123438 0.176389
0 0.244141 0.381250 0.077344 0.081944
1 0.676172 0.477778 0.063281 0.097222
1 0.593359 0.510417 0.071094 0.131944
1 0.610547 0.352778 0.086719 0.083333
1 0.737109 0.808333 0.096094 0.172222
1 0.824219 0.534722 0.076563 0.088889
-1 0.823438 0.531944 0.059375 0.061111
-1 0.766797 0.544444 0.033594 0.094444
2 0.824609 0.648611 0.085156 0.111111