0 0.206250 0.138194 0.117188 0.065278
0 0.088281 0.232639 0.110937 0.070833
0 0.167969 0.378472 0.082812 0.056944
0 0.137500 0.302083 0.100000 0.062500
5 -0.009375 0.329167 0.131250 0.125000
0 0.406250 0.364583 0.139063 0.106944
0 0.390234 0.675000 0.161719 0.155556
3 0.254688 0.586806 0.076563 0.137500
0 0.615234 0.538194 0.158594 0.109722
0 0.542188 0.285417 0.107813 0.065278
0 0.753125 0.484028 0.132812 0.115278
0 0.660156 0.410417 0.100000 0.098611
0 0.845313 0.230556 0.112500 0.086111
0 0.665234 0.167361 0.078906 0.073611
0 0.892969 0.346528 0.107813 0.090278
0 0.909375 0.422222 0.092188 0.069444