1 0.014063 0.526389 0.082812 0.075000
0 0.141406 0.522222 0.085938 0.077778
1 0.131250 0.440972 0.073438 0.073611
3 -0.038672 0.682639 0.078906 0.109722
1 0.041797 0.261111 0.063281 0.058333
1 0.022656 0.364583 0.109375 0.095833
0 0.368359 0.261111 0.071094 0.058333
0 0.483984 0.188889 0.069531 0.061111
1 0.566016 0.394444 0.061719 0.052778
0 0.596094 0.543750 0.078125 0.079167
4 0.535937 0.493056 0.035937 0.027778
4 0.395703 0.475000 0.017969 0.041667
4 0.434766 0.304167 0.019531 0.030556
0 0.485938 0.445833 0.085938 0.080556
1 0.633594 0.427778 0.075000 0.088889
0 0.686328 0.572222 0.086719 0.086111
0 0.785937 0.396528 0.059375 0.065278
0 0.747266 0.345833 0.046094 0.055556
0 0.823828 0.738194 0.078906 0.112500
5 0.418359 0.795833 0.217969 0.275000
5 0.278906 0.363889 0.082812 0.094444
1 0.716797 0.700000 0.077344 0.108333
-1 0.722656 0.720833 0.059375 0.063889