1 0.186719 0.521528 0.060937 0.087500
2 0.336719 0.657639 0.073438 0.065278
0 0.492578 0.647917 0.089844 0.120833
1 0.335938 0.429861 0.062500 0.079167
-1 0.321484 0.426389 0.025781 0.052778
0 0.244141 0.561111 0.067969 0.122222
4 0.496094 0.876389 0.018750 0.047222
4 0.418359 0.693750 0.021094 0.043056
4 0.371094 0.777778 0.026562 0.033333
4 0.339453 0.831944 0.033594 0.036111
4 0.184375 0.782639 0.017188 0.048611
0 0.120703 0.787500 0.072656 0.113889
0 0.586719 0.529861 0.060937 0.073611
0 0.525000 0.740972 0.076563 0.118056
0 0.625781 0.718750 0.076563 0.123611
0 0.318359 0.523611 0.050781 0.108333
0 0.380859 0.536806 0.060156 0.087500