4 0.801172 0.946528 0.152344 0.384722
4 0.635938 0.974306 0.106250 0.248611
4 0.929688 0.998611 0.114062 0.236111
-1 0.824609 0.158333 0.028906 0.136111
-1 0.794922 0.178472 0.028906 0.118056
-1 0.539453 0.359028 0.033594 0.154167
-1 0.795312 0.574306 0.046875 0.145833
-1 0.962500 0.557639 0.050000 0.109722
-1 0.564063 0.529861 0.031250 0.168056
-1 0.928906 0.531944 0.039062 0.127778
-1 0.730078 0.536111 0.042969 0.150000
-1 0.683203 0.536111 0.036719 0.152778
-1 0.816016 0.420833 0.035156 0.097222
-1 0.600781 0.361111 0.054688 0.094444
-1 0.889062 0.513889 0.037500 0.116667
-1 0.945312 0.826389 0.037500 0.116667
4 0.932813 0.685417 0.257812 0.170833
-1 0.376563 0.335417 0.039062 0.098611
-1 0.393359 0.395833 0.038281 0.097222
-1 0.490234 0.361806 0.049219 0.109722
-1 0.666016 0.491667 0.027344 0.147222
-1 0.210938 0.809028 0.039062 0.168056
-1 0.725000 0.879861 0.029687 0.134722
-1 0.692969 0.843750 0.045312 0.179167
-1 0.644531 0.413194 0.035937 0.131944
-1 0.626172 0.569444 0.033594 0.130556
-1 0.514844 0.271528 0.034375 0.131944
-1 0.592969 0.543056 0.026562 0.158333
-1 0.139844 0.358333 0.026562 0.100000
-1 0.857812 0.502083 0.031250 0.148611
-1 0.189453 0.400000 0.035156 0.102778
-1 0.359766 0.175000 0.036719 0.138889
-1 0.279687 0.181944 0.037500 0.130556
-1 0.235156 0.253472 0.042188 0.143056