0 0.126172 0.701389 0.103906 0.122222
1 0.236328 0.572222 0.086719 0.111111
-1 0.241016 0.529167 0.041406 0.077778
0 0.210938 0.418750 0.065625 0.159722
0 0.337500 0.727083 0.120313 0.115278
0 0.267188 0.844444 0.120313 0.150000
3 0.152734 0.288889 0.105469 0.183333
5 0.479687 0.655556 0.110937 0.141667
5 0.561328 0.765278 0.067969 0.136111
0 0.514453 0.475000 0.121094 0.172222
0 0.367578 0.389583 0.069531 0.098611
4 0.598828 0.495833 0.030469 0.050000
4 0.792188 0.534028 0.026562 0.043056
4 0.752734 0.518056 0.027344 0.050000
0 0.261719 0.243056 0.089063 0.122222
1 0.656641 0.256944 0.077344 0.111111