-1 0.666406 0.620139 0.032813 0.118056
-1 0.617969 0.683333 0.028125 0.161111
-1 0.647266 0.702778 0.036719 0.161111
-1 0.528516 0.622222 0.047656 0.188889
-1 0.453906 0.671528 0.045312 0.179167
-1 0.405078 0.651389 0.044531 0.183333
-1 0.808203 0.465972 0.041406 0.184722
-1 0.870703 0.438194 0.041406 0.101389
-1 0.912500 0.399306 0.028125 0.106944
-1 0.900781 0.148611 0.040625 0.158333
-1 0.876172 0.222222 0.060156 0.075000
-1 0.833594 0.195139 0.025000 0.115278
-1 0.787500 0.191667 0.034375 0.119444
-1 0.666797 0.358333 0.050781 0.163889
-1 0.738672 0.313194 0.036719 0.093056
-1 0.723047 0.426389 0.041406 0.169444
-1 0.051953 0.623611 0.044531 0.180556
-1 0.017969 0.626389 0.035937 0.191667
-1 0.595313 0.168750 0.028125 0.193056
-1 0.628906 0.189583 0.035937 0.143056
-1 0.460156 0.205556 0.040625 0.111111
4 0.732031 0.886111 0.345313 0.225000
4 0.290234 0.384028 0.272656 0.229167
-1 0.403516 0.454861 0.044531 0.148611
-1 0.511328 0.476389 0.049219 0.125000
-1 0.553125 0.486111 0.029687 0.125000
-1 0.612109 0.329167 0.044531 0.169444
-1 0.566016 0.340972 0.053906 0.143056
-1 0.530078 0.280556 0.047656 0.163889
-1 0.557422 0.177083 0.041406 0.154167