0 0.378125 0.588194 0.114062 0.143056
0 0.155859 0.529167 0.103906 0.116667
0 0.132422 0.672222 0.122656 0.133333
0 0.336328 0.710417 0.127344 0.137500
0 0.594922 0.547222 0.103906 0.122222
1 0.557422 0.761111 0.111719 0.177778
-1 0.534766 0.770833 0.047656 0.130556
1 0.607422 0.344444 0.086719 0.111111
-1 0.580469 0.301389 0.029687 0.055556
0 0.485156 0.252083 0.068750 0.168056
0 0.619531 0.056944 0.075000 0.105556
0 0.764844 0.350694 0.120313 0.115278
0 0.768750 0.501389 0.109375 0.136111
0 0.776563 0.650694 0.109375 0.176389
3 0.264062 0.354167 0.070312 0.316667
3 0.383984 0.217361 0.086719 0.193056
3 0.254688 0.640278 0.057813 0.247222
0 0.766797 0.809722 0.094531 0.161111