0 0.284766 0.140972 0.111719 0.062500
0 0.185156 0.234028 0.110937 0.070833
0 0.054688 0.493056 0.148438 0.108333
0 0.290625 0.363194 0.095312 0.065278
0 0.249219 0.296528 0.095312 0.059722
5 0.090625 0.339583 0.151562 0.145833
3 0.085938 0.936806 0.109375 0.123611
0 0.510156 0.341667 0.120313 0.091667
0 0.546875 0.615972 0.139063 0.134722
0 0.178906 0.615972 0.192188 0.168056
3 0.402734 0.574306 0.069531 0.062500
3 0.028516 0.920833 0.249219 0.133333
0 0.727344 0.486806 0.143750 0.098611
0 0.623828 0.264583 0.097656 0.059722
0 0.846875 0.431250 0.132812 0.115278
0 0.748047 0.372222 0.091406 0.088889