1 0.317188 0.924306 0.196875 0.268056
-1 0.326953 0.831250 0.088281 0.101389
-1 0.367969 0.908333 0.059375 0.180556
4 0.469531 0.973611 0.051562 0.116667
4 0.498437 0.856250 0.050000 0.129167
4 0.508984 0.777778 0.038281 0.094444
1 0.098047 0.930556 0.125781 0.186111
-1 0.135937 0.902083 0.068750 0.104167
4 0.576953 0.925694 0.072656 0.076389
4 0.146094 0.685417 0.048438 0.104167
0 0.594922 0.750694 0.167969 0.248611
0 0.237891 0.675000 0.114844 0.263889
0 0.774219 0.609028 0.190625 0.270833
4 0.282031 0.435417 0.056250 0.079167