0 0.042578 0.417361 0.085156 0.081944
5 0.112500 0.541667 0.121875 0.155556
0 0.239063 0.443750 0.104688 0.148611
0 0.211719 0.303472 0.051562 0.073611
4 0.300000 0.498611 0.025000 0.041667
4 0.362500 0.700694 0.028125 0.045833
4 0.335547 0.645833 0.030469 0.055556
1 0.439453 0.431944 0.063281 0.091667
4 0.266016 0.748611 0.038281 0.055556
4 0.448828 0.972222 0.038281 0.052778
2 0.596875 0.602083 0.073438 0.065278
0 0.755859 0.615972 0.089844 0.120833
1 0.571094 0.352083 0.062500 0.079167
-1 0.558203 0.355556 0.024219 0.050000
0 0.500391 0.475000 0.071094 0.127778
4 0.696875 0.694444 0.018750 0.047222
4 0.682031 0.648611 0.020313 0.041667
4 0.647656 0.734722 0.023438 0.030556
4 0.623828 0.786806 0.030469 0.031944
4 0.467969 0.704861 0.017188 0.048611
0 0.413672 0.702778 0.075781 0.119444
4 0.195703 0.668056 0.013281 0.050000
0 0.835156 0.502778 0.064062 0.077778
0 0.797656 0.714583 0.076563 0.118056