-1 0.400391 0.847222 0.042969 0.150000
-1 0.294141 0.860417 0.039844 0.129167
-1 0.710156 0.734722 0.034375 0.150000
-1 0.663281 0.724306 0.034375 0.170833
-1 0.646484 0.965972 0.042969 0.170833
-1 0.669531 0.969444 0.035937 0.130556
-1 0.291406 0.532639 0.035937 0.120833
-1 0.106250 0.680556 0.050000 0.155556
-1 0.088672 0.756944 0.039844 0.169444
-1 0.369922 0.398611 0.058594 0.133333
-1 0.167969 0.442361 0.029687 0.104167
-1 0.057031 0.665972 0.039062 0.162500
-1 0.793359 0.765972 0.025781 0.168056
-1 0.651953 0.921528 0.030469 0.151389
-1 0.893750 0.371528 0.031250 0.143056
-1 0.656641 0.452778 0.025781 0.147222
-1 0.653906 0.563889 0.035937 0.136111
-1 0.651953 0.395139 0.032031 0.148611
-1 0.814844 0.568056 0.039062 0.133333
-1 0.796875 0.383333 0.028125 0.108333
-1 0.717187 0.421528 0.032813 0.104167
-1 0.850391 1.014583 0.025781 0.129167
-1 0.778125 1.032639 0.020313 0.134722
-1 0.788281 0.863889 0.028125 0.091667
-1 0.823438 0.945833 0.035937 0.083333
-1 0.660547 0.115278 0.027344 0.113889
-1 0.375391 0.254167 0.033594 0.133333
-1 0.323047 0.285417 0.035156 0.104167
-1 0.979688 0.485417 0.029687 0.170833
-1 0.707812 0.227083 0.025000 0.143056
-1 0.723047 0.251389 0.025781 0.130556
-1 0.791016 0.284028 0.036719 0.098611
-1 0.917188 0.208333 0.035937 0.116667
-1 0.575000 0.163889 0.040625 0.130556
-1 0.586328 0.125000 0.027344 0.122222
-1 0.857031 0.732639 0.029687 0.162500
-1 0.839063 0.729167 0.028125 0.155556