4 0.512891 0.985417 0.080469 0.109722
4 0.418750 0.146528 0.071875 0.081944
4 0.569922 0.299306 0.069531 0.065278
4 0.407422 0.220833 0.033594 0.069444
4 0.499219 0.587500 0.087500 0.119444
4 0.601562 0.059722 0.035937 0.069444
4 0.663281 0.283333 0.056250 0.083333
4 0.823438 0.286806 0.051562 0.081944
4 0.593750 0.546528 0.043750 0.084722
4 0.748047 0.277778 0.044531 0.080556
4 0.325000 0.614583 0.085938 0.068056
4 0.676172 0.624306 0.082031 0.087500
4 0.504297 0.150694 0.049219 0.068056
4 0.723437 0.053472 0.040625 0.059722