0 0.385156 0.906250 0.167187 0.162500
4 0.162109 0.920833 0.047656 0.052778
1 0.367969 0.782639 0.184375 0.120833
-1 0.333203 0.761806 0.089844 0.084722
1 0.039062 0.662500 0.132812 0.113889
0 0.111719 0.718750 0.093750 0.084722
1 0.748828 0.590278 0.160156 0.122222
0 0.651563 0.772222 0.146875 0.108333
0 0.108203 0.481944 0.147656 0.094444
0 0.517188 0.541667 0.125000 0.111111
1 0.799219 0.895139 0.142187 0.115278
4 0.432031 0.340278 0.026562 0.038889
4 0.373047 0.309028 0.036719 0.048611
4 0.600000 0.261806 0.028125 0.048611
4 0.622656 0.284028 0.031250 0.043056
4 0.533594 0.294444 0.029687 0.036111
0 0.754687 0.377083 0.110937 0.081944
5 0.665625 0.447222 0.112500 0.102778
5 0.930078 0.785417 0.117969 0.229167
0 0.846484 0.281250 0.094531 0.065278