-1 0.096484 0.509028 0.046094 0.204167
-1 0.218359 0.488889 0.033594 0.122222
-1 0.242188 0.444444 0.039062 0.150000
-1 0.311719 0.205556 0.045312 0.175000
-1 0.278906 0.278472 0.076563 0.095833
-1 0.212891 0.261806 0.028906 0.134722
-1 0.164062 0.237500 0.053125 0.186111
-1 0.074219 0.348611 0.046875 0.119444
-1 0.038672 0.463889 0.046094 0.186111
-1 0.145703 0.368750 0.028906 0.129167
-1 0.048047 0.258333 0.036719 0.152778
-1 0.398047 0.159722 0.044531 0.105556
4 0.403125 0.690972 0.279687 0.306944
-1 0.580469 0.071528 0.048438 0.143056