-1 0.538281 0.697917 0.034375 0.123611
-1 0.473438 0.763889 0.028125 0.161111
-1 0.500391 0.781944 0.038281 0.169444
-1 0.411328 0.679167 0.052344 0.208333
-1 0.306250 0.720139 0.045312 0.179167
-1 0.257422 0.679167 0.049219 0.202778
-1 0.726172 0.575694 0.041406 0.184722
-1 0.803906 0.554167 0.045312 0.111111
-1 0.849219 0.516667 0.034375 0.130556
-1 0.875391 0.268056 0.042969 0.166667
-1 0.844141 0.341667 0.060156 0.075000
-1 0.794922 0.316667 0.027344 0.127778
-1 0.726172 0.297917 0.038281 0.131944
-1 0.598047 0.437500 0.050781 0.163889
-1 0.672656 0.406944 0.042188 0.108333
-1 0.646484 0.519444 0.041406 0.169444
-1 0.557031 0.234722 0.026562 0.183333
-1 0.591406 0.241667 0.037500 0.150000
-1 0.404687 0.238889 0.045312 0.122222
4 0.543359 1.022917 0.380469 0.248611
4 0.206641 0.395833 0.247656 0.208333
-1 0.307031 0.491667 0.046875 0.155556
-1 0.398828 0.522222 0.049219 0.125000
-1 0.455469 0.562500 0.031250 0.130556
-1 0.543750 0.397222 0.046875 0.177778
-1 0.492578 0.385417 0.053906 0.143056
-1 0.471484 0.336111 0.047656 0.163889
-1 0.514453 0.233333 0.047656 0.177778
-1 0.499609 0.654167 0.038281 0.047222
-1 0.403516 0.390972 0.038281 0.181944
-1 0.757422 0.475694 0.036719 0.165278
-1 0.626953 0.329861 0.030469 0.126389
-1 0.294922 0.218750 0.041406 0.098611
-1 0.358203 0.376389 0.033594 0.163889