0 0.363281 0.915972 0.167187 0.162500
4 0.140234 0.933333 0.047656 0.052778
1 0.346094 0.796528 0.184375 0.120833
-1 0.312109 0.774306 0.089844 0.084722
1 0.022656 0.674306 0.120313 0.104167
0 0.091406 0.728472 0.093750 0.084722
1 0.733984 0.608333 0.167969 0.127778
0 0.630469 0.784722 0.146875 0.108333
0 0.094141 0.495833 0.147656 0.094444
0 0.500781 0.559722 0.125000 0.111111
1 0.774219 0.909028 0.142187 0.115278
4 0.421875 0.356250 0.025000 0.037500
4 0.362109 0.327083 0.036719 0.048611
4 0.589063 0.279861 0.028125 0.048611
4 0.612500 0.303472 0.031250 0.043056
4 0.524219 0.313889 0.029687 0.036111
0 0.742969 0.395139 0.110937 0.081944
5 0.648828 0.466667 0.107031 0.097222
5 0.910547 0.802083 0.117969 0.229167
0 0.834766 0.300694 0.094531 0.065278