-1 0.625391 0.647917 0.035156 0.123611
-1 0.545312 0.670139 0.031250 0.101389
-1 0.114062 0.927083 0.018750 0.068056
-1 0.685156 0.882639 0.034375 0.159722
-1 0.838281 0.561806 0.026562 0.118056
-1 0.807422 0.554167 0.027344 0.133333
-1 0.827734 0.745139 0.028906 0.115278
-1 0.796094 0.877778 0.034375 0.125000
-1 0.490625 0.413194 0.031250 0.104167
-1 0.386719 0.540278 0.039062 0.122222
-1 0.382031 0.592361 0.032813 0.140278
-1 0.723828 0.875000 0.030469 0.161111
-1 0.543750 0.315278 0.043750 0.100000
-1 0.405469 0.352083 0.023438 0.081944
-1 0.340234 0.520139 0.030469 0.126389
-1 0.911328 0.595833 0.021094 0.138889
-1 0.777734 0.877083 0.027344 0.137500
-1 0.928516 0.279861 0.024219 0.112500
-1 0.770312 0.358333 0.023438 0.133333
-1 0.790625 0.445139 0.029687 0.112500
-1 0.753125 0.305556 0.028125 0.127778
-1 0.895703 0.420139 0.030469 0.104167
-1 0.862109 0.291667 0.022656 0.088889
-1 0.808203 0.322222 0.024219 0.077778
-1 0.927734 0.907639 0.024219 0.123611
-1 0.871484 0.844444 0.021094 0.141667
-1 0.916406 0.670139 0.029687 0.095833
-1 0.949219 0.717361 0.031250 0.070833