-1 0.448047 0.835417 0.039844 0.143056
-1 0.351562 0.891667 0.026562 0.152778
-1 0.384766 0.933333 0.039844 0.177778
-1 0.296484 0.830556 0.052344 0.208333
-1 0.190234 0.861806 0.052344 0.206944
-1 0.149609 0.827778 0.049219 0.202778
-1 0.636719 0.709722 0.048438 0.213889
-1 0.744531 0.687500 0.045312 0.111111
-1 0.769531 0.650694 0.037500 0.143056
-1 0.814063 0.401389 0.045312 0.175000
-1 0.773828 0.467361 0.069531 0.087500
-1 0.730078 0.458333 0.027344 0.127778
-1 0.645312 0.427778 0.043750 0.152778
-1 0.517188 0.569444 0.053125 0.172222
-1 0.594922 0.543056 0.049219 0.125000
-1 0.565234 0.668056 0.046094 0.186111
4 0.128906 0.524306 0.259375 0.218056
-1 0.217188 0.636111 0.046875 0.155556
-1 0.317188 0.662500 0.051562 0.130556
-1 0.360156 0.710417 0.035937 0.151389
-1 0.464453 0.531944 0.049219 0.186111
-1 0.418359 0.534028 0.053906 0.143056
-1 0.397266 0.484722 0.047656 0.163889
-1 0.395313 0.695833 0.046875 0.058333
-1 0.327734 0.538194 0.038281 0.181944
-1 0.675391 0.617361 0.036719 0.165278
-1 0.556641 0.457639 0.035156 0.145833
-1 0.280859 0.523611 0.033594 0.163889
-1 0.892578 0.343056 0.049219 0.175000