1 0.582031 0.295833 0.125000 0.147222
1 0.783203 0.729167 0.121094 0.188889
-1 0.781641 0.700694 0.091406 0.090278
0 0.381250 0.753472 0.135937 0.104167
1 0.220703 0.472917 0.132031 0.168056
0 0.235156 0.262500 0.137500 0.133333
1 0.164062 0.165278 0.135937 0.111111
-1 0.131641 0.164583 0.080469 0.087500
0 0.443750 0.270139 0.087500 0.101389
4 0.790234 0.422917 0.036719 0.068056
4 0.364063 0.408333 0.042188 0.041667
4 0.581250 0.427083 0.051562 0.040278
0 0.396875 0.522917 0.084375 0.126389
0 0.478125 0.533333 0.101562 0.125000
4 0.561719 0.888194 0.026562 0.090278
0 0.862500 0.591667 0.073438 0.091667