1 0.047656 0.627083 0.096875 0.106944
-1 0.041406 0.615972 0.082812 0.081944
-1 0.053906 0.826389 0.137500 0.158333
0 0.267188 0.478472 0.084375 0.095833
1 0.048047 0.504861 0.096094 0.090278
4 0.207422 0.483333 0.035156 0.052778
1 0.498828 0.844444 0.124219 0.208333
5 0.401562 0.613194 0.123438 0.176389
0 0.239453 0.382639 0.077344 0.081944
1 0.671484 0.476389 0.063281 0.097222
1 0.587891 0.511806 0.071094 0.131944
1 0.604297 0.352778 0.086719 0.083333
1 0.731641 0.806944 0.096094 0.172222
1 0.820703 0.531250 0.080469 0.093056
-1 0.818750 0.527778 0.059375 0.061111
-1 0.762109 0.544444 0.033594 0.094444
2 0.819141 0.647222 0.085156 0.111111