-1 0.369531 0.852778 0.043750 0.191667
-1 0.305078 0.813194 0.044531 0.218056
-1 0.024609 0.430556 0.050781 0.169444
-1 0.221094 0.318750 0.071875 0.162500
-1 0.449219 0.930556 0.034375 0.225000
-1 0.531641 0.501389 0.025781 0.147222
-1 0.458984 0.554861 0.046094 0.173611
-1 0.585156 0.381944 0.067187 0.161111
-1 0.762500 0.501389 0.037500 0.144444
-1 0.621094 0.478472 0.032813 0.104167
-1 0.799219 0.129861 0.039062 0.159722
-1 0.320312 0.163889 0.037500 0.147222
-1 0.231250 0.177083 0.040625 0.120833
-1 0.752734 0.327778 0.039844 0.233333
-1 0.750781 0.300000 0.031250 0.158333
-1 0.637500 0.148611 0.057813 0.183333
-1 0.703125 0.099306 0.039062 0.170833
-1 0.571875 0.909028 0.032813 0.179167
-1 0.705469 0.498611 0.032813 0.144444
-1 0.642188 0.401389 0.032813 0.113889
-1 0.657422 0.495833 0.032031 0.083333
-1 0.739844 0.743750 0.031250 0.109722
-1 0.575781 0.025694 0.039062 0.156944
-1 0.599219 0.119444 0.042188 0.150000
4 0.009375 0.118056 0.225000 0.175000
4 0.145313 0.126389 0.195312 0.205556
4 0.532031 0.672917 0.151562 0.259722
-1 0.742188 0.704167 0.031250 0.108333
-1 0.896875 0.524306 0.028125 0.195833
-1 0.836328 0.771528 0.036719 0.198611
-1 0.871875 0.728472 0.034375 0.209722
-1 0.817187 0.531250 0.037500 0.154167