-1 0.577734 0.656944 0.036719 0.130556
-1 0.496094 0.677778 0.032813 0.105556
-1 0.058984 0.935417 0.017969 0.065278
-1 0.632031 0.890278 0.035937 0.166667
-1 0.792188 0.569444 0.029687 0.130556
-1 0.760156 0.560417 0.028125 0.140278
-1 0.780078 0.753472 0.032031 0.126389
-1 0.742188 0.884722 0.035937 0.130556
-1 0.446094 0.422917 0.032813 0.109722
-1 0.342969 0.545833 0.039062 0.122222
-1 0.332813 0.597917 0.032813 0.140278
-1 0.673047 0.881944 0.030469 0.161111
-1 0.500781 0.322222 0.043750 0.100000
-1 0.360938 0.359722 0.025000 0.086111
-1 0.293359 0.529861 0.030469 0.126389
-1 0.864844 0.603472 0.025000 0.159722
-1 0.726172 0.884028 0.027344 0.137500
-1 0.887109 0.289583 0.024219 0.112500
-1 0.727734 0.361806 0.022656 0.126389
-1 0.746094 0.450694 0.029687 0.112500
-1 0.711328 0.310417 0.028906 0.134722
-1 0.851953 0.438194 0.032031 0.109722
-1 0.819922 0.298611 0.022656 0.088889
-1 0.764844 0.329861 0.023438 0.073611
-1 0.873828 0.915972 0.024219 0.123611
-1 0.820703 0.852778 0.021094 0.141667
-1 0.864062 0.672917 0.029687 0.095833
-1 0.901563 0.726389 0.032813 0.075000