4 0.794531 1.015278 0.145313 0.366667
4 0.629687 1.041667 0.101562 0.236111
4 0.927344 1.068056 0.114062 0.236111
-1 0.774609 0.227083 0.033594 0.156944
-1 0.744922 0.241667 0.030469 0.125000
-1 0.504297 0.429167 0.032031 0.147222
-1 0.764453 0.640278 0.049219 0.152778
-1 0.940625 0.632639 0.050000 0.109722
-1 0.535156 0.600694 0.029687 0.159722
-1 0.893750 0.595833 0.037500 0.122222
-1 0.699609 0.601389 0.042969 0.150000
-1 0.651953 0.602778 0.036719 0.152778
-1 0.780469 0.485417 0.039062 0.106944
-1 0.564063 0.431944 0.054688 0.094444
-1 0.858594 0.576389 0.037500 0.116667
-1 0.928125 0.887500 0.037500 0.116667
4 0.913281 0.750694 0.257812 0.170833
-1 0.335938 0.406250 0.039062 0.098611
-1 0.355078 0.466667 0.038281 0.097222
-1 0.448828 0.432639 0.049219 0.109722
-1 0.633984 0.564583 0.030469 0.162500
-1 0.192578 0.886806 0.041406 0.176389
-1 0.714063 0.952778 0.031250 0.141667
-1 0.681641 0.905556 0.047656 0.188889
-1 0.607031 0.485417 0.035937 0.131944
-1 0.598828 0.634028 0.035156 0.137500
-1 0.471875 0.340278 0.035937 0.138889
-1 0.564063 0.611806 0.025000 0.151389
-1 0.103125 0.430556 0.028125 0.105556
-1 0.822656 0.568056 0.029687 0.141667
-1 0.976953 0.542361 0.030469 0.104167
-1 0.150391 0.475000 0.035156 0.102778
-1 0.298047 0.256250 0.038281 0.145833
-1 0.231641 0.255556 0.041406 0.144444
-1 0.189844 0.327083 0.042188 0.143056