-1 0.617188 0.771528 0.032813 0.118056
-1 0.560937 0.822222 0.028125 0.161111
-1 0.588672 0.841667 0.038281 0.169444
-1 0.485156 0.746528 0.050000 0.198611
-1 0.392188 0.793750 0.045312 0.179167
-1 0.351172 0.762500 0.044531 0.183333
-1 0.782422 0.617361 0.041406 0.184722
-1 0.850781 0.590972 0.043750 0.106944
-1 0.899219 0.550000 0.034375 0.130556
-1 0.902344 0.300000 0.040625 0.158333
-1 0.876172 0.376389 0.060156 0.075000
-1 0.830469 0.349306 0.026562 0.120833
-1 0.784375 0.337500 0.035937 0.125000
-1 0.647266 0.491667 0.050781 0.163889
-1 0.721875 0.455556 0.040625 0.102778
-1 0.699609 0.569444 0.041406 0.169444
-1 -0.001953 0.688194 0.049219 0.198611
-1 0.592969 0.290972 0.028125 0.193056
-1 0.630078 0.291667 0.039844 0.158333
-1 0.451172 0.310417 0.047656 0.129167
4 0.657422 1.038889 0.328906 0.213889
4 0.262500 0.477083 0.285938 0.240278
-1 0.369141 0.561806 0.044531 0.148611
-1 0.475391 0.591667 0.049219 0.125000
-1 0.524219 0.611111 0.031250 0.130556
-1 0.593750 0.456944 0.046875 0.177778
-1 0.539062 0.444444 0.051562 0.136111
-1 0.513281 0.397222 0.045312 0.155556
-1 0.553516 0.287500 0.047656 0.177778