1 0.055859 0.673611 0.092969 0.108333
-1 0.039844 0.668056 0.059375 0.061111
0 0.115625 0.877083 0.087500 0.148611
1 0.181641 0.344444 0.058594 0.086111
0 0.063281 0.339583 0.089063 0.068056
0 0.265625 0.642361 0.131250 0.118056
0 0.316406 0.867361 0.148438 0.126389
1 0.553516 0.791667 0.107031 0.152778
-1 0.557813 0.793056 0.076563 0.108333
0 0.458203 0.756944 0.107031 0.119444
1 0.601562 0.424306 0.073438 0.079167
0 0.246094 0.213889 0.065625 0.075000
0 0.466797 0.214583 0.108594 0.065278
0 0.594531 0.581250 0.115625 0.093056
5 0.463281 0.397917 0.059375 0.098611
0 0.716016 0.396528 0.053906 0.076389
0 0.874609 0.680556 0.069531 0.122222
1 0.882031 0.477778 0.078125 0.102778
1 0.813672 0.497917 0.064844 0.084722
0 0.355469 0.406944 0.059375 0.063889