4 0.608984 0.920139 0.135156 0.154167
4 0.809766 0.654861 0.069531 0.176389
4 0.903906 0.829167 0.148438 0.130556
4 0.729297 0.683333 0.064844 0.152778
4 0.887891 0.670139 0.063281 0.131944
-1 0.683594 0.231250 0.018750 0.087500
-1 0.657813 0.236806 0.020313 0.084722
-1 0.555078 0.357639 0.017969 0.081944
-1 0.735547 0.450694 0.027344 0.084722
-1 0.925391 0.354861 0.021094 0.081944
-1 0.842969 0.399306 0.026562 0.081944
-1 0.408594 0.322222 0.021875 0.072222
-1 0.381641 0.284028 0.025781 0.090278
-1 0.333594 0.266667 0.021875 0.066667
-1 0.600000 0.432639 0.017188 0.093056
-1 0.797266 0.415278 0.022656 0.075000
-1 0.692969 0.432639 0.025000 0.087500
-1 0.665234 0.440278 0.021094 0.088889
-1 0.730078 0.343750 0.024219 0.065278
-1 0.593359 0.341667 0.028906 0.050000
-1 0.917969 0.107639 0.021875 0.068056