0 0.042969 0.906250 0.087500 0.148611
1 0.123828 0.354861 0.061719 0.090278
0 0.201563 0.663194 0.125000 0.112500
0 0.244141 0.895833 0.155469 0.133333
1 0.495703 0.816667 0.107031 0.152778
-1 0.498437 0.822222 0.084375 0.119444
0 0.399219 0.783333 0.112500 0.125000
1 0.559375 0.438194 0.073438 0.079167
0 0.194531 0.222222 0.065625 0.075000
0 0.425781 0.222222 0.114062 0.069444
0 0.545703 0.597917 0.121094 0.098611
5 0.415625 0.408333 0.062500 0.102778
0 0.677734 0.407639 0.053906 0.076389
0 0.833984 0.701389 0.069531 0.122222
1 0.848828 0.493056 0.082031 0.108333
1 0.776172 0.513889 0.067969 0.088889
0 0.302344 0.419444 0.062500 0.066667