0 0.426563 0.629861 0.114062 0.143056
0 0.200391 0.600000 0.103906 0.116667
0 0.183203 0.743056 0.122656 0.133333
0 0.394141 0.757639 0.127344 0.137500
0 0.637891 0.563889 0.103906 0.122222
1 0.614453 0.779167 0.111719 0.177778
-1 0.591797 0.795833 0.047656 0.130556
1 0.639453 0.361111 0.086719 0.111111
-1 0.609375 0.325000 0.029687 0.055556
0 0.513281 0.288194 0.068750 0.168056
0 0.635938 0.081944 0.075000 0.105556
0 0.796094 0.353472 0.120313 0.115278
0 0.802734 0.497917 0.103906 0.129167
0 0.816016 0.640972 0.103906 0.168056
3 0.296875 0.407639 0.073438 0.331944
3 0.411719 0.265278 0.082812 0.183333
3 0.307031 0.696528 0.060937 0.259722
0 0.819922 0.802778 0.094531 0.161111