0 0.162891 0.870139 0.072656 0.101389
1 0.289844 0.658333 0.065625 0.077778
0 0.368750 0.847222 0.095312 0.105556
1 0.486719 0.840278 0.079687 0.080556
0 0.481250 0.714583 0.064062 0.059722
0 0.558984 0.658333 0.067969 0.061111
0 0.717969 0.861806 0.085938 0.098611
1 0.568750 0.540278 0.067187 0.063889
1 0.123438 0.778472 0.075000 0.062500
4 0.800781 0.657639 0.032813 0.040278
1 0.362500 0.686111 0.064062 0.080556
-1 0.365625 0.676389 0.051562 0.063889
1 0.593750 0.851389 0.087500 0.144444
0 0.723437 0.656250 0.079687 0.118056
0 0.466797 0.474306 0.074219 0.056944
0 0.311328 0.375694 0.055469 0.056944
0 0.607031 0.380556 0.075000 0.066667