0 0.082031 0.229167 0.279687 0.227778
4 0.710938 0.779861 0.076563 0.104167
4 0.481641 0.186111 0.064844 0.075000
4 0.637500 0.297917 0.037500 0.062500
4 0.247266 0.559028 0.063281 0.090278
4 0.490234 0.251389 0.030469 0.063889
4 0.397656 0.122917 0.051562 0.051389
4 0.676953 0.556250 0.075781 0.104167
4 0.594531 0.085417 0.032813 0.062500
4 0.708984 0.268056 0.050781 0.075000
4 0.828125 0.247917 0.057813 0.070833
4 0.736719 0.511806 0.043750 0.084722
4 0.774609 0.247222 0.036719 0.066667
4 0.470703 0.533333 0.082031 0.063889
4 0.825000 0.563194 0.064062 0.068056
4 0.307812 0.151389 0.060937 0.052778
4 0.546094 0.172222 0.042188 0.058333