1 0.873437 0.642361 0.151562 0.179167
1 0.375781 0.732639 0.145313 0.184722
0 0.504687 0.518056 0.151562 0.147222
0 0.713281 0.563194 0.106250 0.123611
4 0.594922 0.702778 0.053906 0.052778
4 0.823438 0.789583 0.068750 0.054167
0 0.573828 0.817361 0.080469 0.120833
0 0.594141 0.893056 0.083594 0.102778
4 0.298438 0.566667 0.050000 0.055556
5 0.688672 1.013194 0.144531 0.226389
-1 0.341406 0.759722 0.051562 0.102778
0 0.173047 0.663194 0.191406 0.143056
4 0.418359 0.874306 0.047656 0.059722
4 0.462500 0.813889 0.046875 0.050000
1 0.480469 0.372917 0.167187 0.109722
-1 0.439453 0.365972 0.089844 0.084722
1 0.105859 0.328472 0.114844 0.098611
0 0.193750 0.372222 0.098437 0.088889