-1 0.397266 0.955556 0.042969 0.150000
-1 0.276172 0.956944 0.041406 0.136111
-1 0.766016 0.852778 0.041406 0.183333
-1 0.712891 0.842361 0.038281 0.187500
-1 0.339062 0.597917 0.042188 0.140278
-1 0.083594 0.745833 0.057813 0.180556
-1 0.057031 0.836806 0.043750 0.187500
-1 0.427734 0.455556 0.064844 0.147222
-1 0.190625 0.485417 0.034375 0.120833
-1 0.037891 0.724306 0.041406 0.170833
-1 0.860938 0.900000 0.029687 0.194444
-1 0.746484 0.528472 0.024219 0.140278
-1 0.725000 0.643750 0.043750 0.165278
-1 0.749219 0.479167 0.039062 0.180556
-1 0.911719 0.670833 0.039062 0.133333
-1 0.915234 0.466667 0.032031 0.125000
-1 0.814844 0.493750 0.031250 0.098611
-1 0.798047 0.153472 0.033594 0.137500
-1 0.453906 0.294444 0.037500 0.147222
-1 0.389844 0.311806 0.040625 0.120833
-1 0.835547 0.288889 0.028906 0.166667
-1 0.848047 0.313889 0.025781 0.130556
-1 0.916016 0.359028 0.036719 0.098611
-1 0.706641 0.190278 0.049219 0.158333
-1 0.719922 0.164583 0.032031 0.140278
-1 0.937500 0.871528 0.032813 0.179167
-1 0.923047 0.859722 0.032031 0.180556
-1 0.882812 0.479167 0.028125 0.125000
-1 0.804688 0.412500 0.029687 0.102778
-1 0.848047 0.486806 0.033594 0.087500
-1 0.978125 0.552778 0.028125 0.100000