-1 0.610156 0.772917 0.032813 0.118056
-1 0.552344 0.812500 0.028125 0.161111
-1 0.579297 0.830556 0.038281 0.169444
-1 0.478906 0.735417 0.050000 0.198611
-1 0.383594 0.779861 0.045312 0.179167
-1 0.338672 0.744444 0.044531 0.183333
-1 0.777734 0.609028 0.041406 0.184722
-1 0.846094 0.585417 0.043750 0.106944
-1 0.896094 0.545833 0.034375 0.130556
-1 0.902734 0.301389 0.042969 0.166667
-1 0.877734 0.372222 0.060156 0.075000
-1 0.827734 0.344444 0.027344 0.127778
-1 0.782031 0.336111 0.035937 0.125000
-1 0.644141 0.483333 0.050781 0.163889
-1 0.718750 0.447222 0.042188 0.108333
-1 0.695703 0.561111 0.041406 0.169444
-1 0.000000 0.669444 0.046875 0.188889
-1 0.591406 0.282639 0.028125 0.193056
-1 0.626953 0.284028 0.041406 0.165278
-1 0.451172 0.299306 0.047656 0.129167
4 0.635938 1.052778 0.345313 0.225000
4 0.257031 0.465972 0.285938 0.240278
-1 0.363672 0.550694 0.044531 0.148611
-1 0.469141 0.586111 0.049219 0.125000
-1 0.517969 0.601389 0.031250 0.130556
-1 0.590625 0.447222 0.046875 0.177778
-1 0.535156 0.434722 0.051562 0.136111
-1 0.509375 0.387500 0.045312 0.155556
-1 0.551562 0.282639 0.050000 0.187500