-1 0.244141 0.893056 0.047656 0.211111
-1 0.183984 0.859028 0.044531 0.218056
-1 0.189062 0.327083 0.071875 0.162500
-1 0.323047 0.982639 0.024219 0.159722
-1 0.476953 0.557639 0.027344 0.154167
-1 0.402734 0.604861 0.046094 0.173611
-1 0.546875 0.441667 0.067187 0.161111
-1 0.714844 0.584028 0.035937 0.137500
-1 0.576562 0.545833 0.034375 0.108333
-1 0.820703 0.196528 0.036719 0.151389
-1 0.310547 0.186111 0.041406 0.161111
-1 0.209375 0.189583 0.040625 0.120833
-1 0.746484 0.419444 0.044531 0.258333
-1 0.748437 0.364583 0.028125 0.143056
-1 0.655859 0.203472 0.060156 0.193056
-1 0.733594 0.157639 0.040625 0.179167
-1 0.472266 0.925000 0.027344 0.147222
-1 0.661719 0.486111 0.023438 0.102778
-1 0.608594 0.488194 0.043750 0.151389
-1 0.614453 0.566667 0.032031 0.083333
-1 0.718750 0.747222 0.029687 0.141667
-1 0.604297 0.075000 0.036719 0.150000
-1 0.618750 0.164583 0.046875 0.165278
4 0.452344 0.738194 0.151562 0.259722
-1 0.666016 0.829861 0.028906 0.176389
-1 0.874219 0.629167 0.029687 0.205556
-1 0.755859 0.879167 0.035156 0.188889
-1 0.798438 0.866667 0.032813 0.200000
-1 0.788281 0.625694 0.039062 0.162500
-1 0.914844 0.821528 0.032813 0.165278
-1 0.954688 0.811806 0.035937 0.093056
-1 0.888672 0.139583 0.032031 0.159722
-1 0.908984 0.557639 0.038281 0.165278