0 0.533203 0.817361 0.082031 0.140278
0 0.414844 0.830556 0.090625 0.177778
0 0.220312 0.811806 0.082812 0.159722
0 0.113672 0.533333 0.075781 0.108333
0 0.642578 0.441667 0.071094 0.086111
1 0.509766 0.543056 0.077344 0.119444
-1 0.498047 0.533333 0.036719 0.072222
0 0.408203 0.597917 0.069531 0.112500
0 0.711719 0.840278 0.067187 0.119444
0 0.364453 0.413889 0.072656 0.080556
0 0.409766 0.181944 0.049219 0.069444
0 0.392188 0.129167 0.050000 0.044444
0 0.513672 0.309028 0.067969 0.118056
1 0.785547 0.579167 0.064844 0.144444
3 0.783594 0.822917 0.051562 0.270833
3 0.426563 0.694444 0.126562 0.058333
3 0.226172 0.947222 0.099219 0.100000
3 0.347266 0.266667 0.030469 0.100000
3 0.142578 0.768750 0.086719 0.165278