-1 0.398047 0.923611 0.042969 0.150000
-1 0.277344 0.926389 0.043750 0.141667
-1 0.759766 0.820833 0.041406 0.183333
-1 0.707422 0.811806 0.038281 0.187500
-1 0.326562 0.571528 0.042188 0.140278
-1 0.081250 0.723611 0.057813 0.180556
-1 0.053906 0.813194 0.043750 0.187500
-1 0.416797 0.429167 0.064844 0.147222
-1 0.181250 0.461806 0.032813 0.115278
-1 0.033984 0.703472 0.041406 0.170833
-1 0.856250 0.881944 0.029687 0.194444
-1 0.997656 0.418056 0.028125 0.130556
-1 0.733203 0.504861 0.027344 0.154167
-1 0.717187 0.613194 0.043750 0.165278
-1 0.735156 0.448611 0.039062 0.180556
-1 0.895312 0.634722 0.039062 0.133333
-1 0.898828 0.437500 0.030469 0.119444
-1 0.802344 0.465972 0.031250 0.098611
-1 0.776953 0.127778 0.035156 0.144444
-1 0.439844 0.265278 0.037500 0.147222
-1 0.375781 0.288194 0.040625 0.120833
-1 0.817578 0.261111 0.028906 0.166667
-1 0.830859 0.283333 0.025781 0.130556
-1 0.897266 0.329861 0.036719 0.098611
-1 1.018359 0.375000 0.039844 0.127778
-1 0.683203 0.161111 0.049219 0.158333
-1 0.700391 0.139583 0.032031 0.140278
-1 0.928906 0.838194 0.032813 0.179167
-1 0.915234 0.825000 0.032031 0.180556
-1 0.867969 0.451389 0.028125 0.125000
-1 0.789844 0.381944 0.029687 0.102778
-1 0.833984 0.454861 0.033594 0.087500
-1 0.964844 0.529167 0.029687 0.105556