0 0.116016 0.696528 0.074219 0.068056
1 0.131641 0.626389 0.069531 0.069444
0 0.392969 0.477778 0.075000 0.061111
0 0.520703 0.416667 0.069531 0.061111
1 0.551172 0.618056 0.055469 0.047222
0 0.524219 0.775694 0.085938 0.087500
4 0.509375 0.717361 0.034375 0.026389
4 0.374219 0.684722 0.018750 0.044444
4 0.453516 0.516667 0.022656 0.036111
0 0.465625 0.663889 0.085938 0.080556
1 0.616406 0.662500 0.075000 0.088889
0 0.635547 0.809722 0.086719 0.086111
0 0.773438 0.647917 0.056250 0.062500
0 0.745313 0.598611 0.048438 0.058333
0 0.747266 0.988194 0.078906 0.112500
5 0.339844 1.018056 0.240625 0.302778
5 0.283594 0.568750 0.075000 0.084722
1 0.631641 0.940278 0.077344 0.108333
-1 0.629687 0.955556 0.059375 0.063889
0 0.724219 0.770139 0.051562 0.065278
0 0.939844 0.819444 0.098437 0.108333