0 0.510547 1.027778 0.174219 0.283333
1 0.081641 0.918750 0.188281 0.273611
1 0.195703 0.471528 0.113281 0.218056
1 0.416797 0.568056 0.139844 0.202778
-1 0.416016 0.568750 0.075781 0.159722
0 0.685937 0.679861 0.164062 0.229167
1 0.380859 1.063194 0.116406 0.262500
1 0.068750 0.401389 0.115625 0.211111
-1 0.115234 0.347917 0.058594 0.093056
-1 0.068359 0.420833 0.074219 0.119444
3 0.313281 0.427778 0.068750 0.180556
0 0.744922 0.353472 0.125781 0.129167
0 0.936328 0.293750 0.125781 0.131944
0 0.809375 0.668750 0.131250 0.248611
4 0.862500 0.918750 0.050000 0.062500
3 0.537891 0.890972 0.080469 0.076389
3 0.314844 0.852778 0.145313 0.211111
4 0.761328 0.193750 0.019531 0.054167
3 0.283984 0.326389 0.142969 0.113889
4 0.098047 0.704167 0.050781 0.077778