1 0.198828 0.754167 0.072656 0.086111
0 0.371094 0.863194 0.070312 0.065278
0 0.473438 0.818056 0.075000 0.066667
1 0.538281 0.683333 0.067187 0.063889
4 0.756250 0.876389 0.035937 0.044444
1 0.264062 0.799306 0.067187 0.084722
-1 0.268750 0.802778 0.040625 0.050000
0 0.667188 0.863889 0.087500 0.130556
0 0.457813 0.586806 0.078125 0.059722
0 0.341797 0.450694 0.058594 0.059722
0 0.642578 0.504167 0.086719 0.077778
0 0.924609 0.445139 0.060156 0.040278
0 0.922266 0.636806 0.074219 0.054167
1 0.753906 0.702083 0.067187 0.070833
1 0.621484 0.693056 0.047656 0.083333
1 0.273047 0.609028 0.058594 0.104167