-1 0.264453 0.945833 0.047656 0.211111
-1 0.205078 0.884722 0.046094 0.227778
-1 0.182812 0.378472 0.071875 0.162500
-1 0.342969 1.021528 0.028125 0.184722
-1 0.476953 0.595139 0.027344 0.154167
-1 0.407422 0.645139 0.046094 0.173611
-1 0.542188 0.479167 0.067187 0.161111
-1 0.707812 0.611111 0.037500 0.144444
-1 0.573438 0.582639 0.032813 0.104167
-1 0.798828 0.229167 0.035156 0.144444
-1 0.295703 0.234722 0.041406 0.161111
-1 0.198828 0.234028 0.042969 0.126389
-1 0.725000 0.456250 0.042188 0.245833
-1 0.728906 0.404167 0.031250 0.158333
-1 0.629687 0.240278 0.054688 0.175000
-1 0.705469 0.192361 0.040625 0.179167
-1 0.483203 0.973611 0.027344 0.147222
-1 0.657031 0.558333 0.029687 0.130556
-1 0.600781 0.497222 0.032813 0.113889
-1 0.608984 0.597222 0.032031 0.083333
-1 0.717969 0.770833 0.029687 0.141667
-1 0.577734 0.095833 0.036719 0.150000
-1 0.594922 0.200694 0.044531 0.156944
4 0.459375 0.772917 0.151562 0.259722
-1 0.671484 0.853472 0.028906 0.176389
-1 0.864844 0.648611 0.031250 0.216667
-1 0.769141 0.892361 0.036719 0.198611
-1 0.803906 0.888889 0.029687 0.180556
-1 0.779687 0.650694 0.039062 0.162500
-1 0.914844 0.835417 0.032813 0.165278
-1 0.957812 0.822917 0.035937 0.093056