0 0.027344 0.347222 0.126562 0.086111
0 0.110937 0.150694 0.109375 0.068056
0 0.376563 0.172222 0.112500 0.066667
0 0.148047 0.438194 0.138281 0.109722
5 0.167187 0.248611 0.092188 0.113889
0 0.422656 0.202778 0.129688 0.072222
0 0.539453 0.051389 0.102344 0.061111
0 0.367188 0.290972 0.117188 0.073611
0 0.347656 0.568056 0.179688 0.130556
0 0.520312 0.428472 0.100000 0.068056
0 0.455078 0.362500 0.110156 0.069444
5 0.303125 0.417361 0.151562 0.145833
3 0.031250 0.602083 0.112500 0.131944
3 0.174609 0.735417 0.146094 0.165278
0 0.734375 0.395833 0.120313 0.091667
0 0.881250 0.662500 0.132812 0.127778
0 0.493750 0.689583 0.201563 0.176389