0 0.151562 0.485417 0.065625 0.093056
0 0.202344 0.400694 0.070312 0.062500
0 0.088281 0.758333 0.075000 0.130556
3 0.094531 0.469444 0.054688 0.180556
0 0.044922 0.608333 0.035156 0.066667
0 0.400781 0.549306 0.064062 0.098611
1 0.439453 0.594444 0.075781 0.111111
1 0.265234 0.512500 0.061719 0.094444
1 0.188672 0.771528 0.061719 0.151389
0 0.604688 0.899306 0.079687 0.179167
4 0.439453 0.848611 0.025781 0.044444
2 0.329297 1.008333 0.085156 0.147222
1 0.475781 0.282639 0.070312 0.079167
3 0.480078 0.420139 0.072656 0.145833
1 0.617578 0.302083 0.055469 0.095833
0 0.790234 0.402083 0.089844 0.098611
0 0.280078 0.744444 0.082031 0.130556
0 0.558594 0.656944 0.070312 0.130556
0 0.816016 0.267361 0.060156 0.101389
0 0.380078 0.253472 0.057031 0.095833
0 0.765625 0.809722 0.087500 0.175000
0 0.689844 0.700000 0.064062 0.108333