0 0.147656 0.125694 0.106250 0.059722
0 -0.000781 0.202083 0.117188 0.073611
0 0.048438 0.374306 0.082812 0.056944
0 0.035156 0.284722 0.115625 0.072222
0 0.311328 0.380556 0.146094 0.111111
0 0.221875 0.725694 0.178125 0.170833
3 0.096875 0.613194 0.089063 0.159722
0 0.489453 0.592361 0.166406 0.115278
0 0.464062 0.301389 0.118750 0.072222
0 0.654297 0.544444 0.153906 0.133333
0 0.570703 0.455556 0.105469 0.102778
0 0.806641 0.270139 0.130469 0.098611
0 0.628125 0.183333 0.087500 0.080556
0 0.845313 0.398611 0.118750 0.100000
0 0.842578 0.488194 0.096094 0.073611
3 0.185938 0.391667 0.060937 0.161111
3 0.851953 0.753472 0.127344 0.206944