4 0.667578 0.756944 0.060156 0.075000
4 0.108984 0.738889 0.089844 0.094444
4 0.250000 0.666667 0.054688 0.083333
4 0.306641 0.697917 0.072656 0.068056
4 0.620313 0.536111 0.053125 0.061111
4 0.683984 0.409028 0.044531 0.093056
1 0.221094 0.470833 0.187500 0.247222
4 0.774609 0.675000 0.067969 0.052778
4 0.753516 0.583333 0.058594 0.050000
4 0.733203 0.477083 0.064844 0.056944
4 0.991016 0.448611 0.042969 0.072222
4 0.790234 0.354861 0.058594 0.084722
4 0.898438 0.419444 0.057813 0.072222
1 0.920703 0.618056 0.158594 0.155556
0 0.033203 0.510417 0.183594 0.223611