-1 0.461328 0.576389 0.038281 0.136111
-1 0.389844 0.637500 0.026562 0.152778
-1 0.416016 0.659722 0.038281 0.169444
-1 0.328906 0.559028 0.050000 0.198611
-1 0.219922 0.593750 0.047656 0.187500
-1 0.172266 0.550000 0.049219 0.202778
-1 0.650000 0.457639 0.039062 0.176389
-1 0.733594 0.433333 0.045312 0.111111
-1 0.775781 0.400000 0.035937 0.136111
-1 0.807422 0.156944 0.042969 0.166667
-1 0.772266 0.220833 0.066406 0.083333
-1 0.725391 0.202083 0.028906 0.134722
-1 0.651172 0.177083 0.041406 0.145833
-1 0.523047 0.311111 0.050781 0.163889
-1 0.600781 0.281944 0.042188 0.108333
-1 0.571094 0.406944 0.043750 0.177778
4 0.452734 0.900694 0.380469 0.248611
4 0.130469 0.263194 0.259375 0.218056
-1 0.229687 0.361111 0.046875 0.155556
-1 0.323047 0.395833 0.049219 0.125000
-1 0.378906 0.438194 0.032813 0.137500
-1 0.469141 0.273611 0.049219 0.186111
-1 0.419922 0.264583 0.053906 0.143056
-1 0.401953 0.219444 0.047656 0.163889
-1 0.417187 0.533333 0.042188 0.052778
-1 0.329297 0.267361 0.038281 0.181944
-1 0.680859 0.357639 0.035156 0.156944
-1 0.556641 0.200694 0.030469 0.126389
-1 0.287109 0.258333 0.033594 0.163889