-1 0.676562 0.613194 0.031250 0.112500
-1 0.628906 0.676389 0.028125 0.161111
-1 0.658203 0.694444 0.036719 0.161111
-1 0.539453 0.616667 0.047656 0.188889
-1 0.465625 0.668750 0.045312 0.179167
-1 0.416016 0.648611 0.044531 0.183333
-1 0.814453 0.457639 0.041406 0.184722
-1 0.880859 0.427083 0.041406 0.101389
-1 0.917188 0.389583 0.028125 0.106944
-1 0.903906 0.141667 0.040625 0.158333
-1 0.877734 0.215278 0.060156 0.075000
-1 0.837500 0.190972 0.025000 0.115278
-1 0.790625 0.186111 0.034375 0.119444
-1 0.672266 0.354167 0.050781 0.163889
-1 0.743359 0.307639 0.036719 0.093056
-1 0.729297 0.420833 0.041406 0.169444
-1 0.062891 0.625000 0.044531 0.180556
-1 0.018750 0.632639 0.037500 0.201389
-1 0.600000 0.167361 0.028125 0.193056
-1 0.633594 0.185417 0.035937 0.143056
-1 0.466797 0.202778 0.042969 0.116667
4 0.747656 0.886111 0.345313 0.225000
4 0.297266 0.384028 0.272656 0.229167
-1 0.411328 0.456250 0.044531 0.148611
-1 0.518359 0.472222 0.049219 0.125000
-1 0.560937 0.481944 0.029687 0.125000
-1 0.618359 0.327778 0.044531 0.169444
-1 0.571875 0.336111 0.051562 0.136111
-1 0.535156 0.279167 0.045312 0.155556
-1 0.562891 0.174306 0.041406 0.154167