-1 0.230859 0.833333 0.047656 0.211111
-1 0.167187 0.776389 0.043750 0.216667
-1 0.198437 0.238194 0.071875 0.162500
-1 0.300781 0.906250 0.028125 0.184722
-1 0.480078 0.482639 0.027344 0.154167
-1 0.402734 0.528472 0.046094 0.173611
-1 0.563281 0.369444 0.070312 0.169444
-1 0.725000 0.517361 0.035937 0.137500
-1 0.583203 0.477778 0.036719 0.113889
-1 0.850000 0.117361 0.040625 0.168056
-1 0.772266 0.338889 0.044531 0.258333
-1 0.768750 0.293750 0.028125 0.143056
-1 0.681641 0.122917 0.060156 0.193056
-1 0.763281 0.106250 0.039062 0.170833
-1 0.440625 0.914583 0.031250 0.170833
-1 0.668359 0.404167 0.024219 0.108333
-1 0.625391 0.409722 0.046094 0.158333
-1 0.619141 0.494444 0.032031 0.083333
-1 0.725000 0.686806 0.031250 0.148611
-1 0.652734 0.096528 0.049219 0.173611
4 0.476172 0.665972 0.222656 0.259722
-1 0.662109 0.774306 0.028906 0.176389
-1 0.887500 0.572222 0.029687 0.205556
-1 0.742188 0.826389 0.039062 0.208333
-1 0.795312 0.811111 0.032813 0.200000
-1 0.799219 0.570139 0.039062 0.162500
-1 0.912500 0.771528 0.031250 0.156944
-1 0.960156 0.759028 0.035937 0.093056
-1 0.921484 0.059028 0.036719 0.184722
-1 0.930859 0.490972 0.038281 0.165278