1 0.143750 0.559722 0.107813 0.130556
0 0.102734 0.299306 0.138281 0.084722
0 0.042188 0.776389 0.140625 0.113889
0 0.310547 0.546528 0.072656 0.101389
0 0.359375 0.954861 0.089063 0.156944
1 0.495312 0.678472 0.115625 0.151389
1 0.377734 0.693750 0.071094 0.093056
1 0.212109 1.004861 0.099219 0.137500
0 0.165234 0.712500 0.082031 0.077778
1 0.394531 0.355556 0.065625 0.077778
0 0.493359 0.529167 0.091406 0.100000
1 0.607422 0.519444 0.075781 0.077778
0 0.583594 0.407639 0.060937 0.056944
0 0.648047 0.354167 0.067969 0.061111
0 0.814063 0.536806 0.078125 0.090278
1 0.635156 0.247917 0.064062 0.059722
0 0.807813 0.779861 0.143750 0.173611
1 0.489453 0.932639 0.086719 0.123611
1 0.650781 0.698611 0.112500 0.088889
1 0.255078 0.463194 0.067969 0.056944
4 0.864062 0.359722 0.029687 0.036111
1 0.464844 0.372917 0.060937 0.076389
-1 0.468359 0.362500 0.044531 0.055556
1 0.696875 0.531944 0.079687 0.130556