0 0.655078 0.838889 0.136719 0.222222
1 0.313281 0.779861 0.179688 0.259722
-1 0.365625 0.860417 0.056250 0.148611
1 0.329297 0.395833 0.102344 0.197222
1 0.516797 0.437500 0.114844 0.166667
-1 0.534375 0.425000 0.068750 0.144444
0 0.755859 0.492361 0.116406 0.162500
1 0.494922 0.927778 0.141406 0.319444
1 0.205469 0.344444 0.104688 0.191667
-1 0.236719 0.300000 0.056250 0.088889
-1 0.189062 0.368056 0.067187 0.108333
0 0.057422 0.343056 0.107031 0.202778
3 0.432422 0.369444 0.061719 0.163889
0 0.848047 0.919444 0.144531 0.250000
0 0.766016 0.236111 0.108594 0.111111