0 0.064453 0.577778 0.108594 0.136111
0 0.254297 0.711111 0.103906 0.122222
1 0.139063 0.852778 0.106250 0.169444
-1 0.114453 0.836111 0.047656 0.130556
1 0.343359 0.548611 0.086719 0.111111
-1 0.335547 0.494444 0.039844 0.075000
0 0.279687 0.393750 0.071875 0.176389
0 0.475781 0.674306 0.120313 0.115278
0 0.425781 0.817361 0.132812 0.165278
3 0.071094 0.375694 0.060937 0.273611
3 0.208203 0.313889 0.091406 0.158333
5 0.602734 0.565972 0.116406 0.148611
5 0.705078 0.654861 0.064844 0.129167
0 0.603125 0.373611 0.115625 0.163889
0 0.444922 0.321528 0.072656 0.104167