1 0.221875 0.729861 0.068750 0.081944
0 0.402344 0.817361 0.067187 0.062500
0 0.499609 0.763889 0.071094 0.063889
1 0.546875 0.628472 0.064062 0.059722
1 0.039453 0.834028 0.078906 0.065278
4 0.776563 0.793056 0.034375 0.041667
1 0.291406 0.767361 0.067187 0.084722
-1 0.293359 0.766667 0.044531 0.055556
0 0.689063 0.787500 0.092188 0.136111
0 0.460156 0.543750 0.078125 0.059722
0 0.331641 0.422917 0.058594 0.059722
0 0.634766 0.450000 0.078906 0.069444
0 0.910937 0.915972 0.104688 0.098611
0 0.901172 0.371528 0.060156 0.040278
0 0.914062 0.553472 0.070312 0.051389