1 0.064062 0.593056 0.093750 0.136111
-1 0.063281 0.623611 0.064062 0.097222
-1 0.146484 0.345139 0.088281 0.112500
1 -0.006641 0.452083 0.069531 0.073611
1 0.280469 0.493750 0.076563 0.090278
1 0.053906 0.714583 0.107813 0.134722
2 0.129688 0.714583 0.070312 0.109722
2 0.432031 0.572917 0.062500 0.101389
2 0.501172 0.897917 0.080469 0.151389
0 0.507812 0.616667 0.131250 0.136111
0 0.602344 0.481250 0.081250 0.101389
2 0.685937 0.555556 0.070312 0.088889
0 0.553906 0.799306 0.107813 0.129167
4 0.653516 0.643750 0.030469 0.056944
4 0.336719 0.742361 0.040625 0.051389
1 0.766016 0.413889 0.061719 0.088889
-1 0.768750 0.406250 0.029687 0.065278