-1 0.584375 0.749306 0.032813 0.118056
-1 0.524219 0.784722 0.026562 0.152778
-1 0.552734 0.804167 0.038281 0.169444
-1 0.457813 0.700694 0.050000 0.198611
-1 0.353906 0.743750 0.045312 0.179167
-1 0.306250 0.702083 0.046875 0.193056
-1 0.762891 0.590972 0.041406 0.184722
-1 0.839844 0.569444 0.045312 0.111111
-1 0.886719 0.533333 0.035937 0.136111
-1 0.905078 0.281944 0.042969 0.166667
-1 0.876953 0.355556 0.060156 0.075000
-1 0.825781 0.328472 0.026562 0.120833
-1 0.764062 0.313889 0.035937 0.125000
-1 0.633984 0.456944 0.050781 0.163889
-1 0.707812 0.426389 0.042188 0.108333
-1 0.685547 0.536111 0.041406 0.169444
-1 0.590625 0.253472 0.028125 0.193056
-1 0.622266 0.256250 0.041406 0.165278
-1 0.446484 0.260417 0.047656 0.129167
4 0.599219 1.041667 0.362500 0.236111
4 0.244531 0.424306 0.259375 0.218056
-1 0.348047 0.513194 0.044531 0.148611
-1 0.441016 0.544444 0.049219 0.125000
-1 0.497656 0.579167 0.031250 0.130556
-1 0.580469 0.418056 0.046875 0.177778
-1 0.526953 0.403472 0.053906 0.143056
-1 0.503906 0.352083 0.050000 0.170833
-1 0.546094 0.249306 0.050000 0.187500
-1 0.539453 0.673611 0.038281 0.047222