-1 0.237891 0.812500 0.047656 0.211111
-1 0.176172 0.756944 0.046094 0.227778
-1 0.196094 0.222917 0.071875 0.162500
-1 0.308594 0.897917 0.028125 0.184722
-1 0.480078 0.464583 0.027344 0.154167
-1 0.402734 0.509028 0.046094 0.173611
-1 0.555469 0.348611 0.070312 0.169444
-1 0.722656 0.493750 0.035937 0.137500
-1 0.581641 0.456944 0.036719 0.113889
-1 0.838281 0.102083 0.039062 0.159722
-1 0.763672 0.318056 0.044531 0.258333
-1 0.761719 0.275000 0.029687 0.150000
-1 0.673047 0.103472 0.060156 0.193056
-1 0.753125 0.089583 0.040625 0.179167
-1 0.448437 0.913194 0.031250 0.170833
-1 0.666016 0.404167 0.024219 0.108333
-1 0.621094 0.392361 0.043750 0.151389
-1 0.618359 0.474306 0.033594 0.087500
-1 0.724219 0.661806 0.031250 0.148611
-1 0.642188 0.082639 0.046875 0.165278
4 0.450000 0.652083 0.151562 0.259722
-1 0.664453 0.747917 0.028906 0.176389
-1 0.883594 0.545833 0.029687 0.205556
-1 0.750781 0.800000 0.039062 0.208333
-1 0.796875 0.785417 0.031250 0.190278
-1 0.796094 0.545139 0.039062 0.162500
-1 0.914062 0.750694 0.031250 0.156944
-1 0.957031 0.729861 0.035937 0.093056
-1 0.909766 0.045139 0.033594 0.168056
-1 0.924609 0.468750 0.038281 0.165278