0 0.214844 0.453472 0.065625 0.093056
0 0.257812 0.377083 0.070312 0.062500
0 0.166016 0.721528 0.071094 0.123611
3 0.156250 0.448611 0.054688 0.180556
0 0.119141 0.569444 0.035156 0.066667
0 0.460156 0.513889 0.060937 0.094444
1 0.500391 0.555556 0.075781 0.111111
1 0.331641 0.475694 0.058594 0.090278
1 0.268359 0.725694 0.061719 0.151389
0 0.677344 0.845139 0.079687 0.179167
4 0.513672 0.794444 0.025781 0.044444
2 0.416016 0.952083 0.089844 0.154167
1 0.521094 0.261806 0.070312 0.079167
3 0.525781 0.377083 0.062500 0.126389
1 0.660547 0.277778 0.052344 0.091667
0 0.830859 0.371528 0.085156 0.093056
0 0.354687 0.700694 0.078125 0.123611
0 0.620313 0.613194 0.067187 0.123611