-1 0.349219 0.970833 0.045312 0.158333
-1 0.217969 0.961111 0.043750 0.141667
-1 0.742969 0.900000 0.043750 0.191667
-1 0.691406 0.882639 0.042188 0.206944
-1 0.342187 0.600000 0.048438 0.161111
-1 0.056250 0.720833 0.054688 0.172222
-1 0.021875 0.818750 0.043750 0.187500
-1 0.448047 0.465278 0.064844 0.147222
-1 0.192188 0.467361 0.034375 0.120833
-1 0.020313 0.679861 0.039062 0.162500
-1 0.844922 0.957639 0.025781 0.168056
-1 0.773047 0.577083 0.027344 0.154167
-1 0.735156 0.661806 0.043750 0.165278
-1 0.782031 0.525694 0.045312 0.209722
-1 0.928906 0.731250 0.040625 0.140278
-1 0.951953 0.516667 0.032031 0.125000
-1 0.847656 0.532639 0.031250 0.098611
-1 0.875391 0.193750 0.033594 0.137500
-1 0.495312 0.300694 0.039062 0.154167
-1 0.423047 0.325694 0.042969 0.126389
-1 0.893750 0.338889 0.029687 0.175000
-1 0.896094 0.343750 0.028125 0.143056
-1 0.975000 0.398611 0.040625 0.108333
-1 0.772266 0.211111 0.057031 0.183333
-1 0.787109 0.183333 0.035156 0.155556
-1 0.928125 0.910417 0.032813 0.179167
-1 0.916797 0.908333 0.032031 0.180556
-1 0.916406 0.529861 0.031250 0.137500
-1 0.843750 0.450000 0.031250 0.108333
-1 0.876172 0.534722 0.035156 0.091667
-1 0.980469 0.590972 0.026562 0.095833
-1 0.670703 0.136806 0.035156 0.143056
-1 0.708203 0.212500 0.038281 0.136111
4 0.225391 0.304167 0.203906 0.158333
4 0.325000 0.277083 0.185938 0.195833
4 0.124219 0.406944 0.139063 0.191667
4 0.835547 0.691667 0.144531 0.247222