1 0.071875 0.586111 0.093750 0.136111
-1 0.071875 0.615278 0.064062 0.097222
-1 0.150391 0.342361 0.088281 0.112500
1 -0.000391 0.444444 0.072656 0.077778
1 0.289062 0.488194 0.076563 0.090278
1 0.053125 0.711806 0.107813 0.134722
2 0.137500 0.709028 0.070312 0.109722
2 0.438281 0.565972 0.062500 0.101389
2 0.509766 0.890972 0.080469 0.151389
0 0.514844 0.609722 0.131250 0.136111
0 0.609375 0.475694 0.081250 0.101389
2 0.692969 0.550000 0.070312 0.088889
0 0.561719 0.793750 0.107813 0.129167
4 0.661328 0.640972 0.030469 0.056944
4 0.345313 0.736806 0.039062 0.048611
1 0.772266 0.406944 0.061719 0.088889
-1 0.774219 0.400694 0.029687 0.065278