-1 0.228125 0.783333 0.042188 0.150000
-1 0.117188 0.820833 0.031250 0.177778
-1 0.148047 0.854167 0.038281 0.169444
-1 0.072656 0.752083 0.050000 0.198611
-1 0.415625 0.638889 0.043750 0.194444
-1 0.539453 0.611111 0.047656 0.116667
-1 0.556250 0.577778 0.039062 0.150000
-1 0.610156 0.326389 0.045312 0.175000
-1 0.568750 0.395833 0.073438 0.091667
-1 0.520703 0.386806 0.028906 0.134722
-1 0.449609 0.355556 0.047656 0.169444
-1 0.306250 0.498611 0.053125 0.172222
-1 0.381641 0.473611 0.049219 0.125000
-1 0.353125 0.597917 0.048438 0.195833
-1 0.104688 0.597222 0.051562 0.130556
-1 0.143750 0.647917 0.035937 0.151389
-1 0.252734 0.466667 0.049219 0.186111
-1 0.209766 0.464583 0.053906 0.143056
-1 0.191016 0.419444 0.047656 0.163889
-1 0.190234 0.631944 0.039844 0.050000
-1 0.117578 0.479861 0.038281 0.181944
-1 0.455078 0.542361 0.036719 0.165278
-1 0.346484 0.406250 0.035156 0.145833
-1 0.069922 0.466667 0.033594 0.163889
-1 0.541016 0.229167 0.049219 0.175000