-1 0.330859 0.866667 0.047656 0.211111
-1 0.268359 0.827083 0.044531 0.218056
-1 0.198437 0.328472 0.071875 0.162500
-1 0.414844 0.944444 0.034375 0.225000
-1 0.507422 0.515972 0.027344 0.154167
-1 0.436328 0.570139 0.046094 0.173611
-1 0.560937 0.398611 0.067187 0.161111
-1 0.739062 0.513889 0.037500 0.144444
-1 0.597656 0.497917 0.032813 0.104167
-1 0.788281 0.140972 0.039062 0.159722
-1 0.302734 0.181944 0.041406 0.161111
-1 0.211719 0.182639 0.040625 0.120833
-1 0.734766 0.361111 0.044531 0.258333
-1 0.733594 0.311111 0.029687 0.150000
-1 0.623437 0.159722 0.057813 0.183333
-1 0.691406 0.111806 0.040625 0.179167
-1 0.537500 0.947917 0.032813 0.179167
-1 0.682031 0.515278 0.032813 0.144444
-1 0.619531 0.412500 0.034375 0.119444
-1 0.631641 0.508333 0.032031 0.083333
-1 0.712500 0.763889 0.029687 0.105556
-1 0.561719 0.034028 0.039062 0.156944
-1 0.584375 0.126389 0.042188 0.150000
4 0.503906 0.682639 0.151562 0.259722
-1 0.714063 0.726389 0.029687 0.102778
-1 0.878906 0.544444 0.029687 0.205556
-1 0.808594 0.794444 0.039062 0.208333
-1 0.843750 0.752083 0.035937 0.220833
-1 0.796875 0.547917 0.037500 0.154167