0 0.337500 0.942361 0.167187 0.162500
4 0.126953 0.947222 0.047656 0.052778
1 0.331250 0.810417 0.184375 0.120833
-1 0.297656 0.790278 0.085938 0.080556
1 0.013281 0.688194 0.120313 0.104167
0 0.081250 0.742361 0.093750 0.084722
1 0.721484 0.623611 0.160156 0.122222
0 0.616797 0.801389 0.139844 0.102778
0 0.086328 0.511111 0.147656 0.094444
0 0.488281 0.569444 0.118750 0.105556
1 0.759375 0.924306 0.142187 0.115278
4 0.417187 0.372222 0.026562 0.038889
4 0.358203 0.342361 0.036719 0.048611
4 0.584375 0.295139 0.026562 0.045833
4 0.607031 0.318750 0.031250 0.043056
4 0.519531 0.330556 0.029687 0.036111
0 0.735156 0.411806 0.110937 0.081944
5 0.646094 0.483333 0.112500 0.102778
5 0.894922 0.820139 0.117969 0.229167
0 0.829297 0.315972 0.094531 0.065278
0 0.424609 0.206944 0.130469 0.080556