4 0.804688 0.740278 0.093750 0.236111
4 0.694531 0.772222 0.082812 0.194444
4 0.903516 0.764583 0.080469 0.168056
-1 0.667578 0.184028 0.022656 0.106944
-1 0.646094 0.200000 0.023438 0.097222
-1 0.503516 0.346528 0.022656 0.104167
-1 0.726953 0.477778 0.033594 0.102778
-1 0.979297 0.363194 0.025781 0.098611
-1 0.864453 0.422222 0.030469 0.094444
-1 0.313281 0.291667 0.028125 0.091667
-1 0.287500 0.243750 0.032813 0.115278
-1 0.228906 0.234722 0.025000 0.077778
-1 0.556250 0.452778 0.021875 0.119444
-1 0.809375 0.434722 0.026562 0.086111
-1 0.672266 0.452778 0.032031 0.111111
-1 0.641016 0.455556 0.025781 0.108333
-1 0.725781 0.345833 0.031250 0.083333
-1 0.552734 0.334722 0.035156 0.061111
-1 0.784375 0.411806 0.028125 0.087500
-1 0.882422 0.627083 0.025781 0.079167
4 0.847656 0.566667 0.201563 0.133333
-1 0.380859 0.340972 0.028906 0.073611
-1 0.402734 0.379167 0.028906 0.072222
-1 0.461328 0.358333 0.035156 0.077778
-1 0.620313 0.429167 0.018750 0.100000
-1 0.363281 0.701389 0.029687 0.125000
-1 0.742188 0.698611 0.021875 0.100000
-1 0.975391 0.276389 0.025781 0.083333