0 0.312500 0.542361 0.114062 0.143056
0 0.096094 0.452778 0.109375 0.122222
0 0.062891 0.586111 0.122656 0.133333
0 0.257422 0.657639 0.127344 0.137500
0 0.532813 0.537500 0.109375 0.127778
1 0.480078 0.741667 0.111719 0.177778
-1 0.455078 0.740278 0.047656 0.130556
1 0.560547 0.333333 0.086719 0.111111
-1 0.533594 0.288889 0.031250 0.058333
0 0.444531 0.220139 0.068750 0.168056
0 0.589063 0.052778 0.075000 0.105556
0 0.715625 0.365972 0.120313 0.115278
0 0.712891 0.517361 0.114844 0.143056
0 0.713672 0.668750 0.114844 0.184722
3 0.219531 0.296528 0.064062 0.287500
3 0.345703 0.193750 0.086719 0.193056
3 0.183203 0.579167 0.055469 0.236111
0 0.688672 0.825000 0.099219 0.169444
0 0.926953 0.592361 0.122656 0.168056
0 0.923438 0.747222 0.087500 0.138889