0 0.244922 0.954167 0.166406 0.197222
1 0.375000 0.897222 0.120313 0.202778
-1 0.408984 0.867361 0.067969 0.068056
2 0.511328 0.682639 0.114844 0.143056
1 0.526563 0.886806 0.078125 0.165278
-1 0.524219 0.898611 0.078125 0.108333
4 0.735547 0.472917 0.038281 0.048611
4 0.389844 0.458333 0.057813 0.061111
4 0.476172 0.417361 0.035156 0.054167
4 0.509766 0.438889 0.044531 0.041667
4 0.693750 0.338889 0.034375 0.038889
4 0.732422 0.260417 0.028906 0.059722
0 0.870313 0.690278 0.153125 0.197222
4 0.857812 0.960417 0.065625 0.076389
4 0.815234 0.983333 0.052344 0.080556
1 0.448047 0.297917 0.121094 0.159722