1 0.693750 0.284722 0.125000 0.147222
1 0.804297 0.754861 0.127344 0.198611
-1 0.805078 0.725694 0.091406 0.090278
0 0.394922 0.720139 0.142969 0.109722
1 0.307422 0.418750 0.132031 0.168056
0 0.372656 0.208333 0.137500 0.133333
0 0.564063 0.240972 0.092188 0.106944
4 0.889453 0.446528 0.036719 0.068056
4 0.472266 0.370139 0.044531 0.043056
4 0.678516 0.416667 0.053906 0.041667
0 0.475781 0.477083 0.084375 0.126389
0 0.532031 0.515278 0.092188 0.113889
4 0.556250 0.876389 0.028125 0.094444
0 0.916016 0.631250 0.077344 0.095833
4 0.189453 0.283333 0.047656 0.052778