1 0.105469 0.760417 0.212500 0.293056
0 0.172266 0.300000 0.238281 0.230556
0 0.041406 0.213889 0.118750 0.102778
0 0.420703 0.450000 0.286719 0.236111
4 0.870313 0.695139 0.065625 0.090278
4 0.656250 0.366667 0.056250 0.063889
4 0.811719 0.446528 0.035937 0.059722
1 0.511719 0.209722 0.212500 0.111111
4 0.648438 0.718056 0.051562 0.075000
4 0.675000 0.418750 0.026562 0.054167
4 0.549609 0.312500 0.042969 0.041667
-1 0.093359 0.744444 0.149219 0.113889
0 0.912500 0.168750 0.098437 0.137500
4 0.937109 0.659028 0.053906 0.073611
4 0.684375 0.267361 0.028125 0.054167
4 0.813672 0.172222 0.024219 0.050000
4 0.836328 0.403472 0.046094 0.068056