0 0.040625 0.408333 0.081250 0.077778
5 0.092578 0.527083 0.116406 0.148611
0 0.223438 0.440972 0.104688 0.148611
0 0.200000 0.309028 0.051562 0.073611
4 0.308594 0.527778 0.025000 0.041667
4 0.332813 0.699306 0.028125 0.045833
4 0.308203 0.644444 0.030469 0.055556
1 0.421875 0.439583 0.060937 0.087500
4 0.233984 0.737500 0.038281 0.055556
4 0.405859 0.972222 0.038281 0.052778
2 0.571094 0.611806 0.073438 0.065278
0 0.730078 0.631250 0.089844 0.120833
1 0.554688 0.365972 0.062500 0.079167
-1 0.543359 0.365278 0.024219 0.050000
0 0.478516 0.484722 0.067969 0.122222
4 0.669922 0.708333 0.019531 0.050000
4 0.653906 0.663889 0.020313 0.041667
4 0.615625 0.741667 0.023438 0.030556
4 0.589453 0.792361 0.030469 0.031944
4 0.435156 0.706250 0.017188 0.048611
0 0.383203 0.700000 0.075781 0.119444
4 0.167969 0.655556 0.014063 0.052778
0 0.817187 0.522222 0.064062 0.077778
0 0.767188 0.738194 0.076563 0.118056
0 0.870703 0.739583 0.072656 0.118056