1 0.615625 0.250000 0.125000 0.147222
1 0.787891 0.693056 0.121094 0.188889
-1 0.785547 0.668750 0.091406 0.090278
0 0.380859 0.706250 0.142969 0.109722
1 0.242578 0.414583 0.132031 0.168056
0 0.272266 0.202083 0.144531 0.140278
0 0.477344 0.217361 0.087500 0.101389
4 0.818359 0.389583 0.036719 0.068056
4 0.393359 0.354861 0.044531 0.043056
4 0.607812 0.382639 0.051562 0.040278
0 0.417969 0.465972 0.084375 0.126389
0 0.492188 0.486111 0.101562 0.125000
4 0.556250 0.850694 0.026562 0.090278
0 0.876953 0.563194 0.077344 0.095833