0 0.044531 0.904861 0.087500 0.148611
1 0.130078 0.353472 0.061719 0.090278
0 0.208594 0.661806 0.125000 0.112500
0 0.251953 0.893056 0.155469 0.133333
1 0.502734 0.813889 0.107031 0.152778
-1 0.505469 0.818056 0.084375 0.119444
0 0.405469 0.780556 0.112500 0.125000
1 0.563281 0.434028 0.073438 0.079167
0 0.200781 0.220833 0.065625 0.075000
0 0.430859 0.220139 0.108594 0.065278
0 0.550391 0.595139 0.121094 0.098611
5 0.420312 0.409028 0.059375 0.098611
0 0.682422 0.407639 0.053906 0.076389
0 0.837891 0.698611 0.069531 0.122222
1 0.851172 0.491667 0.082031 0.108333
1 0.780859 0.512500 0.067969 0.088889
0 0.307031 0.418056 0.062500 0.066667