0 0.037109 0.285417 0.074219 0.065278
0 0.208984 0.526389 0.074219 0.113889
1 0.232422 0.568056 0.083594 0.122222
1 0.067578 0.431944 0.061719 0.094444
4 0.164844 0.850694 0.026562 0.045833
1 0.349609 0.241667 0.082031 0.091667
3 0.318750 0.427083 0.084375 0.168056
1 0.492969 0.302083 0.057813 0.101389
0 0.651172 0.476389 0.103906 0.113889
0 0.028906 0.682639 0.095312 0.151389
0 0.339844 0.678472 0.078125 0.143056
0 0.715234 0.331250 0.069531 0.118056
0 0.259766 0.176389 0.060156 0.100000
0 0.517969 0.931250 0.096875 0.193056
0 0.463672 0.775000 0.074219 0.125000
3 0.796875 0.477778 0.076563 0.144444
1 0.442188 0.281944 0.056250 0.086111
1 0.596094 0.391667 0.050000 0.072222
3 0.866797 0.598611 0.089844 0.088889