0 0.220703 0.139583 0.111719 0.062500
0 0.103906 0.234028 0.110937 0.070833
0 0.187891 0.375694 0.086719 0.059722
0 0.155469 0.302083 0.100000 0.062500
5 0.000781 0.325694 0.137500 0.131944
0 0.423438 0.361806 0.132812 0.101389
0 0.416797 0.663194 0.153906 0.148611
0 0.006641 0.646528 0.211719 0.184722
3 0.278125 0.581250 0.076563 0.137500
0 0.633984 0.531250 0.158594 0.109722
0 0.558203 0.281250 0.102344 0.062500
0 0.769531 0.474306 0.132812 0.115278
0 0.676562 0.403472 0.095312 0.093056
0 0.852344 0.223611 0.112500 0.086111
0 0.674609 0.163889 0.075781 0.069444
0 0.903906 0.339583 0.107813 0.090278
0 0.921875 0.413889 0.087500 0.066667