-1 0.772656 0.520833 0.039062 0.136111
-1 0.702344 0.549306 0.029687 0.095833
-1 0.783594 0.813889 0.018750 0.069444
-1 0.780078 0.884028 0.022656 0.101389
-1 0.375391 0.876389 0.022656 0.083333
-1 0.888281 0.722222 0.031250 0.144444
-1 0.951172 0.944444 0.021094 0.111111
-1 0.971094 0.947917 0.017188 0.087500
-1 0.846875 0.884028 0.026562 0.120833
-1 0.827734 0.840278 0.022656 0.138889
-1 0.946094 0.393750 0.026562 0.118056
-1 0.909766 0.384028 0.024219 0.120833
-1 0.981250 0.556944 0.023438 0.094444
-1 0.983594 0.700000 0.031250 0.113889
-1 0.939844 0.835417 0.032813 0.062500
-1 0.890625 0.877083 0.026562 0.106944
-1 0.576562 0.306250 0.031250 0.104167
-1 0.515234 0.433333 0.035156 0.111111
-1 0.527344 0.498611 0.034375 0.147222
-1 0.919141 0.709722 0.028906 0.152778
-1 0.601562 0.190278 0.043750 0.100000
-1 0.491016 0.265278 0.022656 0.077778
-1 0.465625 0.449306 0.026562 0.109722