1 0.101953 0.666667 0.063281 0.097222
1 0.006250 0.690278 0.075000 0.138889
1 0.070703 0.550000 0.096094 0.091667
1 0.087891 0.958333 0.096094 0.172222
1 0.246484 0.690972 0.080469 0.093056
-1 0.238281 0.687500 0.059375 0.061111
-1 0.181641 0.704861 0.032031 0.090278
2 0.229297 0.804167 0.085156 0.111111
0 0.312500 0.881250 0.087500 0.148611
1 0.332031 0.391667 0.053125 0.077778
0 0.225391 0.383333 0.080469 0.061111
0 0.429688 0.668750 0.118750 0.106944
0 0.497656 0.872917 0.134375 0.115278
1 0.702344 0.810417 0.092188 0.131944
-1 0.705859 0.810417 0.069531 0.098611
0 0.612500 0.768056 0.101562 0.113889
1 0.712500 0.474306 0.073438 0.079167
0 0.380469 0.277083 0.059375 0.068056
0 0.575781 0.275694 0.098437 0.059722
0 0.719531 0.615972 0.104688 0.084722
5 0.585547 0.444444 0.053906 0.088889