0 0.084375 0.227778 0.279687 0.227778
4 0.717969 0.768750 0.076563 0.104167
4 0.482422 0.185417 0.061719 0.070833
4 0.641406 0.295139 0.037500 0.062500
4 0.256641 0.560417 0.063281 0.090278
4 0.493359 0.250000 0.030469 0.063889
4 0.398438 0.124306 0.051562 0.051389
4 0.682031 0.550694 0.071875 0.098611
4 0.595313 0.084028 0.032813 0.062500
4 0.709766 0.265278 0.050781 0.075000
4 0.828906 0.242361 0.057813 0.070833
4 0.742578 0.505556 0.041406 0.080556
4 0.773828 0.243056 0.036719 0.066667
4 0.475391 0.530556 0.082031 0.063889
4 0.829688 0.554861 0.064062 0.068056
4 0.310937 0.154167 0.060937 0.052778
4 0.546875 0.172222 0.042188 0.058333