4 0.566406 0.572222 0.145313 0.366667
4 0.386328 0.609722 0.111719 0.261111
4 0.683203 0.640972 0.125781 0.259722
-1 0.735547 0.077778 0.033594 0.136111
-1 0.632812 0.211806 0.046875 0.145833
-1 0.778906 0.215972 0.050000 0.109722
-1 0.760938 0.200000 0.037500 0.122222
-1 0.566797 0.180556 0.042969 0.150000
-1 0.522266 0.177083 0.038281 0.159722
-1 0.662109 0.081250 0.033594 0.093056
-1 0.727344 0.172222 0.039062 0.122222
-1 0.726172 0.496528 0.041406 0.129167
4 0.726562 0.386806 0.257812 0.170833
-1 0.023828 0.384028 0.047656 0.204167
-1 0.506250 0.463194 0.032813 0.148611
-1 0.471484 0.480556 0.024219 0.172222
-1 0.470703 0.209722 0.036719 0.144444
-1 0.431250 0.177778 0.026562 0.158333
-1 0.701562 0.160417 0.031250 0.148611
-1 0.849609 0.201389 0.030469 0.150000
-1 0.687109 0.508333 0.038281 0.086111