0 0.223438 0.452083 0.065625 0.093056
0 0.265625 0.375694 0.070312 0.062500
0 0.179297 0.714583 0.071094 0.123611
3 0.164844 0.444444 0.054688 0.180556
0 0.130859 0.566667 0.035156 0.066667
0 0.468750 0.508333 0.060937 0.094444
1 0.509766 0.551389 0.075781 0.111111
1 0.341016 0.471528 0.058594 0.090278
1 0.279297 0.720139 0.061719 0.151389
0 0.688672 0.835417 0.075781 0.170833
4 0.523828 0.787500 0.025781 0.044444
2 0.430859 0.925000 0.085156 0.147222
1 0.527344 0.257639 0.070312 0.079167
3 0.533594 0.372917 0.065625 0.131944
1 0.666797 0.275000 0.052344 0.091667
0 0.836328 0.367361 0.085156 0.093056
0 0.365625 0.693750 0.078125 0.123611
0 0.629687 0.606250 0.067187 0.123611