-1 0.279687 0.977778 0.045312 0.158333
-1 0.146484 0.965278 0.041406 0.136111
-1 0.682031 0.902778 0.043750 0.191667
-1 0.630078 0.901389 0.039844 0.197222
-1 0.288672 0.605556 0.050781 0.169444
-1 0.003906 0.730556 0.054688 0.172222
-1 0.403516 0.473611 0.064844 0.147222
-1 0.141406 0.463194 0.034375 0.120833
-1 0.785547 0.977083 0.025781 0.168056
-1 0.726953 0.593750 0.027344 0.154167
-1 0.682422 0.679861 0.046094 0.173611
-1 0.769922 0.548611 0.047656 0.219444
-1 0.879687 0.757639 0.040625 0.140278
-1 0.910547 0.538889 0.032031 0.125000
-1 0.803906 0.552083 0.032813 0.104167
-1 0.847266 0.204861 0.033594 0.137500
-1 0.457813 0.310417 0.039062 0.154167
-1 0.382422 0.332639 0.042969 0.126389
-1 0.860156 0.368750 0.034375 0.201389
-1 0.857031 0.362500 0.029687 0.150000
-1 0.944141 0.427778 0.042969 0.113889
-1 0.744141 0.226389 0.057031 0.183333
-1 0.757422 0.197917 0.036719 0.162500
-1 0.880469 0.950694 0.031250 0.170833
-1 0.867578 0.941667 0.030469 0.172222
-1 0.873437 0.550000 0.028125 0.125000
-1 0.802344 0.469444 0.032813 0.113889
-1 0.832422 0.556250 0.036719 0.095833
-1 0.984375 0.656944 0.031250 0.111111
-1 0.641797 0.147917 0.035156 0.143056
-1 0.676953 0.225000 0.038281 0.136111
4 0.180078 0.318056 0.203906 0.158333
4 0.285156 0.279861 0.185938 0.195833
4 0.076563 0.406944 0.139063 0.191667
4 0.782422 0.713889 0.144531 0.247222