-1 0.763281 0.516667 0.039062 0.136111
-1 0.692969 0.550694 0.031250 0.101389
-1 0.772266 0.810417 0.019531 0.073611
-1 0.768359 0.882639 0.022656 0.101389
-1 0.363281 0.872917 0.021875 0.079167
-1 0.878125 0.720833 0.031250 0.144444
-1 0.938281 0.941667 0.021875 0.116667
-1 0.957812 0.947917 0.017188 0.087500
-1 0.834375 0.884028 0.026562 0.120833
-1 0.816797 0.838194 0.024219 0.145833
-1 0.936719 0.392361 0.026562 0.118056
-1 0.901172 0.382639 0.024219 0.120833
-1 0.971875 0.556944 0.023438 0.094444
-1 0.984375 0.694444 0.031250 0.113889
-1 0.928125 0.834028 0.032813 0.062500
-1 0.878906 0.874306 0.026562 0.106944
-1 0.568750 0.306250 0.031250 0.104167
-1 0.506641 0.430556 0.035156 0.111111
-1 0.517188 0.496528 0.032813 0.140278
-1 0.908203 0.706944 0.028906 0.152778
-1 0.595313 0.188889 0.043750 0.100000
-1 0.482422 0.263889 0.022656 0.077778
-1 0.456250 0.446528 0.028125 0.115278