0 0.596094 0.909028 0.157812 0.256944
1 0.225781 0.849306 0.207813 0.301389
-1 0.254297 0.916667 0.061719 0.163889
1 0.269141 0.422222 0.102344 0.197222
1 0.478906 0.489583 0.132812 0.193056
-1 0.480859 0.484028 0.075781 0.159722
0 0.726172 0.570139 0.135156 0.187500
1 0.420312 0.993750 0.134375 0.304167
1 0.142187 0.359722 0.115625 0.211111
-1 0.181641 0.309028 0.058594 0.093056
-1 0.139844 0.381944 0.067187 0.108333
0 -0.025391 0.341667 0.117969 0.222222
3 0.362500 0.363889 0.068750 0.180556
0 0.798047 1.047222 0.175781 0.302778
0 0.757812 0.281250 0.114062 0.118056
0 0.941406 0.222222 0.114062 0.119444
0 0.839844 0.553472 0.118750 0.226389
4 0.895312 0.770139 0.050000 0.062500
3 0.776563 0.836111 0.076563 0.072222
3 0.420703 0.748611 0.132031 0.191667