0 0.262500 0.306250 0.225000 0.184722
4 0.826953 0.720833 0.069531 0.094444
4 0.576953 0.260417 0.058594 0.068056
4 0.735938 0.353472 0.037500 0.062500
4 0.455078 0.625000 0.060156 0.086111
4 0.594922 0.318750 0.028906 0.059722
4 0.478516 0.195833 0.044531 0.044444
0 0.943359 0.074306 0.108594 0.151389
4 0.822656 0.592361 0.062500 0.084722
4 0.653125 0.159028 0.028125 0.054167
4 0.846094 0.077778 0.028125 0.058333
4 0.787500 0.320139 0.048438 0.070833
4 0.883594 0.291667 0.050000 0.061111
4 0.865625 0.541667 0.034375 0.066667