-1 0.396484 0.904167 0.042969 0.150000
-1 0.276953 0.916667 0.046094 0.150000
-1 0.755859 0.801389 0.041406 0.183333
-1 0.702734 0.789583 0.038281 0.187500
-1 0.318750 0.554861 0.042188 0.140278
-1 0.078906 0.704167 0.054688 0.172222
-1 0.053516 0.793750 0.041406 0.179167
-1 0.406641 0.410417 0.061719 0.140278
-1 0.174219 0.445139 0.032813 0.115278
-1 0.030859 0.686806 0.041406 0.170833
-1 0.851562 0.858333 0.029687 0.194444
-1 1.003125 0.402778 0.032813 0.150000
-1 0.721484 0.479861 0.027344 0.154167
-1 0.710547 0.593750 0.046094 0.173611
-1 0.725000 0.427778 0.039062 0.180556
-1 0.887500 0.619444 0.039062 0.133333
-1 0.887891 0.416667 0.030469 0.119444
-1 0.791406 0.448611 0.029687 0.094444
-1 0.842969 1.018750 0.023438 0.118056
-1 0.832031 0.952778 0.028125 0.091667
-1 0.762109 0.109722 0.032031 0.130556
-1 0.426563 0.249306 0.035937 0.140278
-1 0.365625 0.267361 0.039062 0.115278
-1 0.801953 0.236111 0.027344 0.158333
-1 0.816797 0.260417 0.024219 0.123611
-1 0.882422 0.306250 0.036719 0.098611
-1 1.017969 0.201389 0.037500 0.122222
-1 0.666797 0.147917 0.044531 0.143056
-1 0.683203 0.118056 0.028906 0.127778
-1 0.921875 0.817361 0.032813 0.179167
-1 0.906641 0.804167 0.032031 0.180556
-1 0.856250 0.430556 0.028125 0.125000
-1 0.777344 0.362500 0.029687 0.102778
-1 0.823047 0.434028 0.033594 0.087500
-1 0.955469 0.511111 0.029687 0.105556