1 0.092969 0.635417 0.150000 0.262500
-1 0.094531 0.565278 0.085938 0.163889
1 0.447266 0.466667 0.089844 0.130556
-1 0.452344 0.498611 0.057813 0.088889
-1 0.447266 0.238194 0.092969 0.118056
1 0.341797 0.339583 0.066406 0.070833
1 0.315234 0.492361 0.069531 0.101389
-1 0.317188 0.504167 0.042188 0.069444
0 0.156641 0.340972 0.052344 0.098611
1 0.636328 0.380556 0.066406 0.077778
1 0.469141 0.576389 0.102344 0.127778
1 0.011328 0.538889 0.066406 0.086111
-1 0.023047 0.544444 0.046094 0.069444
2 0.535937 0.572222 0.060937 0.094444
2 0.762109 0.468750 0.049219 0.079167
2 0.909766 0.738889 0.069531 0.130556
0 0.846484 0.502083 0.113281 0.118056
0 0.903125 0.385417 0.070312 0.087500