0 0.244141 0.139583 0.111719 0.062500
0 0.134375 0.231944 0.106250 0.066667
0 0.224609 0.374306 0.086719 0.059722
0 0.189062 0.300694 0.100000 0.062500
5 0.024609 0.333333 0.144531 0.138889
0 0.454688 0.355556 0.126562 0.097222
0 0.459766 0.649306 0.146094 0.140278
0 0.049219 0.639583 0.201563 0.176389
3 0.321484 0.569444 0.072656 0.130556
0 0.669141 0.518750 0.158594 0.109722
0 0.580859 0.277083 0.102344 0.062500
0 0.797656 0.463194 0.132812 0.115278
0 0.703906 0.395139 0.095312 0.093056
0 0.868750 0.215972 0.107813 0.081944
0 0.692187 0.159722 0.071875 0.066667
0 0.922266 0.329167 0.102344 0.086111