1 0.184766 0.759722 0.072656 0.086111
0 0.354687 0.874306 0.070312 0.065278
0 0.457813 0.831944 0.075000 0.066667
1 0.526563 0.697222 0.067187 0.063889
4 0.743750 0.900000 0.035937 0.044444
1 0.249609 0.805556 0.071094 0.088889
-1 0.252734 0.808333 0.042969 0.052778
0 0.652344 0.886111 0.087500 0.130556
0 0.450781 0.597917 0.078125 0.059722
0 0.337109 0.456250 0.058594 0.059722
0 0.636328 0.522222 0.091406 0.080556
0 0.922656 0.470139 0.062500 0.043056
0 0.915625 0.665972 0.070312 0.051389
1 0.745313 0.722917 0.067187 0.070833
1 0.611328 0.709722 0.047656 0.083333
1 0.263672 0.615972 0.058594 0.104167