0 0.049609 0.405556 0.089844 0.086111
5 0.138281 0.534722 0.121875 0.155556
0 0.260937 0.421528 0.104688 0.148611
0 0.221484 0.277083 0.057031 0.081944
4 0.294141 0.480556 0.024219 0.038889
4 0.406641 0.680556 0.028906 0.047222
4 0.374609 0.627778 0.028906 0.052778
1 0.465234 0.397222 0.063281 0.091667
4 0.310547 0.737500 0.038281 0.055556
4 0.508984 0.966667 0.038281 0.052778
2 0.639062 0.579861 0.073438 0.109722
0 0.786328 0.567361 0.089844 0.120833
1 0.589063 0.307639 0.062500 0.079167
-1 0.578516 0.311111 0.025781 0.052778
0 0.527734 0.441667 0.071094 0.127778
4 0.733203 0.648611 0.019531 0.050000
4 0.716406 0.605556 0.020313 0.041667
4 0.688281 0.693750 0.025000 0.031944
4 0.669922 0.750694 0.030469 0.031944
4 0.510547 0.679861 0.017969 0.051389
0 0.455469 0.680556 0.079687 0.125000
4 0.234375 0.659722 0.015625 0.058333