-1 0.396875 1.004167 0.045312 0.158333
-1 0.269141 0.996528 0.039844 0.129167
-1 0.777344 0.901389 0.043750 0.191667
-1 0.725781 0.895139 0.042188 0.206944
-1 0.367188 0.638889 0.043750 0.147222
-1 0.090625 0.773611 0.057813 0.180556
-1 0.056641 0.870833 0.046094 0.197222
-1 0.462891 0.502778 0.064844 0.147222
-1 0.214062 0.517361 0.034375 0.120833
-1 0.046094 0.740972 0.039062 0.162500
-1 0.874609 0.974306 0.025781 0.168056
-1 0.787109 0.597917 0.024219 0.140278
-1 0.748828 0.697917 0.046094 0.173611
-1 0.791016 0.545139 0.042969 0.198611
-1 0.944531 0.746528 0.040625 0.140278
-1 0.960547 0.536111 0.032031 0.125000
-1 0.857812 0.554861 0.031250 0.098611
-1 0.866797 0.211806 0.033594 0.137500
-1 0.500781 0.337500 0.037500 0.147222
-1 0.431641 0.357639 0.042969 0.126389
-1 0.891797 0.358333 0.027344 0.158333
-1 0.901563 0.375694 0.028125 0.143056
-1 0.972266 0.418750 0.035156 0.093056
-1 0.767969 0.238889 0.054688 0.175000
-1 0.780859 0.213889 0.035156 0.155556
-1 0.959375 0.914583 0.031250 0.170833
-1 0.944141 0.912500 0.030469 0.172222
-1 0.925781 0.547222 0.028125 0.125000
-1 0.850781 0.473611 0.031250 0.108333
-1 0.887891 0.555556 0.035156 0.091667
-1 0.981641 0.614583 0.024219 0.087500
-1 0.663672 0.165278 0.033594 0.136111
-1 0.704297 0.238889 0.038281 0.136111