1 0.563672 0.363194 0.111719 0.123611
-1 0.557422 0.351389 0.086719 0.086111
-1 0.602734 0.600000 0.144531 0.166667
0 0.366406 0.409028 0.107813 0.154167
4 0.301953 0.444444 0.027344 0.075000
4 0.154688 0.500694 0.028125 0.079167
1 0.233594 0.623611 0.115625 0.130556
-1 0.225000 0.629167 0.067187 0.100000
1 0.226562 0.456250 0.090625 0.154167
0 0.750391 0.176389 0.102344 0.116667
1 0.529297 0.202778 0.100781 0.116667
2 0.459375 0.299306 0.075000 0.198611
4 0.670312 0.172222 0.040625 0.061111
0 0.373047 0.713194 0.163281 0.331944
4 0.276562 0.871528 0.046875 0.062500
4 0.363281 0.930556 0.040625 0.050000