4 0.489453 0.995833 0.069531 0.094444
4 0.429688 0.149306 0.071875 0.081944
4 0.580078 0.306250 0.069531 0.065278
4 0.418750 0.222222 0.059375 0.069444
4 0.494531 0.600000 0.087500 0.119444
4 0.622656 0.068056 0.035937 0.069444
4 0.677344 0.294444 0.056250 0.083333
4 0.842187 0.302083 0.051562 0.081944
4 0.591406 0.561806 0.043750 0.084722
4 0.763672 0.288889 0.044531 0.080556
4 0.318750 0.639583 0.085938 0.068056
4 0.673438 0.643056 0.085938 0.091667
4 0.519141 0.153472 0.049219 0.068056
4 0.753125 0.057639 0.040625 0.059722