1 0.190625 0.975000 0.123438 0.177778
-1 0.183594 0.982639 0.089063 0.126389
0 0.068359 0.930556 0.124219 0.138889
1 0.328125 0.520139 0.081250 0.087500
0 0.203516 0.275694 0.138281 0.084722
0 0.282813 0.715278 0.140625 0.113889
5 0.156250 0.498611 0.071875 0.119444
0 0.473438 0.481250 0.062500 0.087500
0 0.618359 0.825000 0.080469 0.141667
1 0.658594 0.573611 0.100000 0.130556
1 0.570703 0.600694 0.071094 0.093056
0 0.011328 0.509028 0.075781 0.081944
1 0.493750 0.881944 0.085938 0.119444
0 0.401562 0.640972 0.085938 0.081944
1 0.491406 0.304861 0.059375 0.070833
0 0.617578 0.449306 0.078906 0.087500
1 0.719531 0.429167 0.065625 0.066667
0 0.671875 0.336806 0.057813 0.054167
0 0.713672 0.284722 0.061719 0.055556
0 0.888281 0.429861 0.070312 0.081944