1 0.164062 0.761806 0.076563 0.090278
0 0.330469 0.888194 0.070312 0.065278
0 0.436719 0.850000 0.075000 0.066667
1 0.510938 0.716667 0.067187 0.063889
4 0.721875 0.937500 0.035937 0.044444
1 0.227734 0.812500 0.071094 0.088889
-1 0.231641 0.815278 0.042969 0.052778
0 0.629687 0.915278 0.087500 0.130556
0 0.439453 0.611806 0.082031 0.062500
0 0.330859 0.464583 0.058594 0.059722
0 0.628516 0.545833 0.100781 0.088889
0 0.918750 0.510417 0.062500 0.043056
0 0.904297 0.707639 0.074219 0.054167
1 0.729688 0.756944 0.070312 0.075000
1 0.596094 0.734028 0.050000 0.087500
1 0.249609 0.617361 0.058594 0.104167
0 0.728516 0.616667 0.072656 0.083333