0 0.151562 0.481944 0.168750 0.097222
0 0.250391 0.575000 0.139844 0.094444
0 0.257031 0.339583 0.126562 0.079167
0 0.563672 0.336806 0.124219 0.073611
0 0.424609 0.654861 0.152344 0.120833
5 0.354297 0.444444 0.083594 0.102778
0 0.639453 0.368750 0.142969 0.079167
0 0.702734 0.189583 0.117969 0.070833
0 0.503516 0.141667 0.119531 0.063889
0 0.608203 0.481944 0.122656 0.077778
0 0.701562 0.784722 0.179688 0.130556
0 0.833984 0.597222 0.110156 0.075000
0 0.721484 0.551389 0.110156 0.069444
5 0.578906 0.627083 0.137500 0.131944