4 0.798828 0.878472 0.027344 0.084722
1 0.530078 0.802083 0.166406 0.229167
4 0.142578 0.527778 0.038281 0.050000
0 0.426563 0.361806 0.239063 0.231944
0 0.276953 0.298611 0.102344 0.088889
0 0.089844 0.276389 0.167187 0.158333
0 0.680078 0.450000 0.272656 0.225000
4 0.845313 0.768750 0.029687 0.073611
4 0.917969 0.585417 0.029687 0.070833
4 0.953906 0.503472 0.051562 0.070833
4 0.784766 0.323611 0.046094 0.052778
4 0.934375 0.366667 0.026562 0.044444
1 0.639062 0.219444 0.175000 0.091667
5 0.318359 0.733333 0.075781 0.136111