0 0.150781 1.037500 0.085938 0.147222
0 0.032031 0.936806 0.115625 0.226389
0 0.461719 0.722917 0.095312 0.115278
1 0.265625 0.725694 0.093750 0.145833
-1 0.265625 0.707639 0.040625 0.079167
0 0.155469 0.695139 0.076563 0.123611
0 0.207422 0.483333 0.072656 0.080556
0 0.383203 0.258333 0.057031 0.080556
0 0.402344 0.189583 0.064062 0.056944
0 0.403516 0.479861 0.071094 0.123611
1 0.570703 1.022917 0.100781 0.223611
3 0.116406 0.825694 0.178125 0.081944
3 0.309375 0.263194 0.045312 0.148611
0 0.404687 0.677083 0.071875 0.101389
0 0.310547 0.380556 0.042969 0.080556
5 0.743750 0.795139 0.126562 0.179167
0 0.618750 0.283333 0.050000 0.077778
1 0.663281 0.304861 0.065625 0.095833
1 0.502344 0.271528 0.053125 0.081944
1 0.492969 0.474306 0.056250 0.137500
0 0.860938 0.519444 0.065625 0.147222
4 0.712500 0.499306 0.021875 0.037500
4 0.544531 0.781944 0.023438 0.055556
4 0.600391 0.842361 0.032031 0.037500
4 0.455469 0.968750 0.021875 0.056944
3 0.262500 1.004861 0.106250 0.159722
1 0.337891 0.816667 0.113281 0.138889
-1 0.293750 0.810417 0.048438 0.095833
2 0.665625 0.631250 0.081250 0.140278
1 0.621875 0.064583 0.067187 0.076389
3 0.650391 0.188194 0.049219 0.098611