1 0.205078 0.645833 0.063281 0.097222
1 0.112109 0.672917 0.071094 0.131944
1 0.166016 0.533333 0.096094 0.091667
1 0.209766 0.913889 0.096094 0.172222
1 0.347656 0.670833 0.084375 0.097222
-1 0.340625 0.666667 0.056250 0.058333
-1 0.285547 0.682639 0.032031 0.090278
2 0.335547 0.781944 0.085156 0.111111
0 0.423438 0.861806 0.087500 0.148611
1 0.408594 0.372222 0.053125 0.077778
0 0.304688 0.363889 0.076563 0.058333
0 0.520312 0.646528 0.125000 0.112500
0 0.600000 0.850694 0.128125 0.109722
1 0.795312 0.786111 0.096875 0.138889
-1 0.799609 0.786806 0.069531 0.098611
0 0.706250 0.743056 0.101562 0.113889
1 0.784375 0.450000 0.070312 0.075000
0 0.452344 0.257639 0.059375 0.068056
0 0.639844 0.254861 0.098437 0.059722
0 0.800000 0.595139 0.104688 0.084722
5 0.658203 0.419444 0.053906 0.088889