0 0.687891 0.770833 0.130469 0.211111
1 0.362109 0.741667 0.171094 0.247222
-1 0.420312 0.813194 0.056250 0.148611
1 0.359766 0.379167 0.102344 0.197222
1 0.541406 0.409028 0.109375 0.159722
-1 0.559375 0.397917 0.065625 0.137500
0 0.769531 0.453472 0.110937 0.154167
-1 0.024219 0.665278 0.046875 0.077778
1 0.533594 0.881250 0.134375 0.304167
-1 0.540625 0.961111 0.075000 0.122222
1 0.240625 0.331944 0.104688 0.191667
-1 0.267969 0.288194 0.053125 0.084722
-1 0.226562 0.359028 0.064062 0.104167
4 0.038672 0.295139 0.024219 0.068056
0 0.100781 0.336806 0.101562 0.193056
3 0.444141 0.319444 0.061719 0.163889
0 0.874219 0.870139 0.137500 0.237500
0 0.773438 0.209028 0.103125 0.106944