0 0.116016 0.788889 0.071094 0.063889
1 0.137109 0.720833 0.069531 0.069444
0 0.403125 0.581944 0.075000 0.061111
0 0.529297 0.526389 0.063281 0.055556
1 0.554297 0.727778 0.061719 0.052778
0 0.519141 0.876389 0.074219 0.075000
4 0.509375 0.818056 0.035937 0.027778
4 0.376563 0.781944 0.018750 0.044444
4 0.459375 0.630556 0.021875 0.033333
0 0.471094 0.768056 0.085938 0.080556
1 0.619531 0.766667 0.075000 0.088889
0 0.630078 0.912500 0.086719 0.086111
0 0.775781 0.754861 0.056250 0.062500
0 0.750391 0.708333 0.050781 0.061111
5 0.276953 0.669444 0.071094 0.080556
0 0.719531 0.872917 0.051562 0.065278
0 0.937500 0.930556 0.098437 0.108333