-1 0.124219 0.886111 0.045312 0.158333
-1 0.549219 0.847917 0.045312 0.201389
-1 0.498047 0.825694 0.038281 0.187500
-1 0.174609 0.501389 0.050781 0.169444
-1 0.311328 0.377083 0.067969 0.154167
-1 0.037500 0.349306 0.034375 0.120833
-1 0.641016 0.903472 0.024219 0.159722
-1 0.638672 0.507639 0.027344 0.154167
-1 0.566797 0.589583 0.046094 0.173611
-1 0.668750 0.466667 0.057813 0.266667
-1 0.781250 0.699306 0.040625 0.140278
-1 0.831641 0.481944 0.032031 0.125000
-1 0.719531 0.479861 0.032813 0.104167
-1 0.801953 0.132639 0.036719 0.151389
-1 0.383984 0.213889 0.041406 0.161111
-1 0.304297 0.234028 0.042969 0.126389
-1 0.797266 0.301389 0.039844 0.233333
-1 0.795312 0.294444 0.029687 0.150000
-1 0.873047 0.373611 0.042969 0.113889
-1 0.698047 0.152083 0.060156 0.193056
-1 0.714063 0.122917 0.039062 0.170833
-1 0.741797 0.911806 0.025781 0.140278
-1 0.792969 0.490278 0.028125 0.125000
-1 0.721875 0.401389 0.031250 0.108333
-1 0.749609 0.486111 0.035156 0.091667
-1 0.867188 0.709722 0.028125 0.100000
-1 0.588672 0.078472 0.035156 0.143056
-1 0.622266 0.143056 0.038281 0.136111
4 0.084766 0.180556 0.203906 0.158333
4 0.205469 0.184722 0.195312 0.205556
4 -0.039062 0.286111 0.139063 0.191667
4 0.678516 0.647222 0.144531 0.247222
-1 0.858203 0.647917 0.039844 0.137500
-1 0.963672 0.491667 0.025781 0.177778
-1 0.958984 0.730556 0.035156 0.188889