0 0.005469 0.311806 0.120313 0.081944
0 0.094531 0.134028 0.104688 0.065278
0 0.375391 0.159028 0.107031 0.062500
0 0.116406 0.406250 0.131250 0.104167
5 0.146094 0.218056 0.087500 0.108333
0 0.398438 0.176389 0.129688 0.072222
0 0.340625 0.264583 0.110937 0.070833
0 0.304688 0.536111 0.179688 0.130556
0 0.484766 0.398611 0.110156 0.075000
0 0.423828 0.336111 0.110156 0.069444
5 0.266797 0.388889 0.144531 0.138889
3 0.001172 0.565278 0.102344 0.119444
3 0.135937 0.693750 0.139063 0.156944
0 0.695312 0.369444 0.120313 0.091667
0 0.828125 0.636111 0.132812 0.127778
0 0.447656 0.659028 0.201563 0.176389