1 0.119922 0.656944 0.092969 0.108333
-1 0.106250 0.652778 0.059375 0.061111
-1 0.044141 0.671528 0.032031 0.090278
2 0.094922 0.783333 0.085156 0.111111
0 0.179688 0.853472 0.087500 0.148611
1 0.231641 0.337500 0.058594 0.086111
0 0.115625 0.330556 0.084375 0.063889
0 0.319531 0.627083 0.125000 0.112500
0 0.376172 0.845139 0.141406 0.120833
1 0.603125 0.771528 0.101562 0.145833
-1 0.606641 0.775694 0.072656 0.104167
0 0.508594 0.737500 0.101562 0.113889
1 0.639844 0.415972 0.073438 0.079167
0 0.289844 0.211806 0.062500 0.070833
0 0.502734 0.210417 0.108594 0.065278
0 0.635156 0.567361 0.115625 0.093056
5 0.503125 0.385417 0.059375 0.098611
0 0.749609 0.386806 0.053906 0.076389
0 0.909766 0.665278 0.066406 0.116667
1 0.911719 0.468056 0.078125 0.102778
1 0.847266 0.487500 0.061719 0.080556