1 0.875781 0.845139 0.159375 0.187500
1 0.375781 0.884028 0.145313 0.184722
0 0.530469 0.682639 0.159375 0.154167
0 0.724609 0.750694 0.111719 0.129167
4 0.600391 0.875000 0.053906 0.052778
4 0.806250 0.971528 0.068750 0.054167
0 0.559375 0.993750 0.084375 0.126389
4 0.322656 0.711111 0.045312 0.050000
-1 0.358203 0.900000 0.049219 0.097222
0 0.187109 0.791667 0.182031 0.136111
4 0.457813 0.969444 0.046875 0.050000
1 0.510156 0.540972 0.184375 0.120833
-1 0.475391 0.528472 0.089844 0.084722
1 0.158203 0.465972 0.114844 0.098611
0 0.236719 0.512500 0.098437 0.088889
1 0.856641 0.290278 0.152344 0.116667
0 0.798047 0.501389 0.153906 0.113889