0 0.261328 0.142361 0.111719 0.062500
0 0.154688 0.234722 0.106250 0.066667
0 0.001953 0.504167 0.141406 0.102778
0 0.251563 0.371528 0.095312 0.065278
0 0.212500 0.299306 0.100000 0.062500
5 0.049609 0.336111 0.144531 0.138889
0 0.475781 0.352083 0.132812 0.101389
0 0.495312 0.636806 0.139063 0.134722
0 0.126562 0.628472 0.192188 0.168056
3 0.354297 0.562500 0.069531 0.125000
0 0.692187 0.507639 0.143750 0.098611
0 0.597266 0.275694 0.102344 0.062500
0 0.818750 0.452083 0.126562 0.109722
0 0.721875 0.385417 0.095312 0.093056
0 0.876563 0.210417 0.107813 0.081944
0 0.702344 0.159722 0.071875 0.066667
0 0.932422 0.320833 0.102344 0.086111