0 0.344531 0.888889 0.085938 0.147222
0 0.216406 0.865278 0.104688 0.205556
0 0.030859 0.768750 0.091406 0.176389
0 0.557031 0.513889 0.082812 0.100000
1 0.385547 0.581944 0.089844 0.138889
-1 0.375391 0.570139 0.038281 0.076389
0 0.267188 0.609028 0.073438 0.118056
0 0.547656 0.981944 0.078125 0.138889
0 0.264453 0.400000 0.072656 0.080556
0 0.367969 0.159722 0.051562 0.072222
0 0.365625 0.118750 0.057813 0.051389
0 0.445703 0.332639 0.071094 0.123611
1 0.692969 0.714583 0.082812 0.184722
3 0.639062 0.890972 0.081250 0.212500
3 0.265625 0.719444 0.160938 0.075000
3 0.291797 0.200000 0.036719 0.122222
0 0.495312 0.502083 0.062500 0.087500
0 0.335938 0.282639 0.040625 0.076389
0 0.796875 0.690278 0.057813 0.091667
5 0.774609 0.490972 0.099219 0.140278
0 0.578125 0.129167 0.050000 0.077778
1 0.619141 0.139583 0.053906 0.079167