0 0.210938 0.953472 0.095312 0.162500
0 0.090625 0.884028 0.115625 0.226389
0 0.506250 0.628472 0.095312 0.115278
1 0.312891 0.648611 0.089844 0.138889
-1 0.311719 0.632639 0.040625 0.079167
0 0.195312 0.635417 0.076563 0.123611
0 0.232422 0.418056 0.072656 0.080556
0 0.391797 0.190278 0.057031 0.080556
0 0.403125 0.129861 0.064062 0.056944
0 0.429297 0.402083 0.071094 0.123611
1 0.637109 0.893056 0.096094 0.213889
3 0.168359 0.761111 0.186719 0.086111
3 0.313672 0.204167 0.042969 0.141667
0 0.445312 0.592361 0.068750 0.095833
0 0.330469 0.313194 0.040625 0.076389
0 0.748437 0.924306 0.067187 0.106944
5 0.772656 0.663194 0.126562 0.179167
0 0.624219 0.194444 0.050000 0.077778
1 0.667969 0.219444 0.062500 0.091667
1 0.511719 0.200694 0.053125 0.081944
1 0.514453 0.393056 0.050781 0.125000
0 0.861719 0.409028 0.062500 0.140278
4 0.722266 0.398611 0.021094 0.036111
4 0.584766 0.675000 0.022656 0.052778
4 0.640234 0.726389 0.030469 0.036111
4 0.511328 0.859028 0.019531 0.051389
3 0.326562 0.923611 0.101562 0.152778
1 0.367578 0.733333 0.113281 0.138889
-1 0.350391 0.723611 0.046094 0.091667