1 0.516797 0.313194 0.111719 0.123611
-1 0.508203 0.298611 0.086719 0.086111
-1 0.552344 0.545833 0.137500 0.158333
0 0.320312 0.359028 0.107813 0.154167
4 0.258203 0.395833 0.027344 0.075000
4 0.112500 0.452083 0.028125 0.079167
1 0.192188 0.571528 0.104688 0.118056
-1 0.179688 0.572222 0.067187 0.100000
1 0.181250 0.405556 0.085938 0.147222
0 0.704297 0.131944 0.097656 0.111111
1 0.483984 0.156944 0.100781 0.116667
2 0.416797 0.251389 0.067969 0.180556
4 0.627344 0.126389 0.040625 0.061111
0 0.322266 0.657639 0.163281 0.331944
4 0.227344 0.811806 0.046875 0.062500
4 0.310937 0.866667 0.040625 0.050000