-1 0.616406 0.778472 0.032813 0.118056
-1 0.558594 0.823611 0.028125 0.161111
-1 0.585547 0.841667 0.038281 0.169444
-1 0.484375 0.745139 0.050000 0.198611
-1 0.390234 0.792361 0.047656 0.187500
-1 0.348047 0.758333 0.044531 0.183333
-1 0.782422 0.620139 0.041406 0.184722
-1 0.850000 0.593750 0.043750 0.106944
-1 0.900000 0.552778 0.034375 0.130556
-1 0.904297 0.306944 0.042969 0.166667
-1 0.878516 0.380556 0.060156 0.075000
-1 0.831250 0.352083 0.026562 0.120833
-1 0.785547 0.340972 0.038281 0.131944
-1 0.647266 0.493056 0.050781 0.163889
-1 0.721875 0.458333 0.040625 0.102778
-1 0.700391 0.570833 0.041406 0.169444
-1 -0.002344 0.684722 0.046875 0.188889
-1 0.594531 0.293750 0.028125 0.193056
-1 0.629297 0.291667 0.039844 0.158333
-1 0.451953 0.311806 0.047656 0.129167
4 0.655078 1.048611 0.328906 0.213889
4 0.261719 0.475694 0.285938 0.240278
-1 0.368359 0.563194 0.044531 0.148611
-1 0.473828 0.594444 0.049219 0.125000
-1 0.523438 0.613889 0.031250 0.130556
-1 0.594531 0.458333 0.046875 0.177778
-1 0.539062 0.445833 0.051562 0.136111
-1 0.512500 0.397222 0.045312 0.155556
-1 0.554688 0.292361 0.050000 0.187500