0 0.293750 0.948611 0.151562 0.147222
4 0.081250 0.962500 0.045312 0.050000
1 0.291406 0.829861 0.167187 0.109722
-1 0.253125 0.809028 0.081250 0.076389
1 -0.020703 0.707639 0.114844 0.098611
0 0.046875 0.761806 0.093750 0.084722
1 0.679688 0.641667 0.145313 0.111111
0 0.568359 0.819444 0.139844 0.102778
0 0.056641 0.533333 0.147656 0.094444
0 0.456250 0.594444 0.118750 0.105556
1 0.708594 0.942361 0.142187 0.115278
4 0.394531 0.397917 0.025000 0.037500
4 0.337109 0.367361 0.036719 0.048611
4 0.564063 0.321528 0.026562 0.045833
4 0.587500 0.345139 0.031250 0.043056
4 0.498437 0.355556 0.029687 0.036111
0 0.708594 0.435417 0.110937 0.081944
5 0.620703 0.508333 0.124219 0.113889
5 0.846484 0.843750 0.117969 0.229167
0 0.806641 0.342361 0.099219 0.068056
0 0.409766 0.237500 0.130469 0.080556