1 0.128516 0.538194 0.100781 0.090278
0 0.242188 0.512500 0.095312 0.086111
1 0.223438 0.436806 0.073438 0.073611
3 0.116797 0.675694 0.086719 0.120833
3 0.042969 0.574306 0.084375 0.251389
1 0.099609 0.255556 0.069531 0.063889
1 0.094922 0.366667 0.094531 0.083333
1 0.091797 0.152778 0.086719 0.080556
0 0.426172 0.238889 0.071094 0.058333
0 0.527734 0.155556 0.060156 0.052778
1 0.658984 0.365278 0.064844 0.055556
0 0.710938 0.507639 0.067187 0.068056
4 0.638281 0.463889 0.035937 0.027778
4 0.496484 0.452083 0.021094 0.048611
4 0.496875 0.277083 0.020313 0.031944
0 0.579297 0.407639 0.082031 0.076389
1 0.725391 0.390278 0.067969 0.080556
0 0.801953 0.529167 0.086719 0.086111
0 0.867188 0.352083 0.056250 0.062500
0 0.819141 0.297222 0.046094 0.055556