0 0.297266 0.322222 0.260156 0.213889
4 0.845703 0.705556 0.069531 0.094444
4 0.599609 0.272917 0.058594 0.068056
4 0.760156 0.361806 0.037500 0.062500
4 0.507422 0.634722 0.060156 0.086111
4 0.619141 0.329861 0.028906 0.059722
4 0.499609 0.209722 0.044531 0.044444
0 0.937891 0.079861 0.108594 0.151389
4 0.857031 0.595139 0.062500 0.084722
4 0.664062 0.171528 0.028125 0.054167
4 0.840625 0.084722 0.026562 0.055556
4 0.802344 0.328472 0.048438 0.070833
4 0.894531 0.297222 0.050000 0.061111
4 0.894531 0.543056 0.034375 0.066667