0 0.065625 0.913194 0.195312 0.204167
4 0.095703 0.636111 0.030469 0.083333
0 0.198437 0.409722 0.103125 0.155556
0 0.273828 0.640972 0.127344 0.179167
2 0.373828 0.877083 0.064844 0.145833
4 0.348828 0.545139 0.033594 0.034722
4 0.687500 0.572917 0.046875 0.051389
4 0.730078 0.697222 0.035156 0.083333
4 0.736719 0.822917 0.029687 0.079167
4 0.807031 0.674306 0.034375 0.065278
0 0.623437 0.625000 0.157812 0.200000
0 0.569922 0.781944 0.133594 0.219444
0 0.736328 0.502083 0.127344 0.148611
0 0.511328 0.380556 0.111719 0.125000
2 0.671484 0.391667 0.083594 0.086111