1 0.066797 0.422917 0.078906 0.101389
-1 0.079297 0.386111 0.041406 0.077778
0 0.079687 0.277778 0.062500 0.152778
0 0.139063 0.588194 0.109375 0.104167
0 0.048438 0.684028 0.126562 0.156944
5 0.297266 0.588889 0.122656 0.155556
5 0.326953 0.693750 0.058594 0.118056
0 0.354297 0.412500 0.121094 0.172222
0 0.225000 0.283333 0.065625 0.094444
4 0.431641 0.455556 0.028906 0.047222
4 0.617969 0.553472 0.028125 0.045833
4 0.573828 0.523611 0.025781 0.047222
0 0.160938 0.143750 0.081250 0.109722
1 0.530469 0.245833 0.073438 0.105556
4 0.567187 0.670833 0.034375 0.050000
4 0.803125 0.704861 0.032813 0.045833
2 0.724609 0.295833 0.066406 0.100000
0 0.821484 0.202083 0.077344 0.104167