-1 0.362891 0.789583 0.039844 0.143056
-1 0.260156 0.844444 0.028125 0.161111
-1 0.291016 0.879167 0.039844 0.177778
-1 0.210938 0.779861 0.050000 0.198611
-1 0.101953 0.820139 0.052344 0.206944
-1 0.063281 0.792361 0.046875 0.193056
-1 0.550391 0.661806 0.046094 0.204167
-1 0.664062 0.641667 0.045312 0.111111
-1 0.686719 0.602083 0.037500 0.143056
-1 0.735938 0.352778 0.045312 0.175000
-1 0.694141 0.422917 0.069531 0.087500
-1 0.649609 0.413194 0.028906 0.134722
-1 0.569922 0.384722 0.047656 0.169444
-1 0.436719 0.526389 0.053125 0.172222
-1 0.512891 0.500000 0.049219 0.125000
-1 0.483203 0.622222 0.046094 0.186111
4 0.042188 0.497917 0.259375 0.218056
-1 0.134766 0.595833 0.049219 0.163889
-1 0.233594 0.619444 0.051562 0.130556
-1 0.276562 0.668750 0.035937 0.151389
-1 0.381641 0.488889 0.049219 0.186111
-1 0.337891 0.490972 0.053906 0.143056
-1 0.318359 0.444444 0.047656 0.163889
-1 0.316406 0.655556 0.042188 0.052778
-1 0.246094 0.498611 0.042188 0.200000
-1 0.591016 0.570139 0.036719 0.165278
-1 0.475391 0.415972 0.035156 0.145833
-1 0.199609 0.488889 0.033594 0.163889
-1 0.757031 0.272222 0.051562 0.183333