0 0.037891 0.266667 0.077344 0.069444
0 0.199609 0.513889 0.074219 0.113889
1 0.224609 0.556944 0.083594 0.122222
1 0.060547 0.413889 0.061719 0.094444
4 0.153125 0.835417 0.026562 0.045833
1 0.344922 0.227778 0.082031 0.091667
3 0.311719 0.418750 0.084375 0.168056
1 0.488281 0.293750 0.057813 0.101389
0 0.645703 0.473611 0.103906 0.113889
0 0.015625 0.670139 0.095312 0.151389
0 0.329297 0.667361 0.082031 0.151389
0 0.709766 0.328472 0.069531 0.118056
0 0.255078 0.161111 0.060156 0.100000
0 0.509375 0.903472 0.096875 0.193056
0 0.451953 0.768056 0.074219 0.125000
3 0.794531 0.477778 0.076563 0.144444
1 0.437500 0.270833 0.056250 0.086111
1 0.591797 0.385417 0.052344 0.076389
3 0.860547 0.599306 0.085156 0.084722
0 0.902734 0.488889 0.063281 0.097222
0 0.755078 0.620139 0.071094 0.115278
0 0.774609 0.193056 0.044531 0.075000