4 0.803516 0.942361 0.152344 0.384722
4 0.639062 0.970139 0.106250 0.248611
4 0.935156 0.994444 0.114062 0.236111
-1 0.825391 0.152778 0.028906 0.136111
-1 0.794922 0.172917 0.028906 0.118056
-1 0.541016 0.353472 0.033594 0.154167
-1 0.797656 0.570139 0.046875 0.145833
-1 0.964844 0.554861 0.050000 0.109722
-1 0.567187 0.525694 0.029687 0.159722
-1 0.930469 0.526389 0.039062 0.127778
-1 0.732422 0.529167 0.042969 0.150000
-1 0.683984 0.531944 0.036719 0.152778
-1 0.816797 0.415278 0.035156 0.097222
-1 0.601562 0.356944 0.054688 0.094444
-1 0.890625 0.508333 0.037500 0.116667
-1 0.949219 0.823611 0.037500 0.116667
4 0.933594 0.679861 0.257812 0.170833
-1 0.375781 0.329861 0.039062 0.098611
-1 0.394922 0.390278 0.038281 0.097222
-1 0.491797 0.359028 0.049219 0.109722
-1 0.666797 0.488889 0.027344 0.147222
-1 0.213281 0.804861 0.039062 0.168056
-1 0.730469 0.875694 0.029687 0.134722
-1 0.697656 0.838194 0.045312 0.179167
-1 0.646875 0.404861 0.035937 0.131944
-1 0.628516 0.564583 0.035156 0.137500
-1 0.514844 0.268056 0.035937 0.138889
-1 0.594531 0.540278 0.026562 0.158333
-1 0.140625 0.354167 0.028125 0.105556
-1 0.859375 0.499306 0.031250 0.148611
-1 0.191016 0.395833 0.035156 0.102778
-1 0.359766 0.170833 0.036719 0.138889
-1 0.278906 0.175694 0.039062 0.137500
-1 0.235156 0.249306 0.042188 0.143056