1 0.593750 0.222222 0.125000 0.147222
1 0.778516 0.658333 0.121094 0.188889
-1 0.776172 0.632639 0.091406 0.090278
0 0.373828 0.675694 0.142969 0.109722
1 0.223047 0.390972 0.138281 0.176389
0 0.245312 0.180556 0.137500 0.133333
0 0.455469 0.190972 0.087500 0.101389
4 0.797266 0.356250 0.036719 0.068056
4 0.371484 0.328472 0.044531 0.043056
4 0.588281 0.353472 0.051562 0.040278
0 0.399219 0.443750 0.084375 0.126389
0 0.478125 0.459722 0.101562 0.125000
4 0.551562 0.815972 0.026562 0.090278
0 0.862109 0.525694 0.077344 0.095833