1 0.875781 0.692361 0.159375 0.187500
1 0.376172 0.771528 0.138281 0.176389
0 0.517969 0.554861 0.167187 0.162500
0 0.716406 0.610417 0.106250 0.123611
4 0.599609 0.745833 0.053906 0.052778
4 0.822656 0.838194 0.068750 0.054167
0 0.572266 0.859028 0.080469 0.120833
0 0.587891 0.937500 0.083594 0.102778
4 0.307031 0.604167 0.050000 0.055556
5 0.693750 1.076389 0.151562 0.238889
-1 0.341016 0.798611 0.049219 0.097222
0 0.174609 0.696528 0.191406 0.143056
4 0.417578 0.911806 0.047656 0.059722
4 0.464062 0.854167 0.046875 0.050000
1 0.492188 0.415972 0.167187 0.109722
-1 0.451172 0.407639 0.089844 0.084722
1 0.120703 0.363194 0.114844 0.098611
0 0.205469 0.408333 0.098437 0.088889