0 0.407813 0.869444 0.085938 0.147222
0 0.280469 0.861111 0.104688 0.205556
0 0.087109 0.796528 0.086719 0.168056
0 0.020313 0.488889 0.079687 0.113889
0 0.583594 0.485417 0.075000 0.090278
1 0.425391 0.570139 0.085156 0.131944
-1 0.415234 0.559028 0.038281 0.076389
0 0.311719 0.610417 0.073438 0.118056
0 0.601172 0.934028 0.074219 0.131944
0 0.292578 0.406944 0.072656 0.080556
0 0.375000 0.163889 0.051562 0.072222
0 0.369141 0.120139 0.055469 0.048611
0 0.464453 0.322917 0.071094 0.123611
1 0.721875 0.662500 0.075000 0.166667
3 0.694531 0.928472 0.051562 0.270833
3 0.319531 0.715278 0.139063 0.063889
3 0.076563 0.943056 0.109375 0.111111
3 0.302734 0.212500 0.036719 0.122222
3 0.014453 0.722917 0.086719 0.165278
0 0.523438 0.481944 0.059375 0.083333
0 0.352344 0.288194 0.040625 0.076389
0 0.819922 0.627778 0.052344 0.083333
5 0.783984 0.444444 0.089844 0.127778