-1 0.668359 0.574306 0.035156 0.123611
-1 0.592969 0.596528 0.031250 0.101389
-1 0.623828 0.881250 0.027344 0.104167
-1 0.600781 0.940278 0.023438 0.105556
-1 0.191797 0.860417 0.017969 0.065278
-1 0.743750 0.797917 0.034375 0.159722
-1 0.669141 0.942361 0.025781 0.115278
-1 0.656641 0.906944 0.022656 0.138889
-1 0.865625 0.478472 0.026562 0.118056
-1 0.837109 0.472222 0.025781 0.127778
-1 0.873047 0.654861 0.030469 0.120833
-1 0.859375 0.790278 0.035937 0.130556
-1 0.780469 0.924306 0.032813 0.062500
-1 0.704688 0.943750 0.026562 0.106944
-1 0.515625 0.338194 0.031250 0.104167
-1 0.426563 0.463889 0.039062 0.122222
-1 0.425000 0.521528 0.032813 0.140278
-1 0.780078 0.791667 0.032031 0.169444
-1 0.562891 0.240972 0.046094 0.104167
-1 0.431250 0.283333 0.025000 0.086111
-1 0.379297 0.451389 0.032031 0.133333
-1 0.942578 0.506944 0.021094 0.138889
-1 0.831641 0.792361 0.027344 0.137500
-1 0.841797 0.923611 0.044531 0.055556
-1 0.934766 0.195139 0.024219 0.112500
-1 0.785156 0.276389 0.023438 0.133333
-1 0.818750 0.367361 0.028125 0.106944
-1 0.767188 0.220833 0.028125 0.127778
-1 0.910547 0.335417 0.030469 0.104167
-1 0.872656 0.207639 0.021875 0.084722
-1 0.822266 0.243056 0.024219 0.077778