4 0.790234 1.006250 0.152344 0.384722
4 0.625000 1.032639 0.106250 0.248611
4 0.921875 1.048611 0.114062 0.236111
-1 0.779297 0.208333 0.030469 0.141667
-1 0.748828 0.227778 0.030469 0.125000
-1 0.504297 0.411806 0.033594 0.154167
-1 0.764453 0.622222 0.049219 0.152778
-1 0.937500 0.611806 0.050000 0.109722
-1 0.533594 0.582639 0.029687 0.159722
-1 0.893750 0.580556 0.037500 0.122222
-1 0.699609 0.584722 0.042969 0.150000
-1 0.651172 0.584722 0.036719 0.152778
-1 0.782031 0.468750 0.037500 0.101389
-1 0.563281 0.416667 0.054688 0.094444
-1 0.857812 0.559722 0.037500 0.116667
-1 0.924219 0.872222 0.037500 0.116667
4 0.911719 0.746528 0.257812 0.170833
-1 0.336719 0.388194 0.039062 0.098611
-1 0.355859 0.448611 0.038281 0.097222
-1 0.450391 0.417361 0.049219 0.109722
-1 0.632422 0.545139 0.028906 0.154167
-1 0.188672 0.867361 0.041406 0.176389
-1 0.708594 0.929167 0.031250 0.141667
-1 0.676172 0.891667 0.047656 0.188889
-1 0.607812 0.464583 0.035937 0.131944
-1 0.598047 0.620139 0.035156 0.137500
-1 0.475000 0.325000 0.035937 0.138889
-1 0.563281 0.593056 0.023438 0.144444
-1 0.105469 0.413889 0.028125 0.105556
-1 0.822656 0.548611 0.026562 0.127778
-1 0.978516 0.528472 0.030469 0.104167
-1 0.150391 0.456944 0.035156 0.102778
-1 0.304297 0.238194 0.038281 0.145833
-1 0.235156 0.239583 0.039062 0.137500
-1 0.191406 0.309028 0.042188 0.143056