0 0.087109 0.368750 0.146094 0.084722
0 0.175781 0.458333 0.146875 0.100000
0 0.213672 0.234722 0.114844 0.072222
0 0.497656 0.231944 0.112500 0.066667
0 0.332422 0.535417 0.138281 0.109722
5 0.292969 0.334028 0.079687 0.098611
0 0.562500 0.263889 0.135937 0.075000
0 0.641797 0.098611 0.107031 0.063889
0 0.525781 0.368750 0.117188 0.073611
0 0.574219 0.656944 0.179688 0.130556
0 0.721484 0.486111 0.105469 0.072222
0 0.623828 0.436111 0.110156 0.069444
5 0.481250 0.508333 0.125000 0.119444
3 0.040625 0.595833 0.125000 0.211111
3 0.183203 0.738194 0.130469 0.151389
3 0.387500 0.870139 0.153125 0.173611