0 0.436328 0.763194 0.100781 0.120833
1 0.238281 0.757639 0.093750 0.145833
-1 0.242969 0.735417 0.040625 0.079167
0 0.129688 0.721528 0.076563 0.123611
0 0.190234 0.506944 0.072656 0.080556
0 0.371484 0.284028 0.060156 0.084722
0 0.392188 0.214583 0.064062 0.056944
0 0.385547 0.513194 0.071094 0.123611
3 0.298828 0.284722 0.047656 0.155556
0 0.380469 0.711806 0.071875 0.101389
0 0.295312 0.404861 0.040625 0.076389
5 0.728906 0.843750 0.139063 0.198611
0 0.609375 0.312500 0.050000 0.077778
1 0.654687 0.336806 0.065625 0.095833
1 0.489063 0.299306 0.053125 0.081944
1 0.475781 0.506250 0.056250 0.137500
0 0.850000 0.559722 0.065625 0.147222
4 0.699219 0.534028 0.023438 0.040278
4 0.520312 0.816667 0.025000 0.058333
4 0.576953 0.886806 0.033594 0.040278
1 0.312891 0.851389 0.113281 0.138889
-1 0.263281 0.839583 0.048438 0.095833
2 0.646875 0.671528 0.081250 0.140278
1 0.617969 0.087500 0.064062 0.072222
3 0.640625 0.195139 0.051562 0.104167