-1 0.443359 0.773611 0.042969 0.150000
-1 0.346094 0.793056 0.037500 0.122222
-1 0.564844 1.006250 0.034375 0.159722
-1 0.714063 0.665278 0.034375 0.150000
-1 0.676562 0.656250 0.032813 0.162500
-1 0.673828 0.899306 0.044531 0.179167
-1 0.701953 0.980556 0.039844 0.144444
-1 0.318750 0.493750 0.034375 0.115278
-1 0.171094 0.638889 0.050000 0.155556
-1 0.157812 0.699306 0.037500 0.162500
-1 0.562109 1.001389 0.030469 0.161111
-1 0.391016 0.370139 0.050781 0.115278
-1 0.212109 0.415278 0.028906 0.100000
-1 0.119922 0.620139 0.033594 0.140278
-1 0.799219 0.701389 0.023438 0.152778
-1 0.667578 1.012500 0.028906 0.144444
-1 0.860938 0.326389 0.029687 0.136111
-1 0.661328 0.413194 0.027344 0.154167
-1 0.671875 0.518056 0.034375 0.130556
-1 0.645703 0.357639 0.032031 0.148611
-1 0.803516 0.509028 0.036719 0.126389
-1 0.777344 0.343056 0.026562 0.102778
-1 0.716797 0.375000 0.024219 0.077778
-1 0.846094 0.929167 0.026562 0.136111
-1 0.796484 0.927778 0.021094 0.141667
-1 0.789844 0.795833 0.028125 0.091667
-1 0.830469 0.848611 0.035937 0.083333
-1 0.640234 0.101389 0.027344 0.113889
-1 0.390625 0.238194 0.028125 0.109722
-1 0.343359 0.267361 0.035156 0.104167
-1 0.951562 0.431250 0.026562 0.154167
-1 0.690625 0.198611 0.023438 0.136111
-1 0.705078 0.229861 0.024219 0.123611
-1 0.773047 0.251389 0.033594 0.088889
-1 0.877344 0.176389 0.032813 0.105556
-1 0.564063 0.149306 0.039062 0.123611
-1 0.575000 0.110417 0.025000 0.109722