-1 0.233984 0.825000 0.047656 0.211111
-1 0.169531 0.770833 0.043750 0.216667
-1 0.197656 0.231250 0.071875 0.162500
-1 0.303906 0.907639 0.028125 0.184722
-1 0.480078 0.474306 0.027344 0.154167
-1 0.401953 0.521528 0.046094 0.173611
-1 0.560937 0.362500 0.070312 0.169444
-1 0.723437 0.509028 0.035937 0.137500
-1 0.583203 0.470833 0.036719 0.113889
-1 0.846094 0.113194 0.039062 0.159722
-1 0.768359 0.329167 0.044531 0.258333
-1 0.766406 0.286806 0.028125 0.143056
-1 0.677734 0.114583 0.060156 0.193056
-1 0.758594 0.096528 0.039062 0.170833
-1 0.444531 0.914583 0.031250 0.170833
-1 0.667578 0.401389 0.024219 0.108333
-1 0.623047 0.402778 0.046094 0.158333
-1 0.618359 0.486111 0.032031 0.083333
-1 0.725781 0.676389 0.032813 0.155556
-1 0.648438 0.089583 0.046875 0.165278
4 0.482422 0.664583 0.222656 0.259722
-1 0.663672 0.761806 0.028906 0.176389
-1 0.885156 0.562500 0.029687 0.205556
-1 0.746094 0.818056 0.039062 0.208333
-1 0.795312 0.801389 0.032813 0.200000
-1 0.796875 0.560417 0.039062 0.162500
-1 0.911719 0.765972 0.031250 0.156944
-1 0.958594 0.745139 0.035937 0.093056
-1 0.915234 0.050694 0.036719 0.184722
-1 0.927734 0.484028 0.038281 0.165278