1 0.027734 0.799306 0.113281 0.137500
0 0.037109 0.515278 0.132031 0.080556
0 0.195703 0.793750 0.072656 0.101389
1 0.376172 0.920139 0.121094 0.159722
1 0.242578 0.945833 0.078906 0.102778
1 0.311719 0.586111 0.065625 0.077778
0 0.396094 0.772222 0.095312 0.105556
1 0.513281 0.766667 0.079687 0.080556
0 0.503125 0.645139 0.064062 0.059722
0 0.576953 0.588889 0.067969 0.061111
0 0.737109 0.787500 0.082031 0.094444
1 0.581250 0.475694 0.060937 0.056944
0 0.695703 1.011111 0.158594 0.191667
1 0.539062 0.954167 0.112500 0.088889
1 0.153125 0.704861 0.075000 0.062500
4 0.810937 0.592361 0.032813 0.040278
1 0.385937 0.611806 0.067187 0.084722
-1 0.386719 0.606944 0.051562 0.063889
1 0.619531 0.777778 0.079687 0.130556
0 0.739844 0.589583 0.079687 0.118056