0 0.292578 0.321528 0.247656 0.204167
4 0.843359 0.711111 0.069531 0.094444
4 0.595703 0.274306 0.058594 0.068056
4 0.756250 0.365972 0.037500 0.062500
4 0.498047 0.636111 0.060156 0.086111
4 0.615234 0.329861 0.028906 0.059722
4 0.496484 0.211111 0.044531 0.044444
0 0.940234 0.084028 0.108594 0.151389
4 0.851562 0.599306 0.062500 0.084722
4 0.663281 0.174306 0.028125 0.054167
4 0.841406 0.084722 0.026562 0.055556
4 0.801562 0.329861 0.048438 0.070833
4 0.892188 0.300000 0.050000 0.061111
4 0.889844 0.545833 0.034375 0.066667