1 0.216406 0.742361 0.068750 0.081944
0 0.393750 0.838194 0.067187 0.062500
0 0.494141 0.786111 0.071094 0.063889
1 0.548438 0.652778 0.067187 0.063889
1 0.024609 0.838194 0.078906 0.065278
4 0.774219 0.829167 0.034375 0.041667
1 0.282813 0.784722 0.064062 0.080556
-1 0.286328 0.783333 0.042969 0.052778
0 0.686719 0.819444 0.092188 0.136111
0 0.464844 0.563194 0.078125 0.059722
0 0.341797 0.432639 0.058594 0.059722
0 0.643750 0.471528 0.082812 0.073611
0 0.904687 0.947917 0.104688 0.098611
0 0.917578 0.400694 0.060156 0.040278
0 0.925000 0.588194 0.070312 0.051389
1 0.763281 0.654861 0.064062 0.068056
1 0.630859 0.655556 0.047656 0.083333
1 0.283984 0.596528 0.058594 0.104167