0 0.048047 0.409722 0.089844 0.086111
5 0.134375 0.537500 0.121875 0.155556
0 0.257812 0.425694 0.104688 0.148611
0 0.220703 0.284028 0.057031 0.081944
4 0.291797 0.486111 0.024219 0.038889
4 0.401172 0.687500 0.028906 0.047222
4 0.369141 0.633333 0.028906 0.052778
1 0.462109 0.406944 0.063281 0.091667
4 0.304297 0.741667 0.038281 0.055556
4 0.501172 0.972222 0.038281 0.052778
2 0.634375 0.589583 0.073438 0.109722
0 0.782422 0.575694 0.089844 0.120833
1 0.587500 0.315972 0.062500 0.079167
-1 0.575391 0.319444 0.025781 0.052778
0 0.524609 0.450000 0.071094 0.127778
4 0.728516 0.656944 0.019531 0.050000
4 0.712500 0.615278 0.020313 0.041667
4 0.682813 0.702083 0.025000 0.031944
4 0.662891 0.759028 0.030469 0.031944
4 0.504297 0.685417 0.017969 0.051389
0 0.450781 0.686111 0.079687 0.125000
4 0.228906 0.663889 0.015625 0.058333