1 0.226953 0.516667 0.085156 0.091667
0 0.146484 0.256250 0.138281 0.084722
0 0.141797 0.718056 0.147656 0.119444
5 0.053125 0.479861 0.079687 0.131944
0 0.380469 0.487500 0.065625 0.091667
0 0.475781 0.874306 0.084375 0.148611
1 0.561719 0.600694 0.104688 0.137500
1 0.464062 0.625000 0.075000 0.097222
1 0.330859 0.918056 0.094531 0.130556
0 0.268359 0.652778 0.089844 0.086111
1 0.438281 0.303472 0.062500 0.073611
0 0.550781 0.463889 0.082812 0.091667
1 0.659766 0.447917 0.072656 0.073611
0 0.625781 0.346528 0.060937 0.056944
0 0.680078 0.294444 0.064844 0.058333
0 0.852734 0.459722 0.074219 0.086111
1 0.651172 0.185417 0.055469 0.051389
0 0.869922 0.675694 0.136719 0.165278
1 0.594141 0.839583 0.078906 0.112500
1 0.718750 0.616667 0.101562 0.080556
1 0.318359 0.410417 0.067969 0.056944
4 0.877344 0.291667 0.029687 0.036111