0 0.075000 0.988194 0.076563 0.106944
1 0.230469 0.771528 0.068750 0.081944
0 0.289844 0.972222 0.095312 0.105556
1 0.409766 0.954861 0.083594 0.084722
0 0.421875 0.838194 0.067187 0.062500
0 0.511328 0.779167 0.071094 0.063889
0 0.657422 1.007639 0.099219 0.115278
1 0.538281 0.650694 0.064062 0.059722
1 0.052344 0.890972 0.082812 0.068056
4 0.771875 0.781944 0.034375 0.041667
1 0.305078 0.800000 0.071094 0.088889
-1 0.305078 0.801389 0.044531 0.055556
1 0.526563 0.987500 0.087500 0.144444
0 0.689844 0.783333 0.087500 0.130556
0 0.441797 0.578472 0.074219 0.056944
0 0.301563 0.471528 0.053125 0.054167
0 0.601562 0.477778 0.075000 0.066667
0 0.903125 0.876389 0.100000 0.094444