-1 0.500391 0.861806 0.039844 0.143056
-1 0.417969 0.911111 0.029687 0.169444
-1 0.437891 0.940278 0.039844 0.177778
-1 0.354687 0.842361 0.050000 0.198611
-1 0.246094 0.877778 0.050000 0.197222
-1 0.202734 0.836111 0.049219 0.202778
-1 0.687500 0.723611 0.043750 0.194444
-1 0.785156 0.701389 0.045312 0.111111
-1 0.813281 0.667361 0.037500 0.143056
-1 0.846094 0.418056 0.045312 0.175000
-1 0.805859 0.477778 0.066406 0.083333
-1 0.766016 0.477778 0.027344 0.127778
-1 0.684766 0.443750 0.041406 0.145833
-1 0.560156 0.584722 0.053125 0.172222
-1 0.636328 0.552778 0.049219 0.125000
-1 0.608984 0.683333 0.046094 0.186111
4 0.157031 0.535417 0.259375 0.218056
-1 0.263672 0.644444 0.049219 0.163889
-1 0.363281 0.672222 0.051562 0.130556
-1 0.408594 0.718750 0.035937 0.151389
-1 0.505859 0.543056 0.049219 0.186111
-1 0.456641 0.540972 0.053906 0.143056
-1 0.438672 0.498611 0.047656 0.163889
-1 0.441016 0.708333 0.044531 0.055556
-1 0.367578 0.552083 0.038281 0.181944
-1 0.717578 0.627083 0.038281 0.173611
-1 0.592578 0.469444 0.033594 0.138889
-1 0.320703 0.534722 0.035156 0.172222