4 0.789453 0.956250 0.152344 0.384722
4 0.626563 0.988194 0.106250 0.248611
4 0.924219 1.011111 0.114062 0.236111
-1 0.819141 0.170139 0.027344 0.129167
-1 0.788672 0.189583 0.028906 0.118056
-1 0.531641 0.368750 0.033594 0.154167
-1 0.787500 0.586806 0.046875 0.145833
-1 0.951562 0.565972 0.050000 0.109722
-1 0.557031 0.540972 0.031250 0.168056
-1 0.922656 0.543056 0.037500 0.122222
-1 0.722266 0.545833 0.042969 0.150000
-1 0.675391 0.548611 0.036719 0.152778
-1 0.807422 0.430556 0.035156 0.097222
-1 0.592969 0.372222 0.054688 0.094444
-1 0.879687 0.525000 0.037500 0.116667
-1 0.934375 0.837500 0.037500 0.116667
4 0.928906 0.693750 0.257812 0.170833
-1 0.368750 0.345139 0.039062 0.098611
-1 0.386328 0.405556 0.038281 0.097222
-1 0.483203 0.374306 0.049219 0.109722
-1 0.657422 0.502083 0.028906 0.154167
-1 0.200781 0.818750 0.039062 0.168056
-1 0.714844 0.892361 0.029687 0.134722
-1 0.683594 0.853472 0.045312 0.179167
-1 0.637500 0.425694 0.035937 0.131944
-1 0.619141 0.581250 0.035156 0.137500
-1 0.508594 0.283333 0.035937 0.138889
-1 0.585156 0.552778 0.026562 0.158333
-1 0.132812 0.368056 0.028125 0.105556
-1 0.849219 0.514583 0.031250 0.148611
-1 0.181641 0.411111 0.035156 0.102778
-1 0.355078 0.184722 0.036719 0.138889
-1 0.272656 0.190972 0.039062 0.137500
-1 0.229687 0.263194 0.042188 0.143056