0 0.045312 0.389583 0.120313 0.115278
5 0.181250 0.441667 0.128125 0.163889
5 0.148438 0.561111 0.048438 0.097222
0 0.279297 0.333333 0.121094 0.172222
0 0.200781 0.174306 0.062500 0.090278
4 0.330078 0.402778 0.028906 0.047222
4 0.489063 0.575694 0.028125 0.045833
4 0.446484 0.530556 0.030469 0.055556
1 0.483594 0.259028 0.067187 0.095833
4 0.402344 0.659722 0.035937 0.052778
4 0.637109 0.823611 0.038281 0.052778
2 0.678906 0.406250 0.076563 0.115278
0 0.809375 0.360417 0.081250 0.109722
4 0.669531 0.941667 0.035937 0.050000
1 0.584375 0.131250 0.062500 0.079167
-1 0.583984 0.138889 0.025781 0.052778
0 0.558203 0.294444 0.071094 0.127778
4 0.772266 0.452778 0.019531 0.050000
4 0.751563 0.415278 0.020313 0.041667
4 0.741797 0.509028 0.022656 0.029167
4 0.734766 0.571528 0.027344 0.029167
4 0.582812 0.542361 0.017188 0.048611