4 0.063672 1.015972 0.061719 0.087500
0 0.330078 0.800694 0.158594 0.187500
0 0.083984 0.868056 0.167969 0.200000
1 0.448047 0.753472 0.114844 0.193056
-1 0.476953 0.715972 0.064844 0.065278
2 0.562109 0.556250 0.114844 0.143056
1 0.579688 0.732639 0.078125 0.165278
-1 0.579297 0.748611 0.074219 0.102778
4 0.764453 0.363194 0.036719 0.045833
4 0.446094 0.348611 0.054688 0.058333
4 0.521484 0.313194 0.033594 0.051389
4 0.557422 0.331944 0.044531 0.041667
4 0.723437 0.235417 0.032813 0.037500
4 0.755078 0.164583 0.027344 0.056944
0 0.894531 0.561806 0.139063 0.179167
4 0.887500 0.805556 0.062500 0.072222
4 0.845313 0.827083 0.050000 0.076389