-1 0.254297 0.956944 0.047656 0.211111
-1 0.198047 0.908333 0.046094 0.227778
-1 0.182031 0.388194 0.071875 0.162500
-1 0.341016 0.996528 0.027344 0.176389
-1 0.475391 0.606250 0.027344 0.154167
-1 0.404297 0.659028 0.046094 0.173611
-1 0.542188 0.491667 0.067187 0.161111
-1 0.707812 0.627778 0.037500 0.144444
-1 0.572656 0.596528 0.032813 0.104167
-1 0.800391 0.240972 0.036719 0.151389
-1 0.297266 0.244444 0.041406 0.161111
-1 0.200391 0.243750 0.042969 0.126389
-1 0.722266 0.490278 0.044531 0.258333
-1 0.739844 0.404167 0.029687 0.150000
-1 0.634375 0.251389 0.057813 0.183333
-1 0.710938 0.204861 0.040625 0.179167
-1 0.483203 0.979167 0.027344 0.147222
-1 0.656250 0.562500 0.026562 0.119444
-1 0.600781 0.533333 0.034375 0.119444
-1 0.608203 0.612500 0.032031 0.083333
-1 0.716406 0.786111 0.029687 0.141667
-1 0.583984 0.108333 0.036719 0.150000
-1 0.599219 0.213194 0.046875 0.165278
4 0.453906 0.786806 0.151562 0.259722
-1 0.669141 0.865972 0.028906 0.176389
-1 0.865625 0.666667 0.031250 0.216667
-1 0.766797 0.900694 0.036719 0.198611
-1 0.801562 0.903472 0.031250 0.190278
-1 0.779687 0.665972 0.039062 0.162500
-1 0.910937 0.860417 0.032813 0.165278
-1 0.956250 0.840972 0.035937 0.093056
-1 0.862109 0.182639 0.032031 0.159722