4 0.541797 0.943750 0.080469 0.109722
4 0.419922 0.165278 0.067969 0.077778
4 0.570312 0.304861 0.039062 0.065278
4 0.033984 0.516667 0.069531 0.100000
4 0.413672 0.233333 0.033594 0.069444
4 0.524609 0.591667 0.083594 0.113889
4 0.588281 0.070833 0.035937 0.069444
4 0.663281 0.288889 0.056250 0.083333
4 0.806641 0.281944 0.049219 0.077778
4 0.611328 0.545833 0.039844 0.077778
4 0.741406 0.276389 0.042188 0.077778
4 0.345703 0.605556 0.082031 0.063889
4 0.696484 0.618750 0.074219 0.079167
4 0.500000 0.163889 0.046875 0.063889
4 0.703516 0.059028 0.038281 0.056944