-1 0.395703 0.876389 0.042969 0.150000
-1 0.280469 0.887500 0.043750 0.141667
-1 0.740625 0.772917 0.039062 0.173611
-1 0.689453 0.764583 0.036719 0.179167
-1 0.657422 1.021528 0.044531 0.179167
-1 0.677344 0.993750 0.043750 0.159722
-1 0.307812 0.539583 0.042188 0.140278
-1 0.083984 0.683333 0.052344 0.163889
-1 0.062891 0.773611 0.039844 0.169444
-1 0.393359 0.397222 0.058594 0.133333
-1 0.171094 0.432639 0.031250 0.109722
-1 0.036719 0.670139 0.039062 0.162500
-1 0.833984 0.825000 0.028906 0.186111
-1 0.666797 0.986806 0.030469 0.151389
-1 0.968750 0.386111 0.034375 0.158333
-1 0.698047 0.463889 0.025781 0.147222
-1 0.693359 0.576389 0.041406 0.158333
-1 0.700781 0.408333 0.039062 0.180556
-1 0.866406 0.595833 0.039062 0.133333
-1 0.859375 0.398611 0.029687 0.113889
-1 0.767188 0.431944 0.029687 0.094444
-1 0.850000 1.013194 0.021875 0.112500
-1 0.804688 0.988889 0.017188 0.116667
-1 0.818750 0.918056 0.028125 0.091667
-1 0.848437 0.999306 0.037500 0.087500
-1 0.729297 0.101389 0.028906 0.119444
-1 0.410938 0.240972 0.035937 0.140278
-1 0.350000 0.268750 0.039062 0.115278
-1 0.772266 0.223611 0.025781 0.150000
-1 0.788672 0.248611 0.025781 0.130556
-1 0.851953 0.293750 0.035156 0.093056
-1 0.995313 0.201389 0.035937 0.116667
-1 0.638672 0.142361 0.044531 0.143056
-1 0.651953 0.109722 0.027344 0.122222
-1 0.901563 0.786806 0.032813 0.179167
-1 0.884766 0.769444 0.030469 0.172222