0 0.060156 0.375694 0.120313 0.081944
0 0.126562 0.172917 0.104688 0.065278
0 0.392578 0.189583 0.102344 0.059722
0 0.182031 0.464583 0.131250 0.104167
5 0.189844 0.270833 0.087500 0.108333
0 0.445312 0.220833 0.129688 0.072222
0 0.558984 0.072222 0.102344 0.061111
0 0.392969 0.314583 0.117188 0.073611
0 0.389062 0.593056 0.179688 0.130556
0 0.554297 0.444444 0.105469 0.072222
0 0.482422 0.384722 0.110156 0.069444
5 0.333594 0.442361 0.151562 0.145833
3 0.054688 0.663889 0.107813 0.125000
3 0.210156 0.772917 0.153125 0.173611
0 0.765625 0.415278 0.126562 0.097222