1 0.277344 0.476389 0.093750 0.136111
-1 0.275000 0.509028 0.060937 0.093056
-1 0.312891 0.242361 0.097656 0.123611
1 0.184766 0.346528 0.066406 0.070833
1 0.137891 0.506250 0.069531 0.101389
-1 0.135156 0.520139 0.046875 0.076389
1 0.483984 0.384028 0.069531 0.081944
1 0.278906 0.593750 0.107813 0.134722
2 0.355469 0.590972 0.064062 0.098611
2 0.616406 0.473611 0.051562 0.083333
2 0.734766 0.767361 0.080469 0.151389
0 0.702344 0.508333 0.125000 0.130556
0 0.782422 0.379861 0.077344 0.095833
2 0.867969 0.450694 0.067187 0.084722
0 0.773828 0.672917 0.102344 0.123611
4 0.848047 0.534028 0.027344 0.051389
4 0.559375 0.617361 0.040625 0.051389