1 0.875781 0.652083 0.151562 0.179167
1 0.376563 0.739583 0.145313 0.184722
0 0.507031 0.526389 0.151562 0.147222
0 0.713281 0.572917 0.106250 0.123611
4 0.595703 0.709722 0.053906 0.052778
4 0.823438 0.799306 0.068750 0.054167
0 0.573828 0.824306 0.080469 0.120833
0 0.591016 0.902778 0.083594 0.102778
4 0.300781 0.575000 0.050000 0.055556
5 0.684375 1.029167 0.151562 0.238889
-1 0.341797 0.763889 0.049219 0.097222
0 0.171484 0.670139 0.191406 0.143056
4 0.418359 0.881250 0.047656 0.059722
4 0.463281 0.820833 0.046875 0.050000
1 0.482812 0.379861 0.167187 0.109722
-1 0.441016 0.377083 0.089844 0.084722
1 0.108984 0.336806 0.114844 0.098611
0 0.195312 0.379167 0.098437 0.088889