1 0.869531 0.907639 0.151562 0.179167
1 0.374219 0.904861 0.145313 0.184722
0 0.532813 0.732639 0.159375 0.154167
0 0.721484 0.809028 0.111719 0.129167
4 0.593359 0.929167 0.053906 0.052778
4 0.323437 0.759722 0.045312 0.050000
-1 0.347266 0.948611 0.049219 0.097222
0 0.187500 0.835417 0.173437 0.129167
1 0.515625 0.593750 0.184375 0.120833
-1 0.479687 0.579167 0.085938 0.080556
1 0.168359 0.510417 0.114844 0.098611
0 0.245312 0.559028 0.093750 0.084722
1 0.868750 0.352778 0.145313 0.111111
0 0.803906 0.562500 0.146875 0.108333
0 0.194922 0.315278 0.147656 0.094444