0 0.176953 0.134028 0.111719 0.062500
0 0.054688 0.224306 0.110937 0.070833
0 0.113281 0.378472 0.082812 0.056944
0 0.089063 0.298611 0.104688 0.066667
0 0.361719 0.370139 0.139063 0.106944
0 0.315234 0.695833 0.161719 0.155556
3 0.185547 0.600000 0.080469 0.144444
0 0.561328 0.564583 0.166406 0.115278
0 0.505469 0.292361 0.107813 0.065278
0 0.707812 0.510417 0.139063 0.120833
0 0.619141 0.431944 0.105469 0.102778
0 0.823828 0.247222 0.124219 0.094444
0 0.644922 0.171528 0.078906 0.073611
0 0.866406 0.368750 0.107813 0.090278
0 0.876563 0.448611 0.092188 0.069444
3 0.242578 0.390972 0.055469 0.145833
3 0.889844 0.678472 0.100000 0.162500