0 0.116016 0.688889 0.103906 0.122222
1 0.226953 0.568056 0.086719 0.111111
-1 0.232422 0.525000 0.041406 0.077778
0 0.204687 0.413194 0.065625 0.159722
0 0.325000 0.722917 0.120313 0.115278
0 0.253906 0.838889 0.120313 0.150000
3 0.143750 0.281250 0.110937 0.193056
5 0.466406 0.652778 0.110937 0.141667
5 0.546484 0.763194 0.061719 0.123611
0 0.505859 0.476389 0.121094 0.172222
0 0.359766 0.386806 0.069531 0.098611
4 0.590234 0.498611 0.030469 0.050000
4 0.784375 0.542361 0.026562 0.043056
4 0.743359 0.523611 0.027344 0.050000
0 0.257812 0.238889 0.089063 0.122222
1 0.650391 0.262500 0.077344 0.111111
4 0.758594 0.676389 0.034375 0.050000
4 0.981250 0.653472 0.031250 0.059722