1 0.210547 0.748611 0.072656 0.086111
0 0.385156 0.849306 0.067187 0.062500
0 0.485156 0.801389 0.075000 0.066667
1 0.546094 0.666667 0.067187 0.063889
1 0.014453 0.839583 0.078906 0.065278
4 0.768750 0.851389 0.035937 0.044444
1 0.277344 0.793750 0.067187 0.084722
-1 0.280078 0.790278 0.042969 0.052778
0 0.678906 0.840278 0.092188 0.136111
0 0.464062 0.572917 0.078125 0.059722
0 0.344922 0.439583 0.058594 0.059722
0 0.644922 0.487500 0.086719 0.077778
0 0.896484 0.985417 0.110156 0.104167
0 0.923828 0.421528 0.060156 0.040278
0 0.926172 0.611806 0.074219 0.054167
1 0.760938 0.678472 0.067187 0.070833
1 0.627734 0.673611 0.047656 0.083333
1 0.280859 0.602083 0.058594 0.104167