1 0.055859 0.625000 0.142969 0.250000
-1 0.063281 0.568056 0.085938 0.163889
1 0.420703 0.469444 0.089844 0.130556
-1 0.425781 0.497917 0.060937 0.093056
-1 0.424609 0.238194 0.097656 0.123611
1 0.318359 0.338194 0.069531 0.073611
1 0.287891 0.495139 0.069531 0.101389
-1 0.289844 0.506944 0.042188 0.069444
0 0.129297 0.339583 0.052344 0.098611
1 0.612891 0.379167 0.066406 0.077778
1 0.442578 0.579167 0.102344 0.127778
2 0.509375 0.575000 0.060937 0.094444
2 0.739453 0.467361 0.049219 0.079167
2 0.883984 0.738889 0.069531 0.130556
0 0.825391 0.502083 0.113281 0.118056
0 0.882031 0.384028 0.070312 0.087500