1 0.199609 0.772917 0.146094 0.115278
-1 0.171875 0.750694 0.081250 0.076389
1 0.617188 0.602083 0.176563 0.134722
0 0.478906 0.767361 0.126562 0.093056
0 0.022266 0.488889 0.147656 0.094444
0 0.411719 0.547222 0.118750 0.105556
4 0.377344 0.360417 0.025000 0.037500
4 0.323828 0.329861 0.038281 0.051389
4 0.553906 0.285417 0.026562 0.045833
4 0.572656 0.309028 0.031250 0.043056
4 0.484375 0.318056 0.026562 0.033333
0 0.677734 0.398611 0.116406 0.086111
5 0.584766 0.472222 0.124219 0.113889
5 0.754687 0.802083 0.112500 0.218056
0 0.788672 0.306250 0.099219 0.068056
0 0.405859 0.202778 0.130469 0.080556
1 0.573047 0.156944 0.083594 0.058333
0 0.262891 0.246528 0.105469 0.065278
4 0.481250 0.397917 0.034375 0.043056