1 0.054297 0.409028 0.078906 0.101389
-1 0.066016 0.372222 0.039844 0.075000
0 0.071094 0.266667 0.062500 0.152778
0 0.127734 0.570139 0.114844 0.109722
0 0.029687 0.674306 0.126562 0.156944
5 0.298047 0.581250 0.116406 0.148611
5 0.308984 0.689583 0.061719 0.123611
0 0.341797 0.408333 0.121094 0.172222
0 0.214453 0.277083 0.069531 0.098611
4 0.419141 0.452778 0.028906 0.047222
4 0.603906 0.553472 0.028125 0.045833
4 0.558203 0.520833 0.025781 0.047222
0 0.154297 0.141667 0.077344 0.105556
1 0.521094 0.244444 0.073438 0.105556
4 0.550781 0.672222 0.034375 0.050000
4 0.788281 0.711806 0.032813 0.045833
2 0.715234 0.304167 0.066406 0.100000
0 0.813672 0.209028 0.077344 0.104167