0 0.024219 0.404167 0.081250 0.077778
5 0.083984 0.524306 0.116406 0.148611
0 0.214844 0.438889 0.100000 0.141667
0 0.195703 0.309028 0.049219 0.070833
4 0.298828 0.528472 0.027344 0.045833
4 0.321094 0.696528 0.028125 0.045833
4 0.297266 0.640278 0.030469 0.055556
1 0.414062 0.439583 0.060937 0.087500
4 0.220703 0.733333 0.038281 0.055556
4 0.389453 0.972222 0.038281 0.052778
2 0.561719 0.614583 0.073438 0.065278
0 0.719141 0.636806 0.089844 0.120833
1 0.549219 0.368750 0.062500 0.079167
-1 0.535547 0.366667 0.024219 0.050000
0 0.469922 0.484722 0.067969 0.122222
4 0.657813 0.711111 0.020313 0.052778
4 0.643750 0.665278 0.020313 0.041667
4 0.603906 0.744444 0.023438 0.030556
4 0.576953 0.796528 0.030469 0.031944
4 0.423438 0.703472 0.017188 0.048611
0 0.370703 0.700000 0.075781 0.119444
4 0.157812 0.652778 0.014063 0.052778
0 0.807813 0.527778 0.064062 0.077778
0 0.755469 0.745139 0.076563 0.118056
0 0.859766 0.746528 0.072656 0.118056