1 0.061328 0.368750 0.061719 0.090278
0 0.132031 0.685417 0.131250 0.118056
0 0.163672 0.928472 0.163281 0.140278
1 0.432812 0.848611 0.112500 0.161111
-1 0.435547 0.850000 0.080469 0.113889
0 0.336328 0.810417 0.117969 0.131944
1 0.513672 0.454167 0.077344 0.083333
0 0.141406 0.230556 0.071875 0.083333
0 0.381250 0.230556 0.114062 0.069444
0 0.493359 0.620139 0.121094 0.098611
5 0.364844 0.425000 0.062500 0.102778
0 0.636328 0.425694 0.053906 0.076389
0 0.789453 0.726389 0.069531 0.122222
1 0.810156 0.511111 0.085938 0.113889
1 0.735547 0.534722 0.067969 0.088889
0 0.242969 0.434722 0.062500 0.066667
1 0.689063 0.770833 0.078125 0.108333
4 0.543750 0.966667 0.039062 0.044444
0 0.591016 0.560417 0.074219 0.070833