1 0.213281 0.514583 0.060937 0.087500
2 0.360938 0.652083 0.073438 0.065278
0 0.516016 0.642361 0.089844 0.120833
1 0.357812 0.424306 0.062500 0.079167
-1 0.344141 0.419444 0.024219 0.050000
0 0.269922 0.554167 0.067969 0.122222
4 0.516016 0.874306 0.017969 0.045833
4 0.442578 0.688194 0.021094 0.043056
4 0.395313 0.770139 0.025000 0.031944
4 0.365234 0.825000 0.033594 0.036111
4 0.211719 0.774306 0.017188 0.048611
0 0.150391 0.779167 0.072656 0.113889
0 0.610156 0.527083 0.060937 0.073611
0 0.549219 0.735417 0.076563 0.118056
0 0.650000 0.717361 0.076563 0.123611
0 0.342578 0.518056 0.050781 0.108333
0 0.404297 0.532639 0.060156 0.087500