0 0.052344 0.582639 0.103125 0.129167
0 0.237891 0.720833 0.103906 0.122222
1 0.121875 0.858333 0.106250 0.169444
-1 0.096484 0.838889 0.047656 0.130556
1 0.330859 0.561111 0.086719 0.111111
-1 0.324609 0.509722 0.039844 0.075000
0 0.271875 0.407639 0.068750 0.168056
0 0.459375 0.692361 0.126562 0.120833
0 0.407813 0.832639 0.132812 0.165278
3 0.064062 0.385417 0.060937 0.273611
3 0.202734 0.320833 0.091406 0.158333
5 0.588281 0.588889 0.110937 0.141667
5 0.689453 0.678472 0.064844 0.129167
0 0.594531 0.395833 0.115625 0.163889
0 0.435547 0.340972 0.072656 0.104167
4 0.676953 0.398611 0.030469 0.050000
4 0.863281 0.393056 0.025000 0.041667
4 0.826953 0.384722 0.025781 0.047222