0 0.294922 0.936806 0.100781 0.120833
1 0.098828 0.917361 0.103906 0.159722
-1 0.118750 0.895833 0.042188 0.083333
0 0.004687 0.850694 0.073438 0.118056
0 0.091016 0.647917 0.069531 0.076389
0 0.302734 0.414583 0.060156 0.084722
0 0.335938 0.342361 0.067187 0.059722
0 0.283984 0.663194 0.071094 0.123611
3 0.245703 0.400000 0.052344 0.172222
0 0.251953 0.878472 0.075781 0.106944
0 0.224609 0.525000 0.035156 0.066667
0 0.546875 0.461111 0.060937 0.094444
1 0.590625 0.495139 0.068750 0.101389
1 0.420703 0.429861 0.058594 0.090278
1 0.382422 0.661111 0.058594 0.144444
0 0.780078 0.754861 0.075781 0.170833
4 0.617578 0.712500 0.024219 0.041667
2 0.545312 0.865972 0.081250 0.140278
1 0.578906 0.222917 0.067187 0.076389
3 0.588672 0.327778 0.053906 0.108333
1 0.080469 0.503472 0.068750 0.068056
1 0.717969 0.231250 0.050000 0.087500
0 0.886719 0.309722 0.081250 0.088889
0 0.460938 0.635417 0.075000 0.118056
0 0.707812 0.542361 0.060937 0.112500