4 0.804297 0.934028 0.152344 0.384722
4 0.639062 0.964583 0.106250 0.248611
4 0.935156 0.987500 0.114062 0.236111
-1 0.824609 0.147222 0.028906 0.136111
-1 0.794922 0.167361 0.028906 0.118056
-1 0.541016 0.346528 0.033594 0.154167
-1 0.797656 0.563194 0.046875 0.145833
-1 0.965625 0.546528 0.050000 0.109722
-1 0.567187 0.518750 0.029687 0.159722
-1 0.930469 0.519444 0.039062 0.127778
-1 0.732422 0.523611 0.042969 0.150000
-1 0.683984 0.525000 0.036719 0.152778
-1 0.816797 0.406944 0.035156 0.097222
-1 0.602344 0.351389 0.054688 0.094444
-1 0.890625 0.501389 0.037500 0.116667
-1 0.949219 0.811111 0.037500 0.116667
4 0.933594 0.678472 0.257812 0.170833
-1 0.375781 0.324306 0.039062 0.098611
-1 0.394922 0.384722 0.038281 0.097222
-1 0.490234 0.353472 0.049219 0.109722
-1 0.666797 0.479861 0.025781 0.140278
-1 0.214062 0.799306 0.039062 0.168056
-1 0.729688 0.868750 0.029687 0.134722
-1 0.697656 0.832639 0.045312 0.179167
-1 0.646094 0.403472 0.035937 0.131944
-1 0.628516 0.557639 0.035156 0.137500
-1 0.516406 0.259028 0.034375 0.131944
-1 0.595313 0.534722 0.026562 0.158333
-1 0.142187 0.347222 0.029687 0.111111
-1 0.859375 0.491667 0.029687 0.141667
-1 0.190234 0.391667 0.035156 0.102778
-1 0.358203 0.166667 0.036719 0.138889
-1 0.278125 0.171528 0.039062 0.137500
-1 0.235156 0.242361 0.042188 0.143056