1 0.328906 0.899306 0.196875 0.268056
-1 0.335547 0.809028 0.088281 0.101389
-1 0.378125 0.897222 0.059375 0.180556
4 0.469531 0.940278 0.051562 0.116667
4 0.507812 0.835417 0.050000 0.129167
4 0.519922 0.761111 0.038281 0.094444
1 0.112891 0.904167 0.125781 0.186111
-1 0.146094 0.879861 0.068750 0.104167
4 0.586328 0.906250 0.072656 0.076389
4 0.156250 0.665972 0.048438 0.104167
0 0.604297 0.732639 0.167969 0.248611
0 0.247266 0.655556 0.114844 0.263889
0 0.782813 0.589583 0.190625 0.270833
4 0.290625 0.417361 0.056250 0.079167