1 0.291797 0.581944 0.085156 0.091667
0 0.179297 0.336806 0.138281 0.084722
0 0.233984 0.783333 0.147656 0.119444
5 0.119922 0.562500 0.075781 0.125000
0 0.440625 0.538889 0.065625 0.091667
0 0.573438 0.895139 0.084375 0.148611
1 0.625781 0.628472 0.104688 0.137500
1 0.535156 0.662500 0.075000 0.097222
1 0.439063 0.938889 0.085938 0.119444
0 0.357031 0.707639 0.085938 0.081944
1 0.471875 0.356250 0.059375 0.070833
0 0.595313 0.502778 0.082812 0.091667
1 0.698438 0.479167 0.068750 0.069444
0 0.655469 0.384028 0.057813 0.054167
0 0.700391 0.327778 0.061719 0.055556
0 0.876563 0.472917 0.070312 0.081944
1 0.653906 0.222222 0.050000 0.047222
0 0.918359 0.668750 0.130469 0.156944
1 0.684375 0.850694 0.075000 0.106944
1 0.761719 0.629861 0.096875 0.076389
1 0.369922 0.471528 0.071094 0.059722