-1 0.162500 0.900000 0.045312 0.158333
-1 0.028125 0.890278 0.043750 0.141667
-1 0.581250 0.856250 0.045312 0.201389
-1 0.530859 0.834722 0.039844 0.197222
-1 0.201953 0.518056 0.050781 0.169444
-1 0.334766 0.392361 0.067969 0.154167
-1 0.062500 0.370139 0.034375 0.120833
-1 0.674609 0.909028 0.025781 0.168056
-1 0.660547 0.520139 0.027344 0.154167
-1 0.591406 0.602778 0.048438 0.183333
-1 0.689844 0.477778 0.060937 0.280556
-1 0.803906 0.704861 0.040625 0.140278
-1 0.850391 0.486111 0.032031 0.125000
-1 0.741406 0.486806 0.032813 0.104167
-1 0.811328 0.143750 0.036719 0.151389
-1 0.400781 0.231250 0.039062 0.154167
-1 0.323047 0.250694 0.042969 0.126389
-1 0.812500 0.311806 0.034375 0.201389
-1 0.810937 0.305556 0.029687 0.150000
-1 0.888672 0.387500 0.042969 0.113889
-1 0.703516 0.167361 0.060156 0.193056
-1 0.723828 0.135417 0.036719 0.162500
-1 0.771094 0.909722 0.028125 0.155556
-1 0.812500 0.496528 0.031250 0.137500
-1 0.741406 0.411111 0.031250 0.108333
-1 0.768359 0.497222 0.035156 0.091667
-1 0.892188 0.716667 0.029687 0.105556
-1 0.601172 0.075694 0.035156 0.143056
-1 0.634766 0.157639 0.036719 0.129167
4 0.114453 0.231944 0.203906 0.158333
4 0.225000 0.197917 0.185938 0.195833
4 -0.016406 0.309722 0.139063 0.191667
4 0.704297 0.655556 0.144531 0.247222
-1 0.879297 0.634028 0.039844 0.137500
-1 0.981641 0.495833 0.025781 0.177778