0 0.226562 0.982639 0.175000 0.206944
1 0.360156 0.926389 0.120313 0.202778
-1 0.394141 0.892361 0.067969 0.068056
2 0.501172 0.700694 0.114844 0.143056
1 0.512891 0.911806 0.082031 0.173611
-1 0.512500 0.926389 0.078125 0.108333
4 0.730859 0.490972 0.038281 0.048611
4 0.377344 0.473611 0.057813 0.061111
4 0.464453 0.431250 0.035156 0.054167
4 0.500781 0.452083 0.046875 0.043056
4 0.689063 0.351389 0.035937 0.041667
4 0.727734 0.270139 0.030469 0.062500
0 0.867969 0.713889 0.153125 0.197222
4 0.855469 0.986806 0.065625 0.076389
4 0.809766 1.011111 0.052344 0.080556
1 0.438672 0.310417 0.121094 0.159722