1 0.768750 0.299306 0.131250 0.154167
1 0.841016 0.801389 0.133594 0.208333
-1 0.842578 0.772222 0.096094 0.094444
0 0.408984 0.747917 0.142969 0.109722
1 0.339453 0.427083 0.132031 0.168056
0 0.430078 0.209028 0.144531 0.140278
0 0.623437 0.245139 0.101562 0.118056
4 0.962500 0.473611 0.040625 0.075000
4 0.523828 0.379861 0.044531 0.043056
4 0.740625 0.436111 0.059375 0.047222
0 0.517188 0.490972 0.084375 0.126389
0 0.565625 0.538889 0.087500 0.108333
4 0.571875 0.919444 0.028125 0.094444
0 0.961328 0.675694 0.077344 0.095833
4 0.235937 0.279167 0.045312 0.050000
5 0.643750 0.655556 0.118750 0.186111
-1 0.309375 0.452083 0.046875 0.093056