0 0.227344 0.449306 0.065625 0.093056
0 0.268750 0.374306 0.070312 0.062500
0 0.183203 0.713194 0.071094 0.123611
3 0.168750 0.444444 0.054688 0.180556
0 0.134766 0.563889 0.035156 0.066667
0 0.471875 0.506944 0.060937 0.094444
1 0.512891 0.550000 0.075781 0.111111
1 0.344141 0.468750 0.058594 0.090278
1 0.283203 0.717361 0.061719 0.151389
0 0.691797 0.832639 0.075781 0.170833
4 0.527734 0.784722 0.025781 0.044444
2 0.436328 0.926389 0.085156 0.147222
1 0.528906 0.256250 0.070312 0.079167
3 0.535937 0.372917 0.062500 0.126389
1 0.669141 0.272222 0.052344 0.091667
0 0.838672 0.364583 0.085156 0.093056
0 0.368750 0.692361 0.078125 0.123611
0 0.632031 0.603472 0.067187 0.123611