4 0.807422 0.892361 0.027344 0.084722
1 0.540234 0.815972 0.166406 0.229167
4 0.150391 0.545833 0.038281 0.050000
0 0.428906 0.377083 0.239063 0.231944
0 0.281641 0.313889 0.102344 0.088889
0 0.095312 0.293056 0.167187 0.158333
0 0.687891 0.465278 0.272656 0.225000
4 0.852344 0.782639 0.029687 0.073611
4 0.919531 0.597917 0.029687 0.070833
4 0.954688 0.515972 0.051562 0.070833
4 0.787109 0.337500 0.046094 0.052778
4 0.935156 0.380556 0.026562 0.044444
1 0.638281 0.233333 0.175000 0.091667
5 0.328516 0.748611 0.075781 0.136111