-1 0.321484 0.875000 0.047656 0.211111
-1 0.259766 0.834722 0.046094 0.227778
-1 0.197656 0.331250 0.071875 0.162500
-1 0.403906 0.947222 0.032813 0.213889
-1 0.502734 0.520139 0.027344 0.154167
-1 0.433203 0.578472 0.046094 0.173611
-1 0.558594 0.404167 0.067187 0.161111
-1 0.732812 0.525000 0.037500 0.144444
-1 0.596094 0.507639 0.032813 0.104167
-1 0.789844 0.147917 0.039062 0.159722
-1 0.301172 0.184722 0.041406 0.161111
-1 0.209375 0.188194 0.040625 0.120833
-1 0.733984 0.362500 0.044531 0.258333
-1 0.732031 0.320833 0.029687 0.150000
-1 0.624219 0.163889 0.057813 0.183333
-1 0.692969 0.118750 0.040625 0.179167
-1 0.524219 0.960417 0.031250 0.170833
-1 0.678125 0.522222 0.032813 0.144444
-1 0.617188 0.419444 0.032813 0.113889
-1 0.627734 0.515278 0.032031 0.083333
-1 0.706250 0.775000 0.029687 0.105556
-1 0.562500 0.039583 0.039062 0.156944
-1 0.586328 0.129861 0.044531 0.156944
4 0.497656 0.690972 0.151562 0.259722
-1 0.709375 0.736111 0.029687 0.102778
-1 0.876563 0.555556 0.029687 0.205556
-1 0.803516 0.802083 0.036719 0.198611
-1 0.838281 0.763194 0.035937 0.220833
-1 0.793750 0.557639 0.037500 0.154167
-1 0.935937 0.742361 0.031250 0.156944
-1 0.975000 0.713194 0.032813 0.084722