-1 0.354687 0.966667 0.045312 0.158333
-1 0.221875 0.962500 0.043750 0.141667
-1 0.745313 0.900000 0.043750 0.191667
-1 0.694531 0.879861 0.042188 0.206944
-1 0.345313 0.600000 0.048438 0.161111
-1 0.059375 0.722222 0.054688 0.172222
-1 0.021094 0.820139 0.043750 0.187500
-1 0.450391 0.465278 0.064844 0.147222
-1 0.194531 0.470139 0.034375 0.120833
-1 0.020703 0.681250 0.041406 0.170833
-1 0.848437 0.957639 0.025000 0.159722
-1 0.774609 0.575694 0.027344 0.154167
-1 0.735156 0.664583 0.043750 0.165278
-1 0.782813 0.525694 0.045312 0.209722
-1 0.929688 0.729861 0.040625 0.140278
-1 0.951953 0.518056 0.032031 0.125000
-1 0.848437 0.532639 0.031250 0.098611
-1 0.873828 0.192361 0.033594 0.137500
-1 0.496094 0.302083 0.039062 0.154167
-1 0.425391 0.324306 0.042969 0.126389
-1 0.894531 0.337500 0.029687 0.175000
-1 0.897656 0.343750 0.028125 0.143056
-1 0.975000 0.398611 0.040625 0.108333
-1 0.771484 0.211111 0.057031 0.183333
-1 0.787109 0.183333 0.035156 0.155556
-1 0.931250 0.909028 0.032813 0.179167
-1 0.918359 0.906944 0.032031 0.180556
-1 0.918750 0.529861 0.031250 0.137500
-1 0.844531 0.451389 0.031250 0.108333
-1 0.876953 0.533333 0.035156 0.091667
-1 0.982031 0.590972 0.026562 0.095833
-1 0.669922 0.136806 0.035156 0.143056
-1 0.707422 0.215278 0.038281 0.136111
4 0.226172 0.306944 0.203906 0.158333
4 0.326562 0.278472 0.185938 0.195833
4 0.126562 0.408333 0.139063 0.191667
4 0.837891 0.691667 0.144531 0.247222