0 0.102734 0.375694 0.146094 0.084722
0 0.198437 0.465972 0.132812 0.090278
0 0.226953 0.238889 0.114844 0.072222
0 0.517188 0.237500 0.112500 0.066667
0 0.359766 0.540972 0.138281 0.109722
5 0.309375 0.336806 0.079687 0.098611
0 0.584766 0.270139 0.142969 0.079167
0 0.659766 0.098611 0.107031 0.063889
0 0.546484 0.376389 0.122656 0.077778
0 0.607812 0.669444 0.179688 0.130556
0 0.750391 0.491667 0.110156 0.075000
0 0.652734 0.444444 0.110156 0.069444
5 0.508594 0.518056 0.131250 0.125000
3 0.086719 0.633333 0.125000 0.211111
3 0.208984 0.750694 0.130469 0.151389