-1 0.265625 0.981944 0.045312 0.158333
-1 0.132422 0.968056 0.041406 0.136111
-1 0.669531 0.902778 0.043750 0.191667
-1 0.616406 0.895139 0.042188 0.206944
-1 0.276953 0.606944 0.050781 0.169444
-1 0.392578 0.475000 0.064844 0.147222
-1 0.129688 0.463194 0.034375 0.120833
-1 0.776172 0.978472 0.025781 0.168056
-1 0.716016 0.595139 0.027344 0.154167
-1 0.670703 0.681250 0.046094 0.173611
-1 0.758984 0.551389 0.047656 0.219444
-1 0.867969 0.761806 0.040625 0.140278
-1 0.900391 0.544444 0.032031 0.125000
-1 0.792969 0.556250 0.032813 0.104167
-1 0.837109 0.206250 0.033594 0.137500
-1 0.447656 0.313194 0.039062 0.154167
-1 0.371484 0.332639 0.042969 0.126389
-1 0.850391 0.371528 0.036719 0.212500
-1 0.846875 0.366667 0.029687 0.150000
-1 0.932422 0.431944 0.042969 0.113889
-1 0.734766 0.229167 0.057031 0.183333
-1 0.747266 0.200694 0.036719 0.162500
-1 0.859375 0.914583 0.031250 0.170833
-1 0.867578 0.956944 0.030469 0.172222
-1 0.864062 0.552778 0.028125 0.125000
-1 0.792188 0.472222 0.032813 0.113889
-1 0.822266 0.560417 0.036719 0.095833
-1 0.979688 0.662500 0.029687 0.105556
-1 0.631641 0.147917 0.035156 0.143056
-1 0.668359 0.225000 0.038281 0.136111
4 0.168359 0.319444 0.203906 0.158333
4 0.274219 0.282639 0.185938 0.195833
4 0.049219 0.404167 0.139063 0.191667
4 0.771484 0.718056 0.144531 0.247222