0 0.098047 0.498611 0.069531 0.097222
0 0.153906 0.415972 0.070312 0.062500
0 0.016016 0.780556 0.078906 0.136111
3 0.043750 0.475000 0.054688 0.180556
0 -0.005078 0.613194 0.033594 0.062500
0 0.346094 0.574306 0.067187 0.104167
1 0.382812 0.625000 0.079687 0.116667
1 0.210547 0.534722 0.061719 0.094444
1 0.116016 0.804861 0.061719 0.151389
0 0.538281 0.961806 0.079687 0.179167
4 0.369922 0.888889 0.025781 0.044444
1 0.437500 0.302083 0.070312 0.079167
3 0.435937 0.468056 0.076563 0.152778
1 0.580859 0.324306 0.055469 0.095833
0 0.753125 0.437500 0.093750 0.102778
0 0.212109 0.777778 0.086719 0.136111
0 0.502344 0.695833 0.070312 0.130556
0 0.785547 0.292361 0.060156 0.101389
0 0.341797 0.267361 0.057031 0.095833
0 0.708594 0.862500 0.092188 0.183333
0 0.634375 0.745833 0.067187 0.113889
3 0.858984 0.403472 0.072656 0.137500