-1 0.371484 0.796528 0.039844 0.143056
-1 0.269531 0.854167 0.028125 0.161111
-1 0.300391 0.886111 0.039844 0.177778
-1 0.217969 0.789583 0.050000 0.198611
-1 0.111328 0.825694 0.052344 0.206944
-1 0.071094 0.797917 0.046875 0.193056
-1 0.558984 0.670139 0.046094 0.204167
-1 0.671094 0.647222 0.045312 0.111111
-1 0.694531 0.610417 0.037500 0.143056
-1 0.742969 0.356944 0.045312 0.175000
-1 0.701172 0.428472 0.069531 0.087500
-1 0.657422 0.418750 0.028906 0.134722
-1 0.576562 0.387500 0.045312 0.161111
-1 0.442969 0.533333 0.053125 0.172222
-1 0.519141 0.506944 0.049219 0.125000
-1 0.491016 0.629167 0.046094 0.186111
4 0.046094 0.500694 0.259375 0.218056
-1 0.142578 0.602778 0.049219 0.163889
-1 0.241406 0.626389 0.051562 0.130556
-1 0.283594 0.675694 0.035937 0.151389
-1 0.388672 0.495833 0.049219 0.186111
-1 0.344922 0.497917 0.053906 0.143056
-1 0.324609 0.450000 0.047656 0.163889
-1 0.323828 0.661111 0.044531 0.055556
-1 0.255078 0.505556 0.039844 0.191667
-1 0.598828 0.577083 0.036719 0.165278
-1 0.483984 0.420139 0.035156 0.145833
-1 0.207422 0.495833 0.033594 0.163889
-1 0.768750 0.286111 0.051562 0.183333