-1 0.398828 0.923611 0.042969 0.150000
-1 0.277734 0.930556 0.041406 0.136111
-1 0.761328 0.829167 0.041406 0.183333
-1 0.708203 0.820139 0.038281 0.187500
-1 0.329688 0.578472 0.042188 0.140278
-1 0.082812 0.727778 0.054688 0.172222
-1 0.055469 0.818750 0.043750 0.187500
-1 0.419141 0.436111 0.064844 0.147222
-1 0.183594 0.467361 0.034375 0.120833
-1 0.034766 0.707639 0.041406 0.170833
-1 0.857031 0.888889 0.029687 0.194444
-1 0.986328 0.404861 0.027344 0.123611
-1 0.735547 0.508333 0.025781 0.147222
-1 0.719531 0.618750 0.043750 0.165278
-1 0.739062 0.456944 0.039062 0.180556
-1 0.896875 0.644444 0.039062 0.133333
-1 0.901953 0.445833 0.032031 0.125000
-1 0.804688 0.475694 0.032813 0.104167
-1 0.782422 0.134028 0.033594 0.137500
-1 0.442969 0.272222 0.037500 0.147222
-1 0.378906 0.293750 0.040625 0.120833
-1 0.820703 0.268056 0.028906 0.166667
-1 0.833984 0.291667 0.025781 0.130556
-1 0.901172 0.336806 0.036719 0.098611
-1 1.017969 0.375000 0.037500 0.122222
-1 0.687891 0.168056 0.049219 0.158333
-1 0.703516 0.143750 0.032031 0.140278
-1 0.931250 0.846528 0.032813 0.179167
-1 0.916797 0.831944 0.032031 0.180556
-1 0.871094 0.459722 0.028125 0.125000
-1 0.792969 0.390278 0.029687 0.102778
-1 0.837109 0.463194 0.033594 0.087500
-1 0.968750 0.533333 0.029687 0.105556