-1 0.441797 0.840972 0.039844 0.143056
-1 0.343750 0.886111 0.026562 0.152778
-1 0.373047 0.909722 0.039844 0.177778
-1 0.289844 0.825694 0.050000 0.198611
-1 0.183203 0.860417 0.052344 0.206944
-1 0.143359 0.825000 0.049219 0.202778
-1 0.628125 0.702778 0.048438 0.213889
-1 0.737500 0.681944 0.045312 0.111111
-1 0.760938 0.642361 0.037500 0.143056
-1 0.806250 0.393056 0.045312 0.175000
-1 0.765234 0.460417 0.069531 0.087500
-1 0.722266 0.450000 0.027344 0.127778
-1 0.636719 0.419444 0.043750 0.152778
-1 0.509375 0.563889 0.053125 0.172222
-1 0.587109 0.536111 0.049219 0.125000
-1 0.558203 0.659722 0.046094 0.186111
4 0.107031 0.524306 0.259375 0.218056
-1 0.208594 0.629167 0.046875 0.155556
-1 0.309375 0.656944 0.051562 0.130556
-1 0.353125 0.707639 0.035937 0.151389
-1 0.455859 0.525000 0.049219 0.186111
-1 0.409766 0.525694 0.053906 0.143056
-1 0.389453 0.479167 0.047656 0.163889
-1 0.388281 0.691667 0.046875 0.058333
-1 0.319922 0.531944 0.039844 0.191667
-1 0.666797 0.609028 0.036719 0.165278
-1 0.550391 0.450694 0.035156 0.145833
-1 0.271484 0.518056 0.033594 0.163889
-1 0.876953 0.333333 0.049219 0.175000