0 0.209766 0.138194 0.111719 0.062500
0 0.089063 0.232639 0.110937 0.070833
0 0.172266 0.379861 0.086719 0.059722
0 0.140625 0.303472 0.100000 0.062500
5 -0.008594 0.327778 0.131250 0.125000
0 0.408594 0.364583 0.139063 0.106944
0 0.395703 0.671528 0.153906 0.148611
0 -0.023047 0.649306 0.211719 0.184722
3 0.259375 0.584028 0.076563 0.137500
0 0.617578 0.538194 0.158594 0.109722
0 0.543750 0.282639 0.107813 0.065278
0 0.755469 0.482639 0.132812 0.115278
0 0.662500 0.410417 0.100000 0.098611
0 0.846094 0.228472 0.118750 0.090278
0 0.666016 0.167361 0.078906 0.073611
0 0.895312 0.342361 0.107813 0.090278
0 0.911719 0.420833 0.092188 0.069444