1 0.489453 0.295139 0.111719 0.123611
-1 0.483203 0.276389 0.086719 0.086111
-1 0.525391 0.522222 0.144531 0.166667
0 0.294531 0.339583 0.107813 0.154167
4 0.234766 0.377778 0.027344 0.075000
4 0.089844 0.429167 0.026562 0.075000
1 0.166406 0.546528 0.104688 0.118056
-1 0.154688 0.549306 0.064062 0.095833
1 0.157812 0.386111 0.085938 0.147222
0 0.680078 0.112500 0.097656 0.111111
1 0.459766 0.141667 0.096094 0.111111
2 0.393359 0.234722 0.067969 0.180556
4 0.603125 0.108333 0.040625 0.061111
0 0.294922 0.633333 0.155469 0.316667
4 0.198437 0.784028 0.046875 0.062500
4 0.283594 0.837500 0.039062 0.047222