0 0.100391 0.498611 0.069531 0.097222
0 0.156250 0.415972 0.070312 0.062500
0 0.019922 0.783333 0.078906 0.136111
3 0.046094 0.475000 0.054688 0.180556
0 -0.012109 0.620139 0.033594 0.062500
0 0.348438 0.571528 0.067187 0.104167
1 0.386719 0.623611 0.079687 0.116667
1 0.212891 0.533333 0.061719 0.094444
1 0.119922 0.802083 0.061719 0.151389
0 0.542188 0.959028 0.079687 0.179167
4 0.373047 0.887500 0.025781 0.044444
1 0.440625 0.297917 0.070312 0.079167
3 0.439844 0.465278 0.076563 0.152778
1 0.582422 0.321528 0.055469 0.095833
0 0.754687 0.436111 0.093750 0.102778
0 0.216016 0.775000 0.086719 0.136111
0 0.505469 0.690278 0.070312 0.130556
0 0.787109 0.293750 0.060156 0.101389
0 0.344922 0.265972 0.057031 0.095833
0 0.711719 0.858333 0.092188 0.183333
0 0.638281 0.743056 0.067187 0.113889
3 0.860547 0.404861 0.072656 0.137500