1 0.846094 0.392361 0.151562 0.179167
1 0.881250 0.956250 0.146875 0.229167
-1 0.886328 0.921528 0.105469 0.104167
0 0.413672 0.875694 0.157031 0.120833
1 0.364063 0.517361 0.145313 0.184722
0 0.476562 0.295833 0.151562 0.147222
0 0.688281 0.324306 0.101562 0.118056
4 0.575781 0.473611 0.051562 0.050000
4 0.805469 0.543750 0.065625 0.051389
0 0.564453 0.586806 0.080469 0.120833
0 0.596094 0.654167 0.087500 0.108333
4 0.271484 0.354167 0.047656 0.052778
5 0.682031 0.783333 0.131250 0.205556
-1 0.330859 0.544444 0.049219 0.097222
0 0.151172 0.463194 0.191406 0.143056
4 0.410547 0.652083 0.047656 0.059722
4 0.450781 0.593056 0.046875 0.050000