0 0.148047 0.899306 0.072656 0.101389
1 0.281250 0.683333 0.065625 0.077778
0 0.356250 0.873611 0.095312 0.105556
1 0.476172 0.868750 0.083594 0.084722
0 0.472656 0.740972 0.064062 0.059722
0 0.551953 0.683333 0.067969 0.061111
0 0.708594 0.886806 0.085938 0.098611
1 0.563281 0.562500 0.067187 0.063889
1 0.114062 0.806944 0.082812 0.069444
4 0.796094 0.682639 0.032813 0.040278
1 0.352344 0.709722 0.064062 0.080556
-1 0.356250 0.701389 0.051562 0.063889
1 0.584375 0.880556 0.087500 0.144444
0 0.718750 0.681250 0.079687 0.118056
0 0.462109 0.496528 0.074219 0.056944
0 0.308984 0.396528 0.055469 0.056944
0 0.605469 0.402778 0.075000 0.066667