0 0.034375 0.357639 0.120313 0.081944
0 0.115625 0.154861 0.109375 0.068056
0 0.382812 0.175000 0.112500 0.066667
0 0.156641 0.442361 0.138281 0.109722
5 0.174219 0.251389 0.092188 0.113889
0 0.428906 0.205556 0.129688 0.072222
0 0.548047 0.058333 0.097656 0.058333
0 0.374219 0.297917 0.110937 0.070833
0 0.357031 0.572222 0.179688 0.130556
0 0.527734 0.431944 0.105469 0.072222
0 0.462109 0.368056 0.110156 0.069444
5 0.309375 0.422917 0.151562 0.145833
3 0.036719 0.604167 0.118750 0.138889
3 0.183594 0.750694 0.153125 0.173611
0 0.742188 0.400000 0.120313 0.091667
0 0.891406 0.665278 0.132812 0.127778
0 0.503906 0.696528 0.192188 0.168056