0 0.132812 0.575694 0.076563 0.087500
4 0.067187 0.577778 0.026562 0.038889
1 0.325391 0.894444 0.124219 0.208333
5 0.248047 0.689583 0.107031 0.151389
0 0.097656 0.487500 0.081250 0.086111
1 0.519922 0.548611 0.063281 0.097222
1 0.434766 0.582639 0.071094 0.131944
1 0.465234 0.434028 0.091406 0.087500
1 0.563672 0.852778 0.096094 0.172222
1 0.666016 0.579861 0.080469 0.093056
-1 0.660937 0.579167 0.059375 0.061111
-1 0.606641 0.595833 0.030469 0.086111
2 0.658984 0.693056 0.085156 0.111111
0 0.771094 0.786111 0.096875 0.163889
1 0.683984 0.268056 0.058594 0.086111
0 0.576172 0.259722 0.080469 0.061111
0 0.833594 0.559028 0.131250 0.118056