1 0.049609 0.612500 0.063281 0.097222
1 0.019922 0.487500 0.096094 0.091667
1 0.199219 0.634722 0.084375 0.097222
-1 0.188281 0.631944 0.056250 0.058333
-1 0.128516 0.650000 0.033594 0.094444
2 0.179297 0.754167 0.085156 0.111111
0 0.263281 0.828472 0.087500 0.148611
1 0.294531 0.330556 0.053125 0.077778
0 0.182422 0.322222 0.080469 0.061111
0 0.387500 0.610417 0.131250 0.118056
0 0.451172 0.818750 0.141406 0.120833
1 0.664844 0.755556 0.096875 0.138889
-1 0.669141 0.757639 0.072656 0.104167
0 0.575781 0.711111 0.096875 0.108333
1 0.683594 0.411806 0.073438 0.079167
0 0.345313 0.210417 0.059375 0.068056
0 0.548438 0.210417 0.103125 0.062500
0 0.688281 0.556250 0.104688 0.084722
5 0.554297 0.380556 0.053906 0.088889
0 0.791406 0.381944 0.051562 0.072222
0 0.954297 0.655556 0.066406 0.116667