4 0.508203 0.945139 0.080469 0.109722
4 0.418359 0.148611 0.067969 0.077778
4 0.568359 0.299306 0.069531 0.065278
4 0.408984 0.222222 0.033594 0.069444
4 0.504687 0.587500 0.087500 0.119444
4 0.598437 0.062500 0.035937 0.069444
4 0.663281 0.284722 0.056250 0.083333
4 0.818750 0.285417 0.051562 0.081944
4 0.596094 0.546528 0.043750 0.084722
4 0.744922 0.275000 0.044531 0.080556
4 0.328125 0.610417 0.085938 0.068056
4 0.677734 0.621528 0.082031 0.087500
4 0.503516 0.150694 0.049219 0.068056
4 0.718359 0.052083 0.038281 0.056944