4 0.099219 0.923611 0.059375 0.083333
0 0.358203 0.715278 0.150781 0.177778
0 0.110547 0.780556 0.167969 0.200000
1 0.476172 0.677083 0.114844 0.193056
-1 0.499609 0.631250 0.064844 0.065278
2 0.583203 0.472917 0.103906 0.129167
1 0.602344 0.646528 0.075000 0.156944
-1 0.603125 0.661806 0.067187 0.093056
4 0.780078 0.288194 0.036719 0.045833
4 0.462500 0.272222 0.054688 0.058333
4 0.540234 0.236806 0.033594 0.051389
4 0.576172 0.255556 0.044531 0.041667
4 0.739844 0.157639 0.032813 0.037500
4 0.769141 0.093750 0.028906 0.059722
0 0.907813 0.484028 0.139063 0.179167
4 0.906250 0.723611 0.062500 0.072222
4 0.861328 0.745833 0.052344 0.080556