1 0.171875 0.536111 0.107813 0.130556
0 0.122656 0.280556 0.145313 0.088889
0 0.073047 0.751389 0.147656 0.119444
0 0.335938 0.525000 0.068750 0.097222
0 0.396875 0.920139 0.089063 0.156944
1 0.521484 0.654167 0.110156 0.144444
1 0.408203 0.671528 0.071094 0.093056
1 0.249609 0.978472 0.099219 0.137500
0 0.200781 0.690972 0.085938 0.081944
1 0.413281 0.334028 0.062500 0.073611
0 0.516016 0.505556 0.091406 0.100000
1 0.629297 0.497222 0.075781 0.077778
0 0.602344 0.386806 0.060937 0.056944
0 0.663672 0.336111 0.064844 0.058333
0 0.832031 0.513194 0.078125 0.090278
1 0.647656 0.231250 0.057813 0.054167
0 0.830469 0.749306 0.143750 0.173611
1 0.523828 0.903472 0.086719 0.123611
1 0.673438 0.673611 0.101562 0.080556
1 0.279297 0.443750 0.067969 0.056944
4 0.875000 0.337500 0.029687 0.036111
1 0.485547 0.348611 0.055469 0.069444
-1 0.487109 0.337500 0.044531 0.055556