0 0.271094 0.313194 0.225000 0.184722
4 0.830078 0.720833 0.069531 0.094444
4 0.580859 0.270139 0.058594 0.068056
4 0.739844 0.360417 0.037500 0.062500
4 0.462891 0.631944 0.060156 0.086111
4 0.599609 0.324306 0.028906 0.059722
4 0.480859 0.204167 0.044531 0.044444
0 0.943359 0.075694 0.108594 0.151389
4 0.828125 0.597917 0.062500 0.084722
4 0.654687 0.165972 0.028125 0.054167
4 0.842969 0.083333 0.028125 0.058333
4 0.790625 0.327083 0.048438 0.070833
4 0.888281 0.298611 0.050000 0.061111
4 0.871094 0.547222 0.034375 0.066667