1 0.149609 0.665972 0.060156 0.093056
1 0.053906 0.690278 0.075000 0.138889
1 0.115234 0.550694 0.100781 0.095833
1 0.144141 0.948611 0.096094 0.172222
1 0.292969 0.690278 0.084375 0.097222
-1 0.283594 0.683333 0.056250 0.058333
-1 0.228516 0.702083 0.032031 0.090278
2 0.276953 0.800000 0.085156 0.111111
0 0.360938 0.878472 0.087500 0.148611
1 0.366406 0.391667 0.053125 0.077778
0 0.261719 0.383333 0.076563 0.058333
0 0.468750 0.665972 0.125000 0.112500
0 0.542188 0.868750 0.128125 0.109722
1 0.740625 0.806944 0.096875 0.138889
-1 0.744141 0.807639 0.069531 0.098611
0 0.653125 0.763889 0.101562 0.113889
1 0.741406 0.472222 0.070312 0.075000
0 0.412500 0.275694 0.059375 0.068056
0 0.602344 0.277083 0.098437 0.059722
0 0.752344 0.614583 0.104688 0.084722
5 0.616406 0.439583 0.051562 0.084722