1 0.305859 0.570833 0.085156 0.091667
0 0.189453 0.327083 0.138281 0.084722
0 0.252734 0.769444 0.147656 0.119444
5 0.133203 0.551389 0.075781 0.125000
0 0.453906 0.526389 0.065625 0.091667
0 0.592187 0.875694 0.084375 0.148611
1 0.639062 0.613194 0.104688 0.137500
1 0.550781 0.647222 0.075000 0.097222
1 0.461719 0.934722 0.085938 0.119444
0 0.373828 0.693056 0.089844 0.086111
1 0.479687 0.343750 0.059375 0.070833
0 0.605859 0.486806 0.078906 0.087500
1 0.708594 0.462500 0.068750 0.069444
0 0.664062 0.368750 0.057813 0.054167
0 0.707422 0.315278 0.061719 0.055556
0 0.883594 0.457639 0.070312 0.081944
1 0.658594 0.206944 0.050000 0.047222
0 0.926953 0.647917 0.130469 0.156944
1 0.700000 0.831250 0.075000 0.106944