0 0.142969 0.938194 0.195312 0.204167
4 0.147266 0.650694 0.032031 0.087500
0 0.239063 0.413194 0.107813 0.162500
0 0.337891 0.649306 0.127344 0.179167
2 0.438281 0.940278 0.078125 0.177778
4 0.404297 0.545833 0.035156 0.036111
4 0.750391 0.560417 0.049219 0.054167
4 0.805078 0.688889 0.035156 0.083333
4 0.824219 0.815972 0.029687 0.079167
4 0.880469 0.663194 0.034375 0.065278
0 0.694531 0.619444 0.157812 0.200000
0 0.655078 0.784722 0.133594 0.219444
0 0.799609 0.489583 0.127344 0.148611
0 0.558984 0.372222 0.111719 0.125000