0 0.441016 1.070833 0.166406 0.269444
1 0.048828 0.924306 0.188281 0.273611
1 0.164062 0.503472 0.118750 0.229167
1 0.384766 0.610417 0.153906 0.223611
-1 0.381641 0.620139 0.075781 0.159722
0 0.661719 0.735417 0.164062 0.229167
1 0.044531 0.419444 0.115625 0.211111
-1 0.090234 0.375000 0.061719 0.097222
-1 0.041797 0.448611 0.074219 0.119444
3 0.326953 0.595139 0.078906 0.209722
0 0.741016 0.393056 0.132031 0.136111
0 0.955859 0.328472 0.125781 0.131944
0 0.795312 0.729167 0.137500 0.261111
4 0.846094 0.993056 0.054688 0.069444
3 0.495703 0.956250 0.080469 0.076389
3 0.278125 0.888194 0.153125 0.220833
4 0.764844 0.225694 0.020313 0.056944
3 0.268359 0.341667 0.142969 0.113889
4 0.054297 0.740278 0.050781 0.077778
3 0.713672 0.269444 0.080469 0.086111
3 0.730859 0.517361 0.132031 0.093056