0 0.052734 0.379167 0.103906 0.100000
5 0.175781 0.456944 0.128125 0.163889
5 0.133984 0.554861 0.039844 0.079167
0 0.282422 0.359722 0.121094 0.172222
0 0.221875 0.209028 0.062500 0.090278
4 0.322656 0.433333 0.025000 0.041667
4 0.465625 0.618750 0.028125 0.045833
4 0.426953 0.568056 0.030469 0.055556
1 0.487109 0.311111 0.063281 0.091667
4 0.373047 0.688889 0.038281 0.055556
4 0.599609 0.887500 0.038281 0.052778
2 0.676562 0.477083 0.073438 0.109722
0 0.814844 0.447917 0.081250 0.109722
1 0.598437 0.200000 0.059375 0.075000
-1 0.594141 0.209722 0.025781 0.052778
0 0.557422 0.352778 0.071094 0.127778
4 0.770703 0.536111 0.019531 0.050000
4 0.750391 0.495139 0.019531 0.040278
4 0.733594 0.588889 0.023438 0.030556
4 0.722266 0.649306 0.027344 0.029167
4 0.566016 0.599306 0.017969 0.051389
0 0.514062 0.609722 0.079687 0.125000