0 0.479297 1.061111 0.166406 0.269444
1 0.045703 0.937500 0.197656 0.286111
1 0.173437 0.495139 0.118750 0.229167
1 0.396094 0.598611 0.146875 0.213889
-1 0.391016 0.606250 0.075781 0.159722
0 0.668750 0.717361 0.164062 0.229167
1 0.057031 0.418056 0.115625 0.211111
-1 0.095703 0.367361 0.058594 0.093056
-1 0.050391 0.441667 0.074219 0.119444
3 0.290234 0.421528 0.078906 0.209722
0 0.742578 0.380556 0.132031 0.136111
0 0.954297 0.315972 0.125781 0.131944
0 0.799219 0.711111 0.137500 0.261111
4 0.846875 0.965278 0.054688 0.069444
3 0.499219 0.926389 0.084375 0.080556
3 0.290234 0.882639 0.160156 0.231944
4 0.764062 0.215972 0.020313 0.056944
3 0.269922 0.337500 0.142969 0.113889
4 0.067578 0.731944 0.050781 0.077778