1 0.639062 0.265972 0.118750 0.140278
1 0.792578 0.718750 0.127344 0.198611
-1 0.791797 0.692361 0.091406 0.090278
0 0.381641 0.714583 0.142969 0.109722
1 0.263672 0.421528 0.132031 0.168056
0 0.307812 0.206944 0.137500 0.133333
0 0.506250 0.231250 0.087500 0.101389
4 0.843359 0.410417 0.036719 0.068056
4 0.420703 0.363194 0.044531 0.043056
4 0.632812 0.396528 0.051562 0.040278
0 0.435937 0.474306 0.084375 0.126389
0 0.504687 0.501389 0.096875 0.119444
4 0.553125 0.863889 0.028125 0.094444
0 0.888672 0.588194 0.077344 0.095833
4 0.125781 0.294444 0.045312 0.050000