0 0.323437 0.154861 0.117188 0.065278
0 0.238672 0.238889 0.100781 0.063889
0 0.144141 0.486806 0.155469 0.112500
0 0.352734 0.364583 0.086719 0.059722
0 0.305469 0.300694 0.100000 0.062500
5 0.146094 0.354167 0.131250 0.125000
3 0.033203 0.885417 0.114844 0.129167
0 0.558594 0.336111 0.120313 0.091667
0 0.622656 0.593056 0.126562 0.122222
0 0.257422 0.607639 0.166406 0.145833
3 0.473828 0.538194 0.069531 0.062500
3 0.137500 0.925000 0.275000 0.147222
0 0.782031 0.468750 0.143750 0.098611
0 0.662109 0.261806 0.092969 0.056944
0 0.889844 0.413194 0.120313 0.104167
0 0.790234 0.362500 0.091406 0.088889