0 0.054297 0.381944 0.099219 0.094444
5 0.157812 0.511111 0.128125 0.163889
0 0.279297 0.375000 0.121094 0.172222
0 0.224609 0.226389 0.060156 0.086111
4 0.313672 0.450000 0.024219 0.038889
4 0.450781 0.635417 0.028125 0.045833
4 0.412891 0.584722 0.030469 0.055556
1 0.483984 0.337500 0.063281 0.091667
4 0.355078 0.700000 0.038281 0.055556
4 0.575391 0.911111 0.039844 0.055556
2 0.669531 0.510417 0.073438 0.109722
0 0.810547 0.484028 0.085156 0.115278
1 0.599219 0.229861 0.062500 0.079167
-1 0.592578 0.237500 0.025781 0.052778
0 0.551172 0.377778 0.071094 0.127778
4 0.762891 0.569444 0.019531 0.050000
4 0.744141 0.529861 0.019531 0.040278
4 0.724219 0.620139 0.025000 0.031944
4 0.709766 0.680556 0.028906 0.030556
4 0.551172 0.622917 0.017969 0.051389
0 0.499219 0.629167 0.079687 0.125000