-1 0.641797 0.601389 0.036719 0.130556
-1 0.564844 0.624306 0.031250 0.101389
-1 0.588672 0.911111 0.030469 0.113889
-1 0.564844 0.945833 0.023438 0.105556
-1 0.153125 0.879861 0.018750 0.068056
-1 0.711719 0.828472 0.034375 0.159722
-1 0.634766 0.979861 0.025781 0.115278
-1 0.619922 0.930556 0.022656 0.138889
-1 0.843750 0.509028 0.026562 0.118056
-1 0.816016 0.502778 0.027344 0.133333
-1 0.845703 0.686806 0.028906 0.115278
-1 0.827344 0.822222 0.034375 0.125000
-1 0.746875 0.954861 0.032813 0.062500
-1 0.660937 0.986806 0.026562 0.106944
-1 0.496094 0.367361 0.031250 0.104167
-1 0.401562 0.493056 0.039062 0.122222
-1 0.400000 0.549306 0.032813 0.140278
-1 0.750391 0.822222 0.030469 0.161111
-1 0.545312 0.269444 0.043750 0.100000
-1 0.412500 0.307639 0.023438 0.081944
-1 0.354297 0.474306 0.030469 0.126389
-1 0.921484 0.541667 0.021094 0.138889
-1 0.801172 0.822917 0.027344 0.137500
-1 0.807813 0.955556 0.042188 0.052778
-1 0.922266 0.228472 0.024219 0.112500
-1 0.769922 0.303472 0.022656 0.126389
-1 0.798438 0.395139 0.028125 0.106944
-1 0.752344 0.254167 0.028125 0.127778
-1 0.894141 0.370139 0.030469 0.104167
-1 0.858984 0.240278 0.022656 0.088889
-1 0.806641 0.276389 0.024219 0.077778
-1 0.952734 0.849306 0.024219 0.123611
-1 0.892188 0.789583 0.020313 0.134722
-1 0.936719 0.618056 0.028125 0.091667
-1 0.966406 0.664583 0.029687 0.068056