1 0.198828 0.774306 0.146094 0.115278
-1 0.168750 0.752083 0.081250 0.076389
1 0.614453 0.598611 0.167969 0.127778
0 0.477344 0.765972 0.126562 0.093056
0 0.021484 0.488889 0.147656 0.094444
0 0.408594 0.547222 0.118750 0.105556
4 0.375781 0.359722 0.026562 0.038889
4 0.322266 0.329861 0.038281 0.051389
4 0.552344 0.285417 0.026562 0.045833
4 0.571875 0.310417 0.031250 0.043056
4 0.482031 0.318750 0.028125 0.034722
0 0.675391 0.400000 0.116406 0.086111
5 0.584766 0.472222 0.124219 0.113889
5 0.751563 0.800694 0.112500 0.218056
0 0.787109 0.306250 0.099219 0.068056
0 0.405078 0.202083 0.124219 0.076389
1 0.572266 0.155556 0.083594 0.058333
0 0.261328 0.246528 0.105469 0.065278
4 0.480469 0.399306 0.034375 0.043056