0 0.016797 0.395833 0.077344 0.075000
5 0.065625 0.520833 0.110937 0.141667
0 0.201563 0.443056 0.100000 0.141667
0 0.184766 0.313194 0.049219 0.070833
4 0.286328 0.530556 0.030469 0.050000
4 0.301172 0.694444 0.028906 0.047222
4 0.278516 0.638889 0.030469 0.055556
1 0.397656 0.445139 0.060937 0.087500
4 0.202344 0.731944 0.035937 0.052778
4 0.362109 0.970833 0.039844 0.055556
2 0.543750 0.618750 0.070312 0.062500
0 0.701172 0.640972 0.089844 0.120833
1 0.534375 0.375694 0.062500 0.079167
-1 0.522266 0.376389 0.024219 0.050000
0 0.453516 0.488889 0.067969 0.122222
4 0.639062 0.715278 0.018750 0.047222
4 0.623437 0.670833 0.020313 0.041667
4 0.581250 0.747222 0.023438 0.030556
4 0.554297 0.795139 0.030469 0.031944
4 0.403125 0.706250 0.017188 0.048611
0 0.349609 0.698611 0.075781 0.119444
4 0.138672 0.651389 0.013281 0.050000
0 0.792188 0.537500 0.064062 0.077778
0 0.735938 0.749306 0.076563 0.118056
0 0.839453 0.750694 0.072656 0.118056
0 0.526953 0.475000 0.050781 0.108333
0 0.582422 0.500694 0.060156 0.087500