0 0.315625 0.149306 0.117188 0.065278
0 0.229297 0.237500 0.100781 0.063889
0 0.129297 0.486806 0.155469 0.112500
0 0.341797 0.363194 0.086719 0.059722
0 0.296094 0.297917 0.095312 0.059722
5 0.135156 0.352778 0.131250 0.125000
3 0.018750 0.884722 0.120313 0.136111
0 0.549219 0.336111 0.120313 0.091667
0 0.608594 0.594444 0.126562 0.122222
0 0.242578 0.609028 0.166406 0.145833
3 0.459766 0.535417 0.069531 0.062500
3 0.119922 0.913194 0.288281 0.154167
0 0.774219 0.471528 0.143750 0.098611
0 0.656641 0.261806 0.092969 0.056944
0 0.884375 0.415972 0.120313 0.104167
0 0.783984 0.362500 0.091406 0.088889