1 0.286328 0.748611 0.116406 0.177778
-1 0.284375 0.748611 0.096875 0.141667
2 0.217578 0.942361 0.074219 0.201389
2 0.288281 0.968750 0.109375 0.170833
2 0.485547 1.040972 0.116406 0.334722
1 0.541406 0.640972 0.206250 0.281944
-1 0.536719 0.550694 0.092188 0.106944
-1 0.585156 0.631944 0.062500 0.188889
4 0.676172 0.704167 0.053906 0.122222
4 0.703125 0.582639 0.050000 0.129167
4 0.717187 0.515278 0.040625 0.100000
1 0.312500 0.642361 0.132812 0.195833
-1 0.346875 0.604861 0.068750 0.104167
0 0.699609 1.038889 0.150781 0.269444
4 0.788672 0.661111 0.075781 0.080556
4 0.342969 0.393750 0.048438 0.104167
0 0.801562 0.500000 0.176563 0.261111
0 0.439453 0.387500 0.114844 0.263889