1 0.648438 0.254167 0.125000 0.147222
1 0.789453 0.714583 0.127344 0.198611
-1 0.788672 0.686806 0.091406 0.090278
0 0.378516 0.700694 0.142969 0.109722
1 0.269922 0.404861 0.132031 0.168056
0 0.319531 0.191667 0.137500 0.133333
0 0.516406 0.217361 0.087500 0.101389
4 0.851172 0.404861 0.036719 0.068056
4 0.429297 0.349306 0.044531 0.043056
4 0.641406 0.388194 0.051562 0.040278
0 0.441406 0.457639 0.084375 0.126389
0 0.507031 0.487500 0.096875 0.119444
4 0.547656 0.852778 0.028125 0.094444
0 0.890234 0.585417 0.077344 0.095833
4 0.138281 0.273611 0.045312 0.050000