0 0.150000 0.125694 0.106250 0.059722
0 0.008203 0.206944 0.122656 0.077778
0 0.064844 0.372917 0.082812 0.056944
0 0.054297 0.287500 0.110156 0.069444
0 0.320703 0.373611 0.146094 0.111111
0 0.247266 0.711806 0.169531 0.162500
3 0.121875 0.610417 0.084375 0.151389
0 0.507422 0.579861 0.158594 0.109722
0 0.471484 0.298611 0.113281 0.069444
0 0.668359 0.529861 0.146094 0.126389
0 0.581641 0.444444 0.105469 0.102778
0 0.806641 0.261806 0.130469 0.098611
0 0.629297 0.176389 0.083594 0.077778
0 0.846484 0.388889 0.113281 0.094444
0 0.848047 0.474306 0.096094 0.073611
3 0.199609 0.386111 0.058594 0.152778
3 0.862109 0.720139 0.110156 0.179167