-1 0.072656 0.473611 0.043750 0.194444
-1 0.196484 0.455556 0.033594 0.122222
-1 0.221094 0.411111 0.039062 0.150000
-1 0.291406 0.172222 0.045312 0.175000
-1 0.257031 0.243750 0.076563 0.095833
-1 0.191797 0.227083 0.028906 0.134722
-1 0.157422 0.222917 0.055469 0.195833
-1 0.052344 0.312500 0.046875 0.119444
-1 0.022266 0.430556 0.046094 0.186111
-1 0.125391 0.335417 0.027344 0.123611
-1 0.028516 0.220833 0.036719 0.152778
-1 0.366016 0.138889 0.044531 0.105556
4 0.380469 0.660417 0.279687 0.306944
-1 0.564844 0.027083 0.048438 0.143056