-1 0.240625 0.777778 0.042188 0.150000
-1 0.130469 0.815278 0.031250 0.177778
-1 0.161328 0.850000 0.039844 0.177778
-1 0.085938 0.747917 0.050000 0.198611
-1 0.428125 0.631944 0.043750 0.194444
-1 0.551172 0.605556 0.047656 0.116667
-1 0.567969 0.573611 0.039062 0.150000
-1 0.622656 0.320833 0.045312 0.175000
-1 0.580469 0.388889 0.073438 0.091667
-1 0.532422 0.382639 0.028906 0.134722
-1 0.461328 0.350000 0.047656 0.169444
-1 0.317969 0.493056 0.053125 0.172222
-1 0.393359 0.466667 0.049219 0.125000
-1 0.365234 0.591667 0.046094 0.186111
-1 0.117188 0.591667 0.051562 0.130556
-1 0.156250 0.642361 0.035937 0.151389
-1 0.265234 0.461111 0.049219 0.186111
-1 0.220703 0.457639 0.053906 0.143056
-1 0.203516 0.416667 0.047656 0.163889
-1 0.201172 0.627778 0.039844 0.050000
-1 0.128516 0.475694 0.038281 0.181944
-1 0.466797 0.538194 0.036719 0.165278
-1 0.358203 0.400694 0.035156 0.145833
-1 0.082422 0.461111 0.033594 0.163889
-1 0.558203 0.229167 0.049219 0.175000