0 0.062891 0.368056 0.119531 0.094444
5 0.130078 0.193056 0.083594 0.102778
0 0.358203 0.152083 0.111719 0.062500
0 0.281250 0.237500 0.106250 0.066667
0 0.213281 0.486111 0.148438 0.108333
0 0.405078 0.361806 0.086719 0.059722
0 0.353906 0.300694 0.095312 0.059722
5 0.201563 0.352778 0.131250 0.125000
3 0.060937 0.776389 0.120313 0.136111
0 0.606250 0.333333 0.120313 0.091667
0 0.692969 0.584722 0.126562 0.122222
0 0.330859 0.602083 0.166406 0.145833
3 0.536328 0.522222 0.080469 0.072222
3 0.278125 0.917361 0.303125 0.162500