1 0.193359 0.756944 0.072656 0.086111
0 0.364063 0.868750 0.070312 0.065278
0 0.467969 0.825000 0.075000 0.066667
1 0.533594 0.688889 0.067187 0.063889
4 0.751563 0.887500 0.035937 0.044444
1 0.258984 0.804167 0.071094 0.088889
-1 0.262109 0.805556 0.042969 0.052778
0 0.662500 0.870833 0.092188 0.136111
0 0.454688 0.590972 0.078125 0.059722
0 0.340234 0.452083 0.058594 0.059722
0 0.641016 0.512500 0.086719 0.077778
0 0.922656 0.456250 0.062500 0.043056
0 0.920312 0.647917 0.070312 0.051389
1 0.750000 0.710417 0.067187 0.070833
1 0.617578 0.698611 0.047656 0.083333
1 0.269922 0.611806 0.058594 0.104167