0 0.523828 1.022222 0.166406 0.269444
1 0.101172 0.892361 0.188281 0.273611
1 0.199609 0.467361 0.113281 0.218056
1 0.417969 0.558333 0.146875 0.213889
-1 0.421484 0.556250 0.075781 0.159722
0 0.689063 0.672917 0.156250 0.218056
1 0.396484 1.045139 0.116406 0.262500
1 0.071875 0.397222 0.115625 0.211111
-1 0.119922 0.340972 0.058594 0.093056
-1 0.072266 0.415278 0.074219 0.119444
3 0.318359 0.419444 0.064844 0.172222
0 0.746484 0.347917 0.125781 0.129167
0 0.948047 0.284722 0.132031 0.138889
0 0.810156 0.660417 0.125000 0.237500
4 0.862891 0.907639 0.052344 0.065278
3 0.607031 0.877778 0.084375 0.080556
3 0.324219 0.843056 0.145313 0.211111
4 0.759766 0.188194 0.019531 0.054167
3 0.285547 0.322222 0.142969 0.113889
4 0.103516 0.702778 0.050781 0.077778