-1 0.470703 0.770833 0.038281 0.136111
-1 0.390625 0.820833 0.028125 0.161111
-1 0.416797 0.848611 0.039844 0.177778
-1 0.328125 0.746528 0.050000 0.198611
-1 0.221094 0.783333 0.050000 0.197222
-1 0.176953 0.740278 0.049219 0.202778
-1 0.658594 0.634722 0.043750 0.194444
-1 0.751953 0.613889 0.047656 0.116667
-1 0.784375 0.577083 0.037500 0.143056
-1 0.817969 0.325000 0.045312 0.175000
-1 0.780859 0.393056 0.066406 0.083333
-1 0.736328 0.380556 0.027344 0.127778
-1 0.657422 0.350694 0.041406 0.145833
-1 0.532031 0.491667 0.053125 0.172222
-1 0.608594 0.459722 0.046875 0.119444
-1 0.579297 0.587500 0.046094 0.186111
4 0.134375 0.442361 0.259375 0.218056
-1 0.236328 0.550000 0.049219 0.163889
-1 0.334375 0.573611 0.051562 0.130556
-1 0.381250 0.622917 0.035937 0.151389
-1 0.477734 0.450000 0.049219 0.186111
-1 0.426953 0.446528 0.053906 0.143056
-1 0.412109 0.400000 0.047656 0.163889
-1 0.410938 0.613889 0.042188 0.052778
-1 0.338672 0.452083 0.038281 0.181944
-1 0.690234 0.535417 0.036719 0.165278
-1 0.565234 0.380556 0.033594 0.138889
-1 0.293359 0.440278 0.033594 0.163889