-1 0.679297 0.564583 0.035156 0.123611
-1 0.603125 0.585417 0.031250 0.101389
-1 0.635547 0.872917 0.027344 0.104167
-1 0.614062 0.929167 0.023438 0.105556
-1 0.206641 0.847917 0.017969 0.065278
-1 0.756250 0.788194 0.032813 0.151389
-1 0.683203 0.940972 0.025781 0.115278
-1 0.669141 0.895833 0.022656 0.138889
-1 0.875781 0.467361 0.026562 0.118056
-1 0.845703 0.459722 0.025781 0.127778
-1 0.883203 0.645139 0.030469 0.120833
-1 0.873437 0.775000 0.035937 0.130556
-1 0.793750 0.910417 0.032813 0.062500
-1 0.719531 0.940972 0.026562 0.106944
-1 0.524219 0.329861 0.031250 0.104167
-1 0.437500 0.448611 0.039062 0.122222
-1 0.435937 0.513194 0.032813 0.140278
-1 0.792578 0.776389 0.032031 0.169444
-1 0.571484 0.228472 0.046094 0.104167
-1 0.441406 0.271528 0.023438 0.081944
-1 0.389453 0.440278 0.032031 0.133333
-1 0.952344 0.492361 0.020313 0.131944
-1 0.844141 0.781250 0.027344 0.137500
-1 0.853516 0.909722 0.044531 0.055556
-1 0.942578 0.184028 0.024219 0.112500
-1 0.792969 0.258333 0.023438 0.133333
-1 0.827344 0.354861 0.028125 0.106944
-1 0.774219 0.208333 0.028125 0.127778
-1 0.919141 0.322917 0.030469 0.104167
-1 0.880469 0.195139 0.021875 0.084722
-1 0.830859 0.230556 0.024219 0.077778