0 -0.004297 0.865972 0.074219 0.068056
1 0.023438 0.812500 0.076563 0.077778
0 0.341797 0.669444 0.078906 0.063889
0 0.487891 0.609722 0.057031 0.050000
1 0.476172 0.826389 0.067969 0.058333
0 0.417969 0.957639 0.078125 0.079167
4 0.414062 0.923611 0.035937 0.027778
4 0.287500 0.868750 0.020313 0.048611
4 0.398438 0.719444 0.021875 0.033333
0 0.374609 0.858333 0.094531 0.088889
1 0.547656 0.869444 0.075000 0.088889
0 0.533203 1.017361 0.091406 0.090278
0 0.720313 0.860417 0.056250 0.062500
0 0.701172 0.809722 0.050781 0.061111
5 0.169922 0.759722 0.058594 0.066667
0 0.629687 0.965972 0.051562 0.065278