0 0.152344 0.491667 0.168750 0.097222
0 0.252734 0.583333 0.139844 0.094444
0 0.257031 0.345139 0.126562 0.079167
0 0.566797 0.340972 0.124219 0.073611
0 0.427734 0.663194 0.152344 0.120833
5 0.356641 0.450000 0.083594 0.102778
0 0.642578 0.375694 0.142969 0.079167
0 0.705078 0.195139 0.117969 0.070833
0 0.505859 0.147222 0.119531 0.063889
0 0.612109 0.488889 0.122656 0.077778
0 0.705469 0.791667 0.179688 0.130556
0 0.837109 0.603472 0.116406 0.079167
0 0.726172 0.556944 0.110156 0.069444
5 0.582031 0.635417 0.137500 0.131944