0 0.306641 0.321528 0.247656 0.204167
4 0.850391 0.691667 0.069531 0.094444
4 0.604297 0.270139 0.058594 0.068056
4 0.764062 0.357639 0.037500 0.062500
4 0.518359 0.630556 0.060156 0.086111
4 0.623828 0.327083 0.028906 0.059722
4 0.504297 0.208333 0.044531 0.044444
0 0.937109 0.077083 0.108594 0.151389
4 0.864062 0.590278 0.059375 0.080556
4 0.667188 0.168750 0.028125 0.054167
4 0.839844 0.084722 0.026562 0.055556
4 0.804688 0.322917 0.048438 0.070833
4 0.896875 0.291667 0.050000 0.061111
4 0.899219 0.534722 0.034375 0.066667