0 0.043359 0.490278 0.069531 0.097222
0 0.105859 0.409028 0.074219 0.065278
0 0.289844 0.592361 0.067187 0.104167
1 0.322656 0.647222 0.079687 0.116667
1 0.151953 0.537500 0.061719 0.094444
1 0.035547 0.815972 0.064844 0.159722
0 0.454688 1.027083 0.092188 0.206944
4 0.287500 0.922917 0.026562 0.045833
1 0.403906 0.309028 0.070312 0.079167
3 0.389453 0.486111 0.080469 0.161111
1 0.544922 0.343750 0.055469 0.095833
0 0.713281 0.479167 0.093750 0.102778
0 0.137891 0.788889 0.086719 0.136111
0 0.439453 0.725000 0.074219 0.136111
0 0.758203 0.329861 0.063281 0.106944
0 0.306641 0.272222 0.060156 0.100000
0 0.639844 0.906944 0.092188 0.183333
0 0.570312 0.795833 0.070312 0.119444
3 0.830078 0.452083 0.072656 0.137500