1 0.191016 0.984722 0.117969 0.169444
-1 0.185938 0.991667 0.084375 0.119444
0 0.053516 0.937500 0.124219 0.138889
1 0.330078 0.533333 0.085156 0.091667
0 0.206641 0.289583 0.138281 0.084722
0 0.282813 0.726389 0.140625 0.113889
5 0.157812 0.512500 0.071875 0.119444
0 0.475781 0.492361 0.062500 0.087500
0 0.619922 0.836111 0.080469 0.141667
1 0.661719 0.580556 0.100000 0.130556
1 0.573828 0.611806 0.071094 0.093056
0 0.014453 0.521528 0.075781 0.081944
1 0.494531 0.894444 0.085938 0.119444
0 0.401562 0.653472 0.085938 0.081944
1 0.495312 0.313194 0.059375 0.070833
0 0.622266 0.457639 0.078906 0.087500
1 0.724219 0.434722 0.065625 0.066667
0 0.676562 0.345139 0.057813 0.054167
0 0.719141 0.290278 0.061719 0.055556
0 0.893750 0.435417 0.070312 0.081944
1 0.665625 0.179167 0.050000 0.047222