1 0.121875 0.757639 0.212500 0.293056
0 0.179297 0.301389 0.238281 0.230556
0 0.062891 0.213194 0.113281 0.098611
0 0.433203 0.447222 0.286719 0.236111
4 0.875781 0.684028 0.065625 0.090278
4 0.664062 0.361111 0.056250 0.063889
4 0.817969 0.438194 0.035937 0.059722
1 0.519531 0.208333 0.212500 0.111111
4 0.663281 0.711111 0.051562 0.075000
4 0.684375 0.414583 0.026562 0.054167
4 0.557422 0.308333 0.042969 0.041667
-1 0.113672 0.743056 0.149219 0.113889
0 0.914062 0.161806 0.098437 0.137500
4 0.948047 0.649306 0.053906 0.073611
4 0.689063 0.264583 0.028125 0.054167
4 0.816016 0.166667 0.024219 0.050000
4 0.842578 0.395139 0.046094 0.068056