-1 -0.002734 0.858333 0.047656 0.166667
-1 0.461328 0.865278 0.047656 0.211111
-1 0.402344 0.832639 0.042188 0.206944
-1 0.102734 0.468056 0.050781 0.169444
-1 0.276562 0.352083 0.071875 0.162500
-1 0.546875 0.934028 0.031250 0.204167
-1 0.595313 0.522917 0.028125 0.162500
-1 0.526172 0.579861 0.046094 0.173611
-1 0.633594 0.473611 0.067187 0.308333
-1 0.720703 0.723611 0.042969 0.147222
-1 0.801172 0.511806 0.033594 0.131944
-1 0.681250 0.495139 0.032813 0.104167
-1 0.823438 0.147917 0.039062 0.159722
-1 0.368750 0.192361 0.039062 0.154167
-1 0.282031 0.214583 0.040625 0.120833
-1 0.792969 0.347917 0.042188 0.245833
-1 0.790625 0.314583 0.032813 0.165278
-1 0.673438 0.175000 0.054688 0.175000
-1 0.736328 0.131250 0.036719 0.162500
-1 0.657813 0.909028 0.032813 0.179167
-1 0.764062 0.511111 0.029687 0.130556
-1 0.696094 0.416667 0.032813 0.113889
-1 0.711328 0.505556 0.032031 0.083333
-1 0.810937 0.751389 0.029687 0.105556
-1 0.605078 0.077778 0.036719 0.150000
-1 0.631641 0.144444 0.038281 0.136111
4 0.061328 0.151389 0.214844 0.166667
4 0.191406 0.168056 0.195312 0.205556
4 0.614062 0.674306 0.151562 0.259722
-1 0.813281 0.708333 0.034375 0.119444
-1 0.948047 0.529167 0.027344 0.186111
-1 0.908203 0.769444 0.035156 0.188889
-1 0.939063 0.736806 0.035937 0.220833
-1 0.870313 0.538194 0.037500 0.154167