-1 0.076563 0.900000 0.045312 0.158333
-1 0.511328 0.873611 0.047656 0.211111
-1 0.456641 0.846528 0.038281 0.187500
-1 0.137891 0.508333 0.050781 0.169444
-1 0.283984 0.386806 0.067969 0.154167
-1 0.016406 0.356250 0.034375 0.120833
-1 0.598047 0.918750 0.024219 0.159722
-1 0.607812 0.540972 0.029687 0.170833
-1 0.536719 0.606944 0.048438 0.183333
-1 0.642969 0.481944 0.060937 0.280556
-1 0.750781 0.721528 0.040625 0.140278
-1 0.806641 0.506944 0.032031 0.125000
-1 0.692578 0.504167 0.036719 0.113889
-1 0.786328 0.149306 0.036719 0.151389
-1 0.360938 0.225694 0.039062 0.154167
-1 0.279297 0.246528 0.042969 0.126389
-1 0.777734 0.331944 0.044531 0.258333
-1 0.775781 0.318056 0.029687 0.150000
-1 0.851953 0.398611 0.047656 0.125000
-1 0.683984 0.165972 0.060156 0.193056
-1 0.700000 0.143750 0.039062 0.170833
-1 0.702734 0.925000 0.027344 0.147222
-1 0.767188 0.512500 0.029687 0.130556
-1 0.696875 0.422222 0.031250 0.108333
-1 0.722266 0.506250 0.033594 0.087500
-1 0.835938 0.737500 0.029687 0.105556
-1 0.575391 0.072917 0.035156 0.143056
-1 0.605859 0.161111 0.038281 0.136111
4 0.062891 0.193056 0.203906 0.158333
4 0.182031 0.189583 0.185938 0.195833
4 0.642578 0.677778 0.144531 0.247222
-1 0.835547 0.668056 0.041406 0.144444
-1 0.941797 0.516667 0.025781 0.177778
-1 0.930859 0.758333 0.035156 0.188889
-1 0.960938 0.706250 0.034375 0.209722