0 0.192578 0.136806 0.111719 0.062500
0 0.068750 0.229861 0.110937 0.070833
0 0.146484 0.379861 0.086719 0.059722
0 0.117188 0.301389 0.104688 0.066667
0 0.385937 0.367361 0.139063 0.106944
0 0.360547 0.681250 0.153906 0.148611
3 0.226953 0.593056 0.080469 0.144444
0 0.593359 0.547917 0.166406 0.115278
0 0.528125 0.285417 0.107813 0.065278
0 0.734375 0.492361 0.132812 0.115278
0 0.643750 0.417361 0.095312 0.093056
0 0.833594 0.234028 0.118750 0.090278
0 0.655859 0.169444 0.075781 0.069444
0 0.882812 0.353472 0.107813 0.090278
0 0.896094 0.431944 0.092188 0.069444