0 0.117188 0.750694 0.078125 0.070833
1 0.132422 0.679167 0.069531 0.069444
0 0.396094 0.536111 0.075000 0.061111
0 0.523047 0.476389 0.069531 0.061111
1 0.553516 0.677778 0.058594 0.050000
0 0.523047 0.830556 0.082031 0.083333
4 0.510156 0.773611 0.032813 0.025000
4 0.375000 0.740278 0.018750 0.044444
4 0.454297 0.583333 0.022656 0.036111
0 0.465625 0.719444 0.085938 0.080556
1 0.617969 0.720833 0.075000 0.088889
0 0.635547 0.866667 0.086719 0.086111
0 0.774219 0.706250 0.059375 0.065278
0 0.746484 0.655556 0.050781 0.061111
5 0.283203 0.625000 0.078906 0.088889
0 0.723437 0.827083 0.051562 0.065278
0 0.940625 0.876389 0.098437 0.108333