1 0.144141 0.668750 0.060156 0.093056
1 0.046875 0.691667 0.075000 0.138889
1 0.109766 0.549306 0.100781 0.095833
1 0.137891 0.950000 0.096094 0.172222
1 0.287500 0.691667 0.084375 0.097222
-1 0.278125 0.686111 0.056250 0.058333
-1 0.223047 0.703472 0.032031 0.090278
2 0.271484 0.804167 0.085156 0.111111
0 0.353906 0.878472 0.087500 0.148611
1 0.362500 0.393056 0.053125 0.077778
0 0.257812 0.384722 0.076563 0.058333
0 0.463281 0.668750 0.125000 0.112500
0 0.535156 0.870139 0.128125 0.109722
1 0.735938 0.809722 0.096875 0.138889
-1 0.737891 0.811806 0.069531 0.098611
0 0.646875 0.765278 0.101562 0.113889
1 0.736719 0.475000 0.070312 0.075000
0 0.408594 0.278472 0.059375 0.068056
0 0.598437 0.277083 0.098437 0.059722
0 0.748437 0.617361 0.104688 0.084722
5 0.612500 0.445139 0.051562 0.084722