1 0.184766 0.923611 0.124219 0.208333
5 0.116016 0.718750 0.107031 0.151389
1 0.395703 0.576389 0.063281 0.097222
1 0.308984 0.607639 0.071094 0.131944
1 0.345703 0.463889 0.096094 0.091667
1 0.427734 0.872222 0.096094 0.172222
1 0.540234 0.604861 0.080469 0.093056
-1 0.534375 0.602778 0.059375 0.061111
-1 0.480078 0.618056 0.030469 0.086111
2 0.530078 0.715278 0.085156 0.111111
0 0.635156 0.798611 0.096875 0.163889
1 0.570703 0.301389 0.058594 0.086111
0 0.464453 0.291667 0.080469 0.061111
0 0.705469 0.581250 0.125000 0.112500