4 0.498437 0.978472 0.076563 0.104167
4 0.420312 0.146528 0.071875 0.081944
4 0.570703 0.300694 0.069531 0.065278
4 0.407422 0.219444 0.033594 0.069444
4 0.495312 0.593056 0.087500 0.119444
4 0.606250 0.062500 0.035937 0.069444
4 0.666406 0.286111 0.056250 0.083333
4 0.829688 0.295139 0.051562 0.081944
4 0.590625 0.554861 0.043750 0.084722
4 0.752734 0.281944 0.044531 0.080556
4 0.320312 0.624306 0.085938 0.068056
4 0.673828 0.628472 0.082031 0.087500
4 0.508203 0.152083 0.049219 0.068056
4 0.732812 0.052083 0.040625 0.059722