4 0.762891 0.974306 0.152344 0.384722
4 0.597656 1.002083 0.106250 0.248611
4 0.894531 1.030556 0.114062 0.236111
-1 0.806641 0.188889 0.028906 0.136111
-1 0.777344 0.204861 0.026562 0.106944
-1 0.513672 0.382639 0.035156 0.162500
-1 0.766406 0.599306 0.046875 0.145833
-1 0.930469 0.581250 0.050000 0.109722
-1 0.536719 0.554861 0.031250 0.168056
-1 0.903516 0.557639 0.035156 0.115278
-1 0.701562 0.560417 0.045312 0.156944
-1 0.655078 0.563889 0.036719 0.152778
-1 0.787891 0.449306 0.033594 0.093056
-1 0.578125 0.386111 0.054688 0.094444
-1 0.860156 0.541667 0.037500 0.116667
-1 0.907813 0.855556 0.037500 0.116667
4 0.907031 0.709028 0.270313 0.179167
-1 0.353906 0.357639 0.039062 0.098611
-1 0.369922 0.418056 0.038281 0.097222
-1 0.466797 0.389583 0.049219 0.109722
-1 0.637891 0.515972 0.028906 0.154167
-1 0.176953 0.828472 0.041406 0.176389
-1 0.687500 0.907639 0.029687 0.134722
-1 0.658594 0.868750 0.045312 0.179167
-1 0.620313 0.436111 0.037500 0.138889
-1 0.599609 0.600000 0.033594 0.130556
-1 0.493750 0.295833 0.035937 0.138889
-1 0.564063 0.568056 0.026562 0.158333
-1 0.115625 0.380556 0.028125 0.105556
-1 0.831250 0.533333 0.029687 0.141667
-1 0.164453 0.423611 0.036719 0.108333
-1 0.346484 0.200000 0.036719 0.138889
-1 0.260937 0.203472 0.039062 0.137500
-1 0.215625 0.277083 0.042188 0.143056