0 0.071094 0.995139 0.076563 0.106944
1 0.228125 0.775694 0.068750 0.081944
0 0.286719 0.980556 0.095312 0.105556
1 0.404297 0.954861 0.083594 0.084722
0 0.417969 0.843750 0.067187 0.062500
0 0.507422 0.783333 0.071094 0.063889
0 0.653516 1.015972 0.099219 0.115278
1 0.539062 0.654861 0.064062 0.059722
1 0.049219 0.895139 0.082812 0.068056
4 0.771875 0.788889 0.034375 0.041667
1 0.301953 0.805556 0.071094 0.088889
-1 0.303516 0.806944 0.044531 0.055556
1 0.523438 0.993056 0.087500 0.144444
0 0.690625 0.794444 0.087500 0.130556
0 0.443359 0.582639 0.074219 0.056944
0 0.301563 0.474306 0.053125 0.054167
0 0.603125 0.481944 0.075000 0.066667
0 0.911719 0.891667 0.100000 0.094444