1 0.018750 0.627083 0.101562 0.101389
0 0.046094 0.251389 0.142187 0.125000
0 0.106250 0.917361 0.176563 0.165278
1 0.380859 0.537500 0.142969 0.250000
-1 0.357031 0.481250 0.078125 0.148611
1 0.648438 0.381250 0.081250 0.118056
-1 0.660937 0.407639 0.050000 0.076389
-1 0.601562 0.174306 0.084375 0.106944
1 0.526953 0.268056 0.060156 0.063889
1 0.535937 0.412500 0.062500 0.091667
-1 0.536328 0.410417 0.036719 0.059722
0 0.367969 0.272222 0.050000 0.094444
1 0.801953 0.301389 0.063281 0.075000
1 0.691797 0.479167 0.092969 0.116667
1 0.280078 0.463194 0.063281 0.081944
-1 0.293750 0.467361 0.037500 0.056944