0 -0.017188 0.870139 0.204687 0.215278
4 0.048828 0.619444 0.030469 0.083333
0 0.164062 0.406944 0.103125 0.155556
0 0.216797 0.634028 0.127344 0.179167
2 0.299219 0.852778 0.053125 0.119444
4 0.296484 0.543750 0.030469 0.031944
4 0.623828 0.575694 0.044531 0.048611
4 0.654297 0.696528 0.033594 0.079167
4 0.649219 0.822917 0.029687 0.079167
4 0.732031 0.679861 0.035937 0.068056
0 0.551562 0.625000 0.157812 0.200000
0 0.492578 0.773611 0.133594 0.219444
0 0.674609 0.513194 0.127344 0.148611
0 0.464844 0.387500 0.106250 0.119444
2 0.622656 0.402083 0.079687 0.081944