4 0.778516 0.871528 0.027344 0.084722
1 0.507422 0.789583 0.166406 0.229167
4 0.123047 0.511111 0.036719 0.047222
0 0.408594 0.345139 0.239063 0.231944
0 0.265234 0.277778 0.102344 0.088889
0 0.083594 0.255556 0.167187 0.158333
0 0.683984 0.435417 0.247656 0.204167
4 0.828125 0.761806 0.029687 0.073611
4 0.911719 0.572917 0.029687 0.070833
4 0.954688 0.499306 0.051562 0.070833
4 0.780859 0.306944 0.046094 0.052778
4 0.931250 0.352778 0.026562 0.044444
1 0.628125 0.200000 0.175000 0.091667
5 0.295703 0.715278 0.075781 0.136111