0 0.059766 0.509028 0.114844 0.109722
5 0.214062 0.534722 0.128125 0.163889
5 0.236328 0.651389 0.067969 0.136111
0 0.294141 0.380556 0.127344 0.180556
0 0.178906 0.234722 0.065625 0.094444
4 0.367578 0.436111 0.028906 0.047222
4 0.546875 0.559028 0.028125 0.045833
4 0.501953 0.526389 0.030469 0.055556
0 0.151172 0.134028 0.066406 0.090278
1 0.487500 0.245139 0.070312 0.101389
4 0.481250 0.672222 0.034375 0.050000
4 0.721094 0.746528 0.034375 0.048611
2 0.683984 0.330556 0.069531 0.105556
0 0.791016 0.250694 0.077344 0.104167
4 0.769531 0.842361 0.031250 0.043056
1 0.558594 0.081944 0.059375 0.075000
-1 0.560547 0.090278 0.025781 0.052778