-1 0.705078 0.541667 0.036719 0.130556
-1 0.628906 0.564583 0.029687 0.095833
-1 0.670312 0.851389 0.023438 0.088889
-1 0.651563 0.908333 0.023438 0.105556
-1 0.243750 0.834028 0.018750 0.068056
-1 0.788281 0.761111 0.031250 0.144444
-1 0.865234 0.979861 0.017969 0.095833
-1 0.847656 0.997917 0.015625 0.079167
-1 0.719922 0.920139 0.025781 0.115278
-1 0.705078 0.872222 0.022656 0.138889
-1 0.897656 0.439583 0.026562 0.118056
-1 0.867578 0.437500 0.027344 0.133333
-1 0.909766 0.607639 0.027344 0.109722
-1 0.901563 0.748611 0.034375 0.125000
-1 0.828125 0.882639 0.032813 0.062500
-1 0.760156 0.913194 0.026562 0.106944
-1 0.543750 0.309028 0.032813 0.109722
-1 0.462109 0.427778 0.036719 0.116667
-1 0.460156 0.493750 0.032813 0.140278
-1 0.823828 0.752778 0.030469 0.161111
-1 0.587109 0.209028 0.046094 0.104167
-1 0.459375 0.252083 0.023438 0.081944
-1 0.401172 0.436806 0.033594 0.140278
-1 0.973437 0.465972 0.020313 0.131944
-1 0.873828 0.753472 0.027344 0.137500
-1 0.886719 0.883333 0.042188 0.052778
-1 0.953125 0.154861 0.023438 0.106944
-1 0.807031 0.238889 0.023438 0.133333
-1 0.845313 0.324306 0.028125 0.106944
-1 0.787500 0.173611 0.026562 0.122222
-1 0.933203 0.290972 0.030469 0.104167
-1 0.895312 0.167361 0.021875 0.084722
-1 0.848437 0.206250 0.023438 0.073611