0 0.039453 0.295139 0.074219 0.065278
0 0.212500 0.527778 0.070312 0.108333
1 0.236328 0.575000 0.083594 0.122222
1 0.071484 0.438889 0.061719 0.094444
4 0.170313 0.857639 0.026562 0.045833
1 0.351953 0.247222 0.082031 0.091667
3 0.321094 0.434028 0.084375 0.168056
1 0.495312 0.307639 0.057813 0.101389
0 0.653516 0.479167 0.103906 0.113889
0 0.031250 0.693750 0.095312 0.151389
0 0.344531 0.682639 0.078125 0.143056
0 0.716016 0.334028 0.069531 0.118056
0 0.261328 0.183333 0.060156 0.100000
0 0.524219 0.932639 0.096875 0.193056
0 0.468359 0.777778 0.074219 0.125000
3 0.798438 0.477778 0.076563 0.144444
1 0.443750 0.286111 0.056250 0.086111
1 0.599219 0.395833 0.050000 0.072222
3 0.869141 0.601389 0.089844 0.088889