0 0.054297 0.237500 0.266406 0.216667
4 0.689844 0.824306 0.076563 0.104167
4 0.467578 0.191667 0.064844 0.075000
4 0.623437 0.309028 0.039062 0.065278
4 0.208203 0.554167 0.066406 0.094444
4 0.473828 0.256944 0.030469 0.063889
4 0.383594 0.122917 0.051562 0.051389
4 0.648828 0.571528 0.075781 0.104167
4 0.590625 0.092361 0.032813 0.062500
4 0.699219 0.282639 0.053125 0.079167
4 0.822266 0.267361 0.044531 0.070833
4 0.714453 0.525000 0.039844 0.077778
4 0.767578 0.265278 0.038281 0.069444
4 0.449609 0.551389 0.082031 0.063889
4 0.802344 0.582639 0.064062 0.068056
4 0.294531 0.158333 0.064062 0.055556
4 0.536328 0.180556 0.044531 0.061111
4 0.681641 0.065972 0.036719 0.054167