4 0.677734 0.743750 0.057031 0.070833
4 0.142578 0.725694 0.085156 0.090278
4 0.275000 0.656250 0.050000 0.076389
4 0.330859 0.688194 0.072656 0.068056
4 0.630078 0.531944 0.050781 0.058333
4 0.691016 0.407639 0.044531 0.093056
1 0.245703 0.469444 0.178906 0.236111
4 0.782422 0.662500 0.067969 0.052778
4 0.759766 0.576389 0.058594 0.050000
4 0.739453 0.474306 0.061719 0.054167
4 0.978125 0.454167 0.040625 0.069444
4 0.794531 0.359028 0.053125 0.076389
4 0.897656 0.419444 0.054688 0.069444
1 0.919922 0.609722 0.158594 0.155556
0 0.069922 0.506944 0.166406 0.202778