1 0.292969 0.475000 0.093750 0.136111
-1 0.291406 0.504861 0.060937 0.093056
-1 0.323828 0.240972 0.097656 0.123611
1 0.196484 0.343750 0.066406 0.070833
1 0.151953 0.502083 0.069531 0.101389
-1 0.150000 0.515972 0.046875 0.076389
0 0.008984 0.347917 0.052344 0.098611
1 0.496875 0.383333 0.073438 0.086111
1 0.296094 0.590972 0.107813 0.134722
2 0.371094 0.589583 0.064062 0.098611
2 0.628906 0.473611 0.051562 0.083333
2 0.751563 0.765278 0.076563 0.144444
0 0.714844 0.506944 0.125000 0.130556
0 0.792578 0.378472 0.077344 0.095833
2 0.878906 0.450694 0.067187 0.084722
0 0.788672 0.671528 0.102344 0.123611