0 0.075391 0.372222 0.119531 0.094444
5 0.128125 0.191667 0.087500 0.108333
0 0.364063 0.149306 0.117188 0.065278
0 0.292187 0.235417 0.110937 0.070833
0 0.233984 0.492361 0.155469 0.112500
0 0.421875 0.361806 0.095312 0.065278
0 0.366406 0.300694 0.100000 0.062500
5 0.214062 0.354167 0.131250 0.125000
3 0.078906 0.765278 0.132812 0.150000
0 0.626563 0.331944 0.120313 0.091667
0 0.728125 0.588889 0.132812 0.127778
0 0.359375 0.607639 0.192188 0.168056
3 0.562109 0.519444 0.080469 0.072222
3 0.261328 0.921528 0.288281 0.154167