1 0.258594 0.481944 0.093750 0.136111
-1 0.257812 0.511806 0.060937 0.093056
-1 0.298828 0.245139 0.097656 0.123611
1 0.168359 0.350694 0.066406 0.070833
1 0.119922 0.504861 0.072656 0.106944
-1 0.118750 0.520139 0.046875 0.076389
1 0.466406 0.386111 0.073438 0.086111
1 0.258594 0.599306 0.107813 0.134722
2 0.335938 0.595139 0.067187 0.104167
2 0.600781 0.477778 0.051562 0.083333
2 0.715234 0.772917 0.080469 0.151389
0 0.685937 0.511111 0.125000 0.130556
0 0.768359 0.381250 0.077344 0.095833
2 0.854688 0.452083 0.067187 0.084722
0 0.754297 0.678472 0.102344 0.123611
4 0.833203 0.538194 0.027344 0.051389
4 0.539844 0.624306 0.040625 0.051389