0 0.109375 0.529861 0.078125 0.070833
1 0.107031 0.450694 0.073438 0.073611
0 0.357422 0.284722 0.071094 0.058333
0 0.476172 0.215278 0.066406 0.058333
1 0.540234 0.422222 0.058594 0.050000
0 0.553125 0.568750 0.085938 0.087500
4 0.504687 0.518056 0.035937 0.027778
4 0.366406 0.494444 0.018750 0.044444
4 0.421875 0.331250 0.020313 0.031944
0 0.457031 0.468056 0.085938 0.080556
1 0.607031 0.455556 0.075000 0.088889
0 0.644922 0.601389 0.086719 0.086111
0 0.760938 0.428472 0.059375 0.065278
0 0.725391 0.380556 0.046094 0.055556
0 0.769141 0.772917 0.078906 0.112500
5 0.366016 0.813889 0.228906 0.288889
5 0.259375 0.383333 0.082812 0.094444
1 0.662109 0.727778 0.077344 0.108333
-1 0.662500 0.745833 0.059375 0.063889
0 0.728516 0.554861 0.049219 0.062500
4 0.896484 0.845139 0.038281 0.087500