1 0.224609 0.844444 0.116406 0.177778
-1 0.221094 0.844444 0.096875 0.141667
1 0.475781 0.729861 0.206250 0.281944
-1 0.469922 0.643056 0.083594 0.097222
-1 0.519141 0.725000 0.053906 0.163889
4 0.608594 0.790278 0.051562 0.116667
4 0.638672 0.668750 0.047656 0.123611
4 0.651563 0.604167 0.040625 0.100000
1 0.255078 0.740278 0.125781 0.186111
-1 0.287500 0.699306 0.068750 0.104167
4 0.723828 0.745833 0.075781 0.080556
4 0.289844 0.493750 0.048438 0.104167
0 0.735156 0.587500 0.176563 0.261111
0 0.381250 0.485417 0.109375 0.251389