0 0.310937 0.904167 0.085938 0.147222
0 0.181641 0.869444 0.110156 0.216667
0 0.547266 0.535417 0.086719 0.104167
1 0.366797 0.595833 0.089844 0.138889
-1 0.360156 0.581250 0.040625 0.079167
0 0.248438 0.614583 0.073438 0.118056
0 0.255859 0.400000 0.072656 0.080556
0 0.374219 0.158333 0.051562 0.072222
0 0.374219 0.121528 0.060937 0.054167
0 0.443359 0.342361 0.071094 0.123611
1 0.679297 0.754861 0.086719 0.193056
3 0.617578 0.952778 0.077344 0.202778
3 0.246875 0.730556 0.160938 0.075000
3 0.296094 0.194444 0.039062 0.127778
0 0.485156 0.520139 0.062500 0.087500
0 0.333984 0.284722 0.042969 0.080556
0 0.792188 0.739583 0.060937 0.095833
5 0.776953 0.522917 0.103906 0.148611
0 0.592187 0.134722 0.050000 0.077778
1 0.633594 0.151389 0.056250 0.083333