0 0.075391 0.382639 0.074219 0.065278
0 0.256250 0.584722 0.070312 0.108333
1 0.287500 0.631944 0.079687 0.116667
1 0.115234 0.518056 0.061719 0.094444
4 0.235156 0.922917 0.026562 0.045833
1 0.378516 0.302778 0.074219 0.083333
3 0.358984 0.486111 0.080469 0.161111
1 0.521484 0.349306 0.055469 0.095833
0 0.686719 0.498611 0.098437 0.108333
0 0.087500 0.775694 0.095312 0.151389
0 0.397266 0.729167 0.074219 0.136111
0 0.738672 0.350000 0.066406 0.111111
0 0.285547 0.254167 0.060156 0.100000
0 0.589844 0.952778 0.092188 0.183333
0 0.525391 0.808333 0.074219 0.125000
3 0.817578 0.478472 0.072656 0.137500
1 0.470313 0.333333 0.056250 0.086111
1 0.627734 0.420833 0.047656 0.069444
3 0.903906 0.591667 0.081250 0.080556