0 0.153125 0.127083 0.106250 0.059722
0 0.009766 0.208333 0.122656 0.077778
0 0.067969 0.377083 0.082812 0.056944
0 0.054297 0.290278 0.110156 0.069444
0 0.322266 0.373611 0.146094 0.111111
0 0.251953 0.711806 0.169531 0.162500
3 0.125781 0.611806 0.084375 0.151389
0 0.512109 0.579861 0.166406 0.115278
0 0.473047 0.297222 0.113281 0.069444
0 0.669922 0.528472 0.146094 0.126389
0 0.582422 0.443056 0.105469 0.102778
0 0.805859 0.261111 0.124219 0.094444
0 0.629297 0.176389 0.083594 0.077778
0 0.848047 0.384722 0.113281 0.094444
0 0.850391 0.471528 0.096094 0.073611
3 0.201172 0.388889 0.058594 0.152778
3 0.865234 0.718750 0.110156 0.179167