0 0.292578 0.936806 0.100781 0.120833
1 0.094141 0.917361 0.103906 0.159722
-1 0.114844 0.900000 0.042188 0.083333
0 0.087891 0.649306 0.069531 0.076389
0 0.300391 0.415972 0.060156 0.084722
0 0.333594 0.343750 0.067187 0.059722
0 0.280859 0.667361 0.071094 0.123611
3 0.244922 0.402778 0.052344 0.172222
0 0.248047 0.881250 0.075781 0.106944
0 0.223047 0.527778 0.035156 0.066667
0 0.545312 0.465278 0.060937 0.094444
1 0.588281 0.497917 0.068750 0.101389
1 0.418359 0.429861 0.058594 0.090278
1 0.378516 0.663889 0.058594 0.144444
0 0.776953 0.757639 0.075781 0.170833
4 0.615234 0.716667 0.024219 0.041667
2 0.540625 0.871528 0.081250 0.140278
1 0.578125 0.227083 0.067187 0.076389
3 0.586328 0.331944 0.053906 0.108333
1 0.077344 0.506250 0.068750 0.068056
1 0.717187 0.234028 0.050000 0.087500
0 0.884375 0.312500 0.081250 0.088889
0 0.457813 0.639583 0.075000 0.118056
0 0.706250 0.546528 0.060937 0.112500