-1 0.219922 0.852778 0.047656 0.211111
-1 0.153906 0.796528 0.042188 0.206944
-1 0.196875 0.252083 0.071875 0.162500
-1 0.288281 0.949306 0.028125 0.184722
-1 0.476953 0.503472 0.027344 0.154167
-1 0.397266 0.549306 0.046094 0.173611
-1 0.560156 0.390278 0.070312 0.169444
-1 0.722656 0.540972 0.035937 0.137500
-1 0.580078 0.500000 0.038281 0.119444
-1 0.856250 0.138194 0.039062 0.159722
-1 0.806641 0.419444 0.044531 0.122222
-1 0.772656 0.317361 0.031250 0.156944
-1 0.688672 0.142361 0.060156 0.193056
-1 0.770312 0.125694 0.039062 0.170833
-1 0.430469 0.960417 0.031250 0.170833
-1 0.664844 0.418056 0.023438 0.102778
-1 0.624609 0.437500 0.046094 0.158333
-1 0.616016 0.513194 0.033594 0.087500
-1 0.722656 0.707639 0.031250 0.148611
-1 0.657422 0.117361 0.049219 0.173611
4 0.469922 0.688194 0.222656 0.259722
-1 0.656641 0.796528 0.028906 0.176389
-1 0.888281 0.597222 0.029687 0.205556
-1 0.730469 0.854167 0.040625 0.219444
-1 0.789062 0.835417 0.031250 0.190278
-1 0.797656 0.597917 0.039062 0.162500
-1 0.910156 0.802083 0.032813 0.165278
-1 0.957031 0.786806 0.035937 0.093056
-1 0.936328 0.086806 0.035156 0.176389
-1 0.932422 0.517361 0.038281 0.165278