1 0.105469 0.761806 0.212500 0.293056
0 0.162109 0.301389 0.238281 0.230556
0 0.033594 0.212500 0.118750 0.102778
0 0.418359 0.452778 0.286719 0.236111
4 0.870313 0.699306 0.065625 0.090278
4 0.655469 0.369444 0.056250 0.063889
4 0.809375 0.449306 0.035937 0.059722
1 0.508594 0.211111 0.212500 0.111111
4 0.644531 0.719444 0.051562 0.075000
4 0.673438 0.421528 0.026562 0.054167
4 0.546484 0.313889 0.042969 0.041667
-1 0.087109 0.744444 0.149219 0.113889
0 0.910937 0.172917 0.098437 0.137500
4 0.934766 0.659028 0.053906 0.073611
4 0.682813 0.268750 0.028125 0.054167
4 0.812891 0.172222 0.024219 0.050000
4 0.834766 0.407639 0.046094 0.068056