1 0.147266 0.761806 0.146094 0.115278
-1 0.116797 0.738889 0.074219 0.069444
1 0.566797 0.586111 0.160156 0.122222
0 0.419922 0.755556 0.139844 0.102778
0 -0.020313 0.481250 0.154688 0.098611
0 0.367188 0.540278 0.118750 0.105556
4 0.341406 0.350000 0.026562 0.038889
4 0.289453 0.322917 0.038281 0.051389
4 0.518750 0.278472 0.026562 0.045833
4 0.535937 0.303472 0.031250 0.043056
4 0.450781 0.309722 0.026562 0.033333
0 0.635547 0.390278 0.105469 0.077778
5 0.569141 0.468056 0.117969 0.108333
5 0.695703 0.788889 0.107031 0.208333
0 0.751953 0.300694 0.099219 0.068056
0 0.374609 0.193750 0.136719 0.084722
1 0.542188 0.148611 0.079687 0.055556
0 0.230859 0.238889 0.100781 0.061111
4 0.442188 0.390972 0.034375 0.043056