-1 0.647266 0.467361 0.033594 0.118056
-1 0.584375 0.501389 0.028125 0.091667
-1 0.693750 0.743056 0.018750 0.069444
-1 0.701172 0.802083 0.021094 0.095833
-1 0.946094 0.892361 0.015625 0.106944
-1 0.690234 0.961111 0.019531 0.075000
-1 0.330859 0.943750 0.017969 0.101389
-1 0.337500 0.817361 0.021875 0.079167
-1 0.778125 0.650694 0.029687 0.137500
-1 0.888281 0.734722 0.037500 0.063889
-1 0.903516 0.822222 0.022656 0.105556
-1 0.859766 0.854861 0.017969 0.095833
-1 0.884375 0.861806 0.015625 0.079167
-1 0.758203 0.803472 0.025781 0.115278
-1 0.739844 0.764583 0.021875 0.131944
-1 0.832812 0.333333 0.021875 0.102778
-1 0.783984 0.340972 0.025781 0.112500
-1 0.754297 0.339583 0.024219 0.120833
-1 1.009375 0.575000 0.025000 0.105556
-1 0.984375 0.619444 0.018750 0.102778
-1 0.939844 0.581250 0.023438 0.115278
-1 0.892578 0.427778 0.019531 0.100000
-1 0.841797 0.493750 0.022656 0.090278
-1 0.891797 0.565972 0.024219 0.093056
-1 0.867188 0.620833 0.029687 0.108333
-1 0.831250 0.754861 0.029687 0.056944
-1 0.799609 0.798611 0.024219 0.097222
-1 0.439063 0.275694 0.031250 0.104167
-1 0.392578 0.394444 0.033594 0.105556
-1 0.418750 0.457639 0.029687 0.126389
-1 0.807031 0.634722 0.026562 0.138889
-1 0.937109 0.443750 0.030469 0.056944
-1 0.908594 0.469444 0.020313 0.063889
-1 0.444141 0.163194 0.039844 0.090278
-1 0.356641 0.240278 0.021094 0.075000
-1 0.364063 0.409028 0.026562 0.109722