-1 0.430859 0.779167 0.042969 0.150000
-1 0.332813 0.795833 0.037500 0.122222
-1 0.557813 1.010417 0.034375 0.159722
-1 0.705469 0.668056 0.034375 0.150000
-1 0.666406 0.663194 0.032813 0.162500
-1 0.662500 0.903472 0.046875 0.187500
-1 0.691797 0.986111 0.039844 0.144444
-1 0.306250 0.496528 0.035937 0.120833
-1 0.157031 0.644444 0.050000 0.155556
-1 0.144141 0.702778 0.039844 0.169444
-1 0.553516 1.001389 0.030469 0.161111
-1 0.380078 0.371528 0.050781 0.115278
-1 0.199609 0.416667 0.028906 0.100000
-1 0.106250 0.623611 0.035937 0.147222
-1 0.788281 0.704861 0.025000 0.159722
-1 0.667578 0.986806 0.027344 0.137500
-1 0.853125 0.327778 0.029687 0.136111
-1 0.650000 0.420139 0.028125 0.162500
-1 0.659375 0.519444 0.034375 0.130556
-1 0.635547 0.361111 0.030469 0.141667
-1 0.794141 0.513194 0.036719 0.126389
-1 0.769531 0.343056 0.026562 0.102778
-1 0.707422 0.376389 0.024219 0.077778
-1 0.846875 0.958333 0.026562 0.136111
-1 0.794922 0.954167 0.021094 0.141667
-1 0.778906 0.805556 0.028125 0.091667
-1 0.820312 0.854167 0.035937 0.083333
-1 0.630859 0.102778 0.027344 0.113889
-1 0.378906 0.236806 0.028125 0.109722
-1 0.332422 0.267361 0.035156 0.104167
-1 0.942969 0.435417 0.026562 0.154167
-1 0.682031 0.201389 0.023438 0.136111
-1 0.696484 0.229861 0.024219 0.123611
-1 0.765234 0.252778 0.033594 0.088889
-1 0.868750 0.176389 0.032813 0.105556
-1 0.554688 0.149306 0.039062 0.123611
-1 0.564063 0.110417 0.026562 0.115278