4 0.737109 0.882639 0.027344 0.084722
1 0.461328 0.794444 0.174219 0.241667
4 0.085547 0.509722 0.036719 0.047222
0 0.376563 0.343750 0.239063 0.231944
0 0.235547 0.276389 0.102344 0.088889
0 0.060937 0.236111 0.151562 0.144444
0 0.655859 0.439583 0.247656 0.204167
4 0.790625 0.770139 0.029687 0.073611
4 0.887500 0.581944 0.031250 0.075000
4 0.935156 0.513194 0.051562 0.070833
4 0.760547 0.312500 0.046094 0.052778
4 0.911719 0.362500 0.028125 0.047222
1 0.610547 0.202083 0.183594 0.095833
5 0.250391 0.716667 0.075781 0.136111
4 0.878125 0.636111 0.040625 0.058333
4 0.795703 0.359722 0.022656 0.047222
4 0.664062 0.288194 0.040625 0.040278
-1 0.464062 0.773611 0.142187 0.108333