1 0.116406 0.728472 0.153125 0.120833
-1 0.087891 0.708333 0.074219 0.069444
1 0.540234 0.556944 0.160156 0.122222
0 0.389453 0.725000 0.139844 0.102778
0 0.343750 0.508333 0.118750 0.105556
4 0.320312 0.323611 0.026562 0.038889
4 0.269141 0.295139 0.038281 0.051389
4 0.499219 0.252083 0.026562 0.045833
4 0.515625 0.275694 0.031250 0.043056
4 0.428906 0.283333 0.026562 0.033333
0 0.613281 0.364583 0.110937 0.081944
5 0.543359 0.440278 0.124219 0.113889
5 0.668750 0.749306 0.101562 0.198611
0 0.730078 0.272917 0.094531 0.065278
0 0.354687 0.168056 0.143750 0.088889
1 0.522656 0.127778 0.079687 0.055556
0 0.213281 0.213194 0.110937 0.068056
4 0.419531 0.365278 0.032813 0.041667