1 0.303906 0.697222 0.121875 0.186111
-1 0.306250 0.700000 0.096875 0.141667
2 0.234766 0.891667 0.077344 0.211111
2 0.306250 0.913194 0.109375 0.170833
2 0.502734 0.996528 0.116406 0.334722
1 0.562500 0.585417 0.217188 0.295833
-1 0.558594 0.496528 0.096875 0.112500
-1 0.608594 0.575694 0.065625 0.198611
4 0.699609 0.651389 0.053906 0.122222
4 0.726953 0.526389 0.052344 0.136111
4 0.737500 0.456944 0.040625 0.100000
1 0.330469 0.588194 0.132812 0.195833
-1 0.363281 0.552083 0.068750 0.104167
0 0.723047 0.988889 0.150781 0.269444
4 0.813281 0.609028 0.079687 0.084722
4 0.355859 0.335417 0.050781 0.109722
0 0.824219 0.445833 0.176563 0.261111