4 0.816016 0.905556 0.025781 0.080556
1 0.550391 0.829861 0.166406 0.229167
4 0.156641 0.562500 0.038281 0.050000
0 0.433594 0.395139 0.239063 0.231944
0 0.285547 0.329167 0.102344 0.088889
0 0.100000 0.309722 0.167187 0.158333
0 0.691797 0.479167 0.272656 0.225000
4 0.857812 0.799306 0.029687 0.073611
4 0.921094 0.613194 0.029687 0.070833
4 0.953906 0.528472 0.051562 0.070833
4 0.786719 0.351389 0.043750 0.050000
4 0.934375 0.397222 0.026562 0.044444
1 0.633203 0.249306 0.166406 0.087500
5 0.331641 0.755556 0.075781 0.136111