1 0.082422 0.660417 0.146094 0.115278
-1 0.051172 0.638889 0.074219 0.069444
1 0.502734 0.494444 0.167969 0.127778
0 0.350000 0.654861 0.132812 0.098611
0 0.311328 0.439583 0.113281 0.101389
4 0.294531 0.256944 0.026562 0.038889
4 0.244141 0.228472 0.036719 0.048611
4 0.473438 0.184028 0.026562 0.045833
4 0.489844 0.206250 0.031250 0.043056
4 0.404687 0.215278 0.026562 0.033333
0 0.585156 0.296528 0.110937 0.081944
5 0.510547 0.373611 0.130469 0.119444
5 0.627344 0.670833 0.096875 0.188889
0 0.704297 0.204861 0.094531 0.065278
0 0.189453 0.147222 0.100781 0.061111
4 0.391406 0.295833 0.031250 0.038889
0 0.910937 0.605556 0.101562 0.077778
0 0.839453 0.697917 0.114844 0.151389