0 0.043359 0.390972 0.114844 0.109722
5 0.181250 0.443056 0.128125 0.163889
5 0.150391 0.561806 0.050781 0.101389
0 0.278516 0.333333 0.121094 0.172222
0 0.197656 0.175694 0.062500 0.090278
4 0.330078 0.404167 0.028906 0.047222
4 0.489063 0.571528 0.028125 0.045833
4 0.448047 0.527778 0.030469 0.055556
1 0.483594 0.257639 0.067187 0.095833
4 0.403125 0.658333 0.035937 0.052778
4 0.638281 0.818056 0.035937 0.050000
2 0.678125 0.403472 0.076563 0.115278
0 0.807031 0.353472 0.081250 0.109722
4 0.672656 0.937500 0.035937 0.050000
1 0.582812 0.125694 0.062500 0.079167
-1 0.581641 0.133333 0.027344 0.055556
0 0.557422 0.291667 0.071094 0.127778
4 0.772266 0.450000 0.019531 0.050000
4 0.750000 0.406944 0.020313 0.041667
4 0.741016 0.503472 0.022656 0.029167
4 0.734766 0.563194 0.027344 0.029167
4 0.583203 0.538194 0.017969 0.051389