1 0.109766 0.944444 0.124219 0.208333
5 0.038672 0.736806 0.111719 0.159722
1 0.331641 0.596528 0.060156 0.093056
1 0.242578 0.628472 0.071094 0.131944
1 0.283984 0.484722 0.096094 0.091667
1 0.357422 0.890278 0.096094 0.172222
1 0.475391 0.622917 0.080469 0.093056
-1 0.468750 0.619444 0.056250 0.058333
-1 0.413672 0.635417 0.028906 0.081944
2 0.463672 0.731944 0.085156 0.111111
0 0.563281 0.813889 0.092188 0.155556
1 0.512891 0.322222 0.058594 0.086111
0 0.408203 0.312500 0.080469 0.061111
0 0.641406 0.599306 0.125000 0.112500
0 0.734375 0.803472 0.128125 0.109722