1 0.291406 0.975694 0.196875 0.268056
-1 0.300391 0.890972 0.088281 0.101389
-1 0.342187 0.976389 0.059375 0.180556
4 0.473438 0.925694 0.050000 0.129167
4 0.485938 0.834722 0.040625 0.100000
4 0.548047 0.985417 0.072656 0.076389
4 0.118750 0.745139 0.048438 0.104167
0 0.569922 0.806250 0.167969 0.248611
0 0.210547 0.733333 0.114844 0.263889
0 0.750000 0.658333 0.181250 0.258333
4 0.257812 0.492361 0.056250 0.079167
0 0.485938 0.311111 0.143750 0.169444
0 0.258984 0.363194 0.152344 0.181944
1 0.599219 0.294444 0.109375 0.183333
-1 0.617578 0.242361 0.061719 0.062500