1 0.621875 0.272222 0.125000 0.147222
1 0.789453 0.719444 0.121094 0.188889
-1 0.787891 0.693750 0.091406 0.090278
0 0.380859 0.728472 0.142969 0.109722
1 0.248828 0.435417 0.132031 0.168056
0 0.280078 0.221528 0.144531 0.140278
0 0.484375 0.238194 0.087500 0.101389
4 0.824609 0.411806 0.036719 0.068056
4 0.398828 0.374306 0.044531 0.043056
4 0.615625 0.404861 0.051562 0.040278
0 0.421875 0.485417 0.084375 0.126389
0 0.495312 0.508333 0.101562 0.125000
4 0.555469 0.871528 0.026562 0.090278
0 0.879297 0.589583 0.077344 0.095833