0 0.032813 0.897917 0.195312 0.204167
4 0.076953 0.627778 0.030469 0.083333
0 0.184375 0.408333 0.103125 0.155556
0 0.251953 0.636806 0.127344 0.179167
2 0.341797 0.866667 0.061719 0.138889
4 0.326172 0.545833 0.032031 0.033333
4 0.661719 0.575694 0.046875 0.051389
4 0.699609 0.700000 0.035156 0.083333
4 0.700781 0.824306 0.029687 0.079167
4 0.775781 0.677083 0.034375 0.065278
0 0.594531 0.623611 0.157812 0.200000
0 0.537891 0.777778 0.133594 0.219444
0 0.711328 0.506250 0.127344 0.148611
0 0.490625 0.384722 0.106250 0.119444
2 0.651563 0.396528 0.079687 0.081944