0 0.057422 0.378472 0.114844 0.109722
5 0.181250 0.441667 0.128125 0.163889
5 0.147656 0.559722 0.048438 0.097222
0 0.281641 0.334722 0.121094 0.172222
0 0.205469 0.178472 0.062500 0.090278
4 0.331641 0.405556 0.028906 0.047222
4 0.487500 0.581250 0.028125 0.045833
4 0.445703 0.534722 0.030469 0.055556
1 0.485938 0.265972 0.067187 0.095833
4 0.399219 0.662500 0.035937 0.052778
4 0.632422 0.831944 0.038281 0.052778
2 0.680469 0.417361 0.073438 0.109722
0 0.811719 0.370139 0.081250 0.109722
4 0.664062 0.951389 0.035937 0.050000
1 0.589063 0.138194 0.062500 0.079167
-1 0.587109 0.148611 0.025781 0.052778
0 0.559766 0.304167 0.071094 0.127778
4 0.774219 0.466667 0.020313 0.052778
4 0.753125 0.423611 0.020313 0.041667
4 0.742578 0.520139 0.022656 0.029167
4 0.735547 0.581250 0.027344 0.029167
4 0.581250 0.552083 0.017188 0.048611