1 0.103516 0.684028 0.096094 0.095833
0 0.079687 0.311111 0.142187 0.125000
0 0.238281 0.917361 0.176563 0.165278
1 0.439844 0.563194 0.129688 0.226389
-1 0.413672 0.513889 0.074219 0.141667
1 0.673047 0.393750 0.077344 0.112500
-1 0.686719 0.415278 0.045312 0.069444
-1 0.608203 0.200000 0.080469 0.102778
1 0.547266 0.291667 0.057031 0.061111
1 0.572266 0.430556 0.057031 0.083333
-1 0.573047 0.428472 0.036719 0.059722
0 0.397656 0.311111 0.050000 0.094444
1 0.810547 0.304861 0.060156 0.070833
1 0.724219 0.479167 0.084375 0.105556