0 0.046484 0.416667 0.089844 0.086111
5 0.128125 0.545833 0.121875 0.155556
0 0.253125 0.435417 0.104688 0.148611
0 0.218359 0.293750 0.057031 0.081944
4 0.285547 0.493056 0.024219 0.038889
4 0.390625 0.693750 0.028125 0.045833
4 0.361328 0.640278 0.028906 0.052778
1 0.455859 0.418056 0.063281 0.091667
4 0.294922 0.748611 0.038281 0.055556
4 0.490234 0.970833 0.039844 0.055556
2 0.627344 0.597917 0.073438 0.109722
0 0.776953 0.588194 0.089844 0.120833
1 0.582031 0.328472 0.062500 0.079167
-1 0.570703 0.333333 0.025781 0.052778
0 0.518359 0.459722 0.071094 0.127778
4 0.720703 0.668056 0.019531 0.050000
4 0.704688 0.626389 0.020313 0.041667
4 0.675000 0.713194 0.025000 0.031944
4 0.653516 0.770139 0.030469 0.031944
4 0.495703 0.695139 0.017969 0.051389
0 0.442188 0.693056 0.079687 0.125000
4 0.221094 0.670833 0.015625 0.058333