-1 0.696484 0.516667 0.036719 0.130556
-1 0.622656 0.545139 0.031250 0.101389
-1 0.676562 0.826389 0.021875 0.080556
-1 0.662500 0.884722 0.023438 0.105556
-1 0.256641 0.831944 0.022656 0.083333
-1 0.791406 0.734722 0.031250 0.144444
-1 0.880078 1.009722 0.022656 0.122222
-1 0.848828 0.958333 0.016406 0.083333
-1 0.732422 0.893750 0.025781 0.115278
-1 0.716016 0.845833 0.022656 0.138889
-1 0.882812 0.410417 0.026562 0.118056
-1 0.849609 0.402778 0.025781 0.127778
-1 0.901563 0.577778 0.025000 0.100000
-1 0.902344 0.719444 0.031250 0.113889
-1 0.832031 0.853472 0.032813 0.062500
-1 0.777344 0.884028 0.026562 0.106944
-1 0.523438 0.290972 0.032813 0.109722
-1 0.449609 0.416667 0.036719 0.116667
-1 0.452344 0.481250 0.032813 0.140278
-1 0.823828 0.720833 0.028906 0.152778
-1 0.559766 0.186806 0.046094 0.104167
-1 0.438281 0.238194 0.023438 0.081944
-1 0.394141 0.420833 0.032031 0.133333
-1 0.956250 0.429861 0.020313 0.131944
-1 0.983984 0.395139 0.028906 0.118056
-1 0.873828 0.722917 0.027344 0.137500
-1 0.894922 0.851389 0.039844 0.050000