0 0.042578 0.414583 0.085156 0.081944
5 0.111328 0.539583 0.116406 0.148611
0 0.238281 0.443750 0.104688 0.148611
0 0.210938 0.306250 0.051562 0.073611
4 0.299219 0.497222 0.025000 0.041667
4 0.359375 0.699306 0.028125 0.045833
4 0.332422 0.645833 0.030469 0.055556
1 0.437891 0.433333 0.063281 0.091667
4 0.263672 0.747222 0.038281 0.055556
4 0.444922 0.970833 0.038281 0.052778
2 0.595313 0.603472 0.073438 0.065278
0 0.753516 0.617361 0.089844 0.120833
1 0.570312 0.353472 0.062500 0.079167
-1 0.557422 0.356944 0.024219 0.050000
0 0.498047 0.477778 0.071094 0.127778
4 0.694531 0.693056 0.018750 0.047222
4 0.679688 0.650000 0.020313 0.041667
4 0.644531 0.736111 0.023438 0.030556
4 0.619922 0.788194 0.030469 0.031944
4 0.465625 0.704861 0.017188 0.048611
0 0.409766 0.702778 0.075781 0.119444
4 0.193359 0.668056 0.013281 0.050000
0 0.834375 0.504167 0.064062 0.077778
0 0.794531 0.717361 0.076563 0.118056