-1 0.596875 0.745139 0.032813 0.118056
-1 0.537500 0.783333 0.028125 0.161111
-1 0.566406 0.800000 0.040625 0.177778
-1 0.469922 0.698611 0.047656 0.188889
-1 0.366797 0.746528 0.042969 0.170833
-1 0.320312 0.706250 0.046875 0.193056
-1 0.770312 0.584722 0.043750 0.194444
-1 0.844531 0.561806 0.043750 0.106944
-1 0.892969 0.522222 0.035937 0.136111
-1 0.905859 0.275000 0.042969 0.166667
-1 0.877734 0.348611 0.060156 0.075000
-1 0.828125 0.322917 0.026562 0.120833
-1 0.771094 0.308333 0.035937 0.125000
-1 0.640234 0.452778 0.050781 0.163889
-1 0.714063 0.419444 0.042188 0.108333
-1 0.691406 0.533333 0.043750 0.177778
-1 0.593750 0.249306 0.028125 0.193056
-1 0.624609 0.251389 0.039844 0.158333
-1 0.450781 0.256944 0.045312 0.122222
4 0.618750 1.031944 0.362500 0.236111
4 0.252344 0.424306 0.259375 0.218056
-1 0.355859 0.514583 0.044531 0.148611
-1 0.453516 0.545833 0.049219 0.125000
-1 0.507812 0.573611 0.031250 0.130556
-1 0.585156 0.413889 0.046875 0.177778
-1 0.533203 0.400694 0.053906 0.143056
-1 0.508203 0.347222 0.047656 0.163889
-1 0.550781 0.246528 0.050000 0.187500
-1 0.549609 0.670833 0.038281 0.047222