0 0.317969 0.149306 0.117188 0.065278
0 0.232422 0.237500 0.100781 0.063889
0 0.133203 0.488194 0.155469 0.112500
0 0.343359 0.363194 0.086719 0.059722
0 0.298438 0.300694 0.095312 0.059722
5 0.138281 0.352778 0.131250 0.125000
3 0.020313 0.901389 0.120313 0.136111
0 0.551562 0.337500 0.120313 0.091667
0 0.613281 0.595833 0.126562 0.122222
0 0.245703 0.607639 0.166406 0.145833
3 0.463672 0.535417 0.069531 0.062500
3 0.121484 0.914583 0.288281 0.154167
0 0.775781 0.471528 0.143750 0.098611
0 0.658984 0.263194 0.092969 0.056944
0 0.886719 0.414583 0.120313 0.104167
0 0.785547 0.363889 0.091406 0.088889