-1 0.543750 0.706944 0.035937 0.130556
-1 0.480469 0.766667 0.028125 0.161111
-1 0.506641 0.783333 0.038281 0.169444
-1 0.416797 0.683333 0.052344 0.208333
-1 0.311719 0.721528 0.045312 0.179167
-1 0.262891 0.683333 0.049219 0.202778
-1 0.731641 0.577083 0.041406 0.184722
-1 0.808594 0.558333 0.045312 0.111111
-1 0.854688 0.520833 0.034375 0.130556
-1 0.878516 0.272222 0.042969 0.166667
-1 0.848047 0.344444 0.060156 0.075000
-1 0.798828 0.318056 0.027344 0.127778
-1 0.732422 0.299306 0.038281 0.131944
-1 0.601953 0.441667 0.050781 0.163889
-1 0.678125 0.411111 0.042188 0.108333
-1 0.651172 0.523611 0.041406 0.169444
-1 0.562500 0.237500 0.026562 0.183333
-1 0.595313 0.244444 0.037500 0.150000
-1 0.410938 0.241667 0.045312 0.122222
4 0.552734 1.027083 0.380469 0.248611
4 0.210156 0.399306 0.259375 0.218056
-1 0.312891 0.497222 0.049219 0.163889
-1 0.404297 0.523611 0.049219 0.125000
-1 0.459375 0.558333 0.031250 0.130556
-1 0.548438 0.401389 0.046875 0.177778
-1 0.498828 0.390972 0.053906 0.143056
-1 0.476172 0.338889 0.047656 0.163889
-1 0.519922 0.238889 0.047656 0.177778
-1 0.503516 0.655556 0.038281 0.047222
-1 0.408984 0.395139 0.038281 0.181944
-1 0.762109 0.481250 0.036719 0.165278
-1 0.631641 0.332639 0.028906 0.120833
-1 0.298828 0.224306 0.041406 0.098611
-1 0.363672 0.379167 0.033594 0.163889