4 0.664062 0.865972 0.076563 0.104167
4 0.455859 0.200000 0.064844 0.075000
4 0.610938 0.321528 0.039062 0.065278
4 0.168359 0.559722 0.069531 0.100000
4 0.458203 0.266667 0.030469 0.063889
4 0.370312 0.124306 0.054688 0.054167
4 0.623828 0.586806 0.075781 0.104167
4 0.587500 0.102083 0.032813 0.062500
4 0.690625 0.295139 0.053125 0.079167
4 0.816797 0.279861 0.044531 0.070833
4 0.691797 0.547917 0.038281 0.073611
4 0.759375 0.282639 0.040625 0.073611
4 0.428516 0.572222 0.082031 0.063889
4 0.778125 0.602083 0.064062 0.068056
4 0.277344 0.161111 0.064062 0.055556
4 0.527734 0.188889 0.044531 0.061111
4 0.682422 0.077083 0.036719 0.054167