0 0.229687 0.447917 0.065625 0.093056
0 0.271875 0.372917 0.070312 0.062500
0 0.185547 0.713194 0.071094 0.123611
3 0.171875 0.441667 0.054688 0.180556
0 0.137891 0.563889 0.035156 0.066667
0 0.474219 0.506944 0.060937 0.094444
1 0.516016 0.548611 0.075781 0.111111
1 0.347266 0.467361 0.058594 0.090278
1 0.287109 0.715972 0.061719 0.151389
0 0.695703 0.831250 0.075781 0.170833
4 0.531641 0.780556 0.024219 0.041667
2 0.439453 0.926389 0.085156 0.147222
1 0.532031 0.256250 0.070312 0.079167
3 0.539062 0.370139 0.062500 0.126389
1 0.669922 0.272222 0.052344 0.091667
0 0.840234 0.361806 0.085156 0.093056
0 0.371875 0.689583 0.078125 0.123611
0 0.634375 0.602083 0.067187 0.123611