1 0.174219 0.605556 0.157812 0.275000
-1 0.168359 0.545833 0.074219 0.141667
1 0.500391 0.452778 0.089844 0.130556
-1 0.509375 0.479861 0.054688 0.084722
-1 0.493750 0.229861 0.084375 0.106944
1 0.393750 0.327083 0.062500 0.068056
1 0.374609 0.475694 0.069531 0.101389
-1 0.379688 0.485417 0.040625 0.065278
0 0.218359 0.329861 0.052344 0.098611
1 0.683984 0.366667 0.066406 0.077778
1 0.526953 0.556944 0.102344 0.127778
1 0.083203 0.525694 0.063281 0.081944
-1 0.097656 0.527083 0.043750 0.065278
2 0.592187 0.552778 0.060937 0.094444