1 0.211719 0.775694 0.139063 0.109722
-1 0.181250 0.752083 0.081250 0.076389
1 0.623828 0.598611 0.167969 0.127778
0 0.489844 0.768750 0.126562 0.093056
0 0.024609 0.491667 0.147656 0.094444
0 0.416406 0.548611 0.118750 0.105556
4 0.377344 0.358333 0.026562 0.038889
4 0.323047 0.331250 0.038281 0.051389
4 0.553125 0.285417 0.026562 0.045833
4 0.573438 0.307639 0.031250 0.043056
4 0.483594 0.318750 0.028125 0.034722
0 0.680078 0.397222 0.116406 0.086111
5 0.585547 0.473611 0.117969 0.108333
5 0.768359 0.795833 0.107031 0.208333
0 0.787891 0.305556 0.103906 0.072222
0 0.403516 0.201389 0.130469 0.080556
1 0.569922 0.154167 0.083594 0.058333
0 0.261719 0.246528 0.110937 0.068056
4 0.483594 0.395139 0.035937 0.045833