0 0.440625 0.845833 0.085938 0.147222
0 0.316406 0.843750 0.100000 0.195833
0 0.120313 0.796528 0.082812 0.159722
0 0.039844 0.497222 0.079687 0.113889
0 0.594531 0.460417 0.075000 0.090278
1 0.444531 0.554167 0.081250 0.125000
-1 0.433203 0.539583 0.038281 0.076389
0 0.333594 0.597917 0.073438 0.118056
0 0.631250 0.890278 0.070312 0.125000
0 0.306641 0.400000 0.072656 0.080556
0 0.375781 0.159722 0.051562 0.072222
0 0.366797 0.115278 0.052344 0.047222
0 0.471484 0.309028 0.067969 0.118056
1 0.733203 0.625694 0.067969 0.151389
3 0.707422 0.895139 0.057031 0.298611
3 0.342969 0.701389 0.132812 0.061111
3 0.114453 0.945833 0.103906 0.105556
3 0.305859 0.216667 0.033594 0.111111
3 0.050391 0.745139 0.091406 0.173611
0 0.535937 0.459722 0.059375 0.083333
0 0.358594 0.281250 0.040625 0.076389