1 0.283203 0.591667 0.085156 0.091667
0 0.174609 0.343750 0.138281 0.084722
0 0.221484 0.790278 0.147656 0.119444
5 0.110547 0.568056 0.075781 0.125000
0 0.432812 0.550000 0.065625 0.091667
0 0.560156 0.910417 0.084375 0.148611
1 0.619531 0.641667 0.100000 0.130556
1 0.525781 0.675000 0.075000 0.097222
1 0.428125 0.975000 0.085938 0.119444
0 0.344531 0.715972 0.085938 0.081944
1 0.467187 0.368750 0.059375 0.070833
0 0.590234 0.515972 0.078906 0.087500
1 0.693750 0.494444 0.068750 0.069444
0 0.651563 0.396528 0.057813 0.054167
0 0.698047 0.343056 0.061719 0.055556
0 0.872656 0.490972 0.070312 0.081944
1 0.653125 0.233333 0.050000 0.047222
0 0.911328 0.690972 0.130469 0.156944
1 0.671875 0.868750 0.075000 0.106944
1 0.757812 0.646528 0.096875 0.076389
1 0.362891 0.479861 0.067969 0.056944