1 0.028516 0.536806 0.146094 0.115278
-1 0.011328 0.518056 0.074219 0.069444
1 0.462891 0.373611 0.167969 0.127778
0 0.306641 0.534722 0.139844 0.102778
0 0.279297 0.321528 0.113281 0.101389
4 0.268750 0.140278 0.026562 0.038889
0 0.554688 0.178472 0.110937 0.081944
5 0.477734 0.255556 0.130469 0.119444
5 0.582812 0.552083 0.101562 0.198611
0 0.676172 0.089583 0.099219 0.068056
4 0.362500 0.180556 0.031250 0.038889
0 0.867969 0.486111 0.101562 0.077778
0 0.795703 0.575694 0.114844 0.151389
0 0.123047 0.736111 0.116406 0.077778
1 0.209375 0.803472 0.179688 0.106944