0 0.131641 0.127083 0.111719 0.062500
0 0.280859 0.392361 0.153906 0.118056
0 0.165625 0.745139 0.178125 0.170833
3 0.047266 0.621528 0.092969 0.168056
0 0.449609 0.613194 0.166406 0.115278
0 0.442188 0.313889 0.118750 0.072222
0 0.626172 0.570833 0.153906 0.133333
0 0.544531 0.476389 0.110937 0.108333
0 0.800781 0.292361 0.151562 0.115278
0 0.622266 0.194444 0.096094 0.088889
0 0.833594 0.423611 0.118750 0.100000
0 0.825000 0.519444 0.101562 0.077778
3 0.159375 0.393056 0.060937 0.161111
3 0.806641 0.778472 0.127344 0.206944