-1 0.300000 0.977778 0.045312 0.158333
-1 0.169141 0.963889 0.041406 0.136111
-1 0.701562 0.901389 0.043750 0.191667
-1 0.648828 0.897222 0.039844 0.197222
-1 0.306641 0.605556 0.050781 0.169444
-1 0.026562 0.729167 0.054688 0.172222
-1 0.419922 0.470833 0.064844 0.147222
-1 0.157812 0.465972 0.034375 0.120833
-1 0.803516 0.972917 0.025781 0.168056
-1 0.741797 0.588889 0.025781 0.147222
-1 0.699219 0.677083 0.043750 0.165278
-1 0.774219 0.541667 0.050000 0.230556
-1 0.896094 0.752083 0.040625 0.140278
-1 0.925391 0.533333 0.032031 0.125000
-1 0.819531 0.549306 0.032813 0.104167
-1 0.858984 0.202083 0.033594 0.137500
-1 0.471875 0.309028 0.039062 0.154167
-1 0.398047 0.329861 0.042969 0.126389
-1 0.872656 0.362500 0.032813 0.191667
-1 0.870313 0.358333 0.029687 0.150000
-1 0.957422 0.423611 0.042969 0.113889
-1 0.755078 0.226389 0.057031 0.183333
-1 0.767969 0.197917 0.039062 0.170833
-1 0.896875 0.946528 0.031250 0.170833
-1 0.876953 0.940972 0.033594 0.190278
-1 0.889844 0.548611 0.028125 0.125000
-1 0.816406 0.466667 0.032813 0.113889
-1 0.847266 0.553472 0.036719 0.095833
-1 0.977344 0.634722 0.029687 0.105556
-1 0.653516 0.145139 0.035156 0.143056
-1 0.689453 0.225000 0.038281 0.136111
4 0.194141 0.316667 0.203906 0.158333
4 0.299219 0.279861 0.185938 0.195833
4 0.094531 0.405556 0.139063 0.191667
4 0.800391 0.708333 0.144531 0.247222