-1 0.395703 0.884722 0.042969 0.150000
-1 0.279297 0.895833 0.046094 0.150000
-1 0.746094 0.781250 0.039062 0.173611
-1 0.694141 0.774306 0.038281 0.187500
-1 0.662109 1.038194 0.042969 0.170833
-1 0.678516 0.997222 0.039844 0.144444
-1 0.310937 0.545139 0.042188 0.140278
-1 0.080469 0.690278 0.054688 0.172222
-1 0.058984 0.777083 0.041406 0.179167
-1 0.397266 0.398611 0.058594 0.133333
-1 0.171094 0.435417 0.031250 0.109722
-1 0.033594 0.671528 0.039062 0.162500
-1 0.839844 0.836111 0.029687 0.194444
-1 0.666797 1.002083 0.030469 0.151389
-1 0.981250 0.387500 0.034375 0.158333
-1 0.705078 0.468056 0.025781 0.147222
-1 0.700000 0.579861 0.043750 0.165278
-1 0.709375 0.413889 0.039062 0.180556
-1 0.873437 0.601389 0.039062 0.133333
-1 0.868359 0.402778 0.030469 0.119444
-1 0.776563 0.436111 0.029687 0.094444
-1 0.841406 1.018750 0.021875 0.112500
-1 0.808594 1.004167 0.017188 0.116667
-1 0.823438 0.934722 0.028125 0.091667
-1 0.853906 1.013194 0.037500 0.087500
-1 0.741016 0.100000 0.028906 0.119444
-1 0.416406 0.239583 0.035937 0.140278
-1 0.354687 0.263194 0.039062 0.115278
-1 0.782422 0.225000 0.027344 0.158333
-1 0.798047 0.252778 0.025781 0.130556
-1 0.863672 0.293750 0.036719 0.098611
-1 1.010156 0.213889 0.035937 0.116667
-1 0.648047 0.146528 0.044531 0.143056
-1 0.662500 0.111806 0.026562 0.115278
-1 0.909375 0.797917 0.032813 0.179167
-1 0.892578 0.781944 0.030469 0.172222
-1 0.837500 0.413889 0.028125 0.125000
-1 0.760938 0.350000 0.029687 0.102778
-1 0.806641 0.421528 0.033594 0.087500