1 0.272266 0.575000 0.085156 0.091667
0 0.176172 0.322917 0.138281 0.084722
0 0.201172 0.775000 0.147656 0.119444
5 0.100391 0.544444 0.075781 0.125000
0 0.424219 0.541667 0.065625 0.091667
0 0.538281 0.911806 0.084375 0.148611
1 0.607031 0.643750 0.104688 0.137500
1 0.512500 0.670833 0.075000 0.097222
1 0.400391 0.975000 0.094531 0.130556
0 0.325781 0.704861 0.085938 0.081944
1 0.469531 0.360417 0.059375 0.070833
0 0.584766 0.511806 0.078906 0.087500
1 0.692969 0.494444 0.068750 0.069444
0 0.652344 0.395139 0.060937 0.056944
0 0.701953 0.341667 0.058594 0.052778
0 0.877734 0.498611 0.074219 0.086111
1 0.664453 0.231250 0.055469 0.051389
0 0.907422 0.706250 0.130469 0.156944
1 0.652344 0.874306 0.075000 0.106944
1 0.750781 0.654861 0.096875 0.076389
1 0.357422 0.468750 0.067969 0.056944