-1 0.539453 0.723611 0.036719 0.130556
-1 0.452344 0.741667 0.034375 0.111111
-1 0.591406 0.970139 0.032813 0.151389
-1 0.781250 0.623611 0.031250 0.136111
-1 0.744141 0.613889 0.027344 0.133333
-1 0.753516 0.830556 0.036719 0.147222
-1 0.719531 0.967361 0.037500 0.137500
-1 0.412500 0.472917 0.031250 0.104167
-1 0.288281 0.602778 0.040625 0.127778
-1 0.277344 0.661111 0.034375 0.147222
-1 0.632422 0.958333 0.032031 0.169444
-1 0.474609 0.360417 0.046094 0.104167
-1 0.317578 0.399306 0.025781 0.090278
-1 0.239453 0.583333 0.032031 0.133333
-1 0.856250 0.658333 0.023438 0.152778
-1 0.694141 0.959028 0.027344 0.137500
-1 0.898047 0.317361 0.024219 0.112500
-1 0.721484 0.396528 0.022656 0.126389
-1 0.731250 0.492361 0.031250 0.118056
-1 0.703125 0.341667 0.026562 0.122222
-1 0.848828 0.478472 0.033594 0.115278
-1 0.823047 0.331944 0.022656 0.088889
-1 0.760156 0.361806 0.023438 0.073611
-1 0.848437 1.008333 0.026562 0.136111
-1 0.800391 0.929167 0.021094 0.141667
-1 0.850000 0.728472 0.026562 0.087500
-1 0.892188 0.790278 0.032813 0.075000
-1 0.687500 0.111111 0.026562 0.108333
-1 0.469531 0.238194 0.028125 0.109722
-1 0.427734 0.262500 0.032031 0.094444
-1 0.987109 0.406250 0.024219 0.140278
-1 0.737891 0.199306 0.021094 0.123611
-1 0.752734 0.224306 0.021094 0.106944
-1 0.819141 0.236806 0.032031 0.084722
-1 0.902344 0.179861 0.029687 0.095833
-1 0.620703 0.154861 0.035156 0.112500
-1 0.632812 0.129167 0.023438 0.105556