0 0.040625 0.422917 0.109375 0.104167
5 0.182812 0.466667 0.128125 0.163889
5 0.171875 0.586806 0.056250 0.112500
0 0.276172 0.343056 0.121094 0.172222
0 0.181250 0.186806 0.062500 0.090278
4 0.337109 0.409722 0.028906 0.047222
4 0.504687 0.561806 0.028125 0.045833
4 0.462109 0.520833 0.030469 0.055556
1 0.479687 0.246528 0.070312 0.101389
4 0.426563 0.658333 0.035937 0.052778
4 0.665625 0.786806 0.034375 0.048611
2 0.675781 0.367361 0.073438 0.109722
0 0.797266 0.306250 0.077344 0.104167
4 0.706250 0.898611 0.034375 0.047222
1 0.567187 0.098611 0.059375 0.075000
-1 0.567578 0.106944 0.025781 0.052778
0 0.553516 0.269444 0.071094 0.127778