0 0.016797 0.600000 0.099219 0.116667
1 0.139844 0.495833 0.082812 0.105556
-1 0.149609 0.452778 0.041406 0.077778
0 0.137500 0.343056 0.062500 0.152778
0 0.219141 0.654861 0.114844 0.109722
0 0.138281 0.756250 0.126562 0.156944
3 0.073828 0.212500 0.128906 0.222222
5 0.391797 0.635417 0.105469 0.134722
5 0.426953 0.732639 0.058594 0.118056
0 0.423828 0.447222 0.121094 0.172222
0 0.286328 0.338194 0.069531 0.098611
4 0.505078 0.479167 0.030469 0.050000
4 0.696094 0.547917 0.028125 0.045833
4 0.651953 0.525000 0.027344 0.050000
0 0.202344 0.183333 0.089063 0.122222
1 0.585938 0.255556 0.073438 0.105556
4 0.654687 0.677778 0.034375 0.050000
4 0.887500 0.686806 0.032813 0.062500
2 0.779297 0.280556 0.066406 0.100000