0 0.086719 0.984028 0.076563 0.106944
1 0.238281 0.764583 0.068750 0.081944
0 0.304688 0.945833 0.095312 0.105556
1 0.421484 0.956250 0.083594 0.084722
0 0.430469 0.828472 0.064062 0.059722
0 0.518359 0.769444 0.071094 0.063889
0 0.665234 0.995139 0.094531 0.109722
1 0.542969 0.643750 0.064062 0.059722
1 0.064062 0.884028 0.082812 0.068056
4 0.776563 0.772917 0.032813 0.040278
1 0.310937 0.795139 0.067187 0.084722
-1 0.314453 0.791667 0.042969 0.052778
1 0.537500 0.976389 0.087500 0.144444
0 0.696094 0.772222 0.087500 0.130556
0 0.445703 0.572917 0.074219 0.056944
0 0.301563 0.465972 0.053125 0.054167
0 0.602344 0.470833 0.075000 0.066667