1 0.001563 0.602083 0.101562 0.101389
0 0.028906 0.236111 0.142187 0.125000
0 0.062500 0.899306 0.204687 0.190278
1 0.355078 0.531944 0.142969 0.250000
-1 0.333203 0.473611 0.082031 0.155556
1 0.632031 0.379861 0.081250 0.118056
-1 0.647656 0.404861 0.050000 0.076389
-1 0.591406 0.167361 0.084375 0.106944
1 0.512891 0.261111 0.060156 0.063889
1 0.517969 0.405556 0.062500 0.091667
-1 0.518359 0.407639 0.038281 0.062500
0 0.351562 0.262500 0.050000 0.094444
1 0.791797 0.297917 0.060156 0.070833
1 0.673828 0.476389 0.092969 0.116667
1 0.257422 0.453472 0.063281 0.081944
-1 0.269531 0.456250 0.037500 0.056944