1 0.208203 0.526389 0.085156 0.091667
0 0.132812 0.261111 0.145313 0.088889
0 0.118359 0.727778 0.147656 0.119444
5 0.039844 0.481250 0.079687 0.131944
0 0.362500 0.497222 0.065625 0.091667
0 0.450781 0.890972 0.084375 0.148611
1 0.545312 0.613194 0.104688 0.137500
1 0.444531 0.637500 0.075000 0.097222
1 0.303516 0.930556 0.094531 0.130556
0 0.245703 0.663889 0.089844 0.086111
1 0.425781 0.310417 0.062500 0.073611
0 0.536328 0.475000 0.091406 0.100000
1 0.645703 0.460417 0.072656 0.073611
0 0.614062 0.354861 0.060937 0.056944
0 0.669922 0.302778 0.064844 0.058333
0 0.840234 0.473611 0.074219 0.086111
1 0.643750 0.195139 0.057813 0.054167
0 0.853125 0.692361 0.143750 0.173611
1 0.571875 0.854861 0.082812 0.118056
1 0.700391 0.628472 0.107031 0.084722
1 0.301172 0.418750 0.067969 0.056944
4 0.870313 0.302778 0.029687 0.036111
1 0.495703 0.320833 0.055469 0.069444
-1 0.495703 0.308333 0.042969 0.052778