0 0.285156 0.913194 0.090625 0.154167
0 0.158203 0.869444 0.110156 0.216667
0 0.535547 0.547917 0.086719 0.104167
1 0.353516 0.600000 0.089844 0.138889
-1 0.347656 0.585417 0.040625 0.079167
0 0.232813 0.611806 0.073438 0.118056
0 0.248047 0.397222 0.072656 0.080556
0 0.375781 0.156944 0.051562 0.072222
0 0.376563 0.121528 0.060937 0.054167
0 0.437109 0.346528 0.071094 0.123611
1 0.669141 0.780556 0.091406 0.202778
3 0.599609 0.979167 0.077344 0.202778
3 0.225781 0.735417 0.178125 0.081944
3 0.296094 0.190278 0.039062 0.127778
0 0.474219 0.527778 0.065625 0.091667
0 0.330859 0.284722 0.042969 0.080556
0 0.781250 0.771528 0.060937 0.095833
5 0.774609 0.547917 0.103906 0.148611
0 0.597656 0.140278 0.050000 0.077778
1 0.638281 0.157639 0.059375 0.087500