1 0.230078 0.834722 0.116406 0.177778
-1 0.228125 0.834722 0.096875 0.141667
1 0.482812 0.724306 0.206250 0.281944
-1 0.477734 0.636111 0.083594 0.097222
-1 0.525391 0.718056 0.053906 0.163889
4 0.615625 0.781944 0.051562 0.116667
4 0.645703 0.660417 0.047656 0.123611
4 0.658594 0.597222 0.040625 0.100000
1 0.261328 0.730556 0.125781 0.186111
-1 0.292969 0.690972 0.068750 0.104167
4 0.730859 0.737500 0.075781 0.080556
4 0.295312 0.485417 0.048438 0.104167
0 0.740625 0.579167 0.176563 0.261111
0 0.387500 0.475694 0.109375 0.251389