4 0.607422 0.918750 0.080469 0.109722
4 0.434766 0.197222 0.064844 0.075000
4 0.589844 0.325694 0.039062 0.065278
4 0.094922 0.560417 0.072656 0.104167
4 0.433203 0.265278 0.030469 0.063889
4 0.575781 0.600000 0.079687 0.108333
4 0.583594 0.097917 0.032813 0.062500
4 0.674219 0.306250 0.053125 0.079167
4 0.807422 0.292361 0.044531 0.070833
4 0.650391 0.561806 0.038281 0.073611
4 0.744531 0.293056 0.042188 0.077778
4 0.388672 0.600000 0.082031 0.063889
4 0.737500 0.622222 0.070312 0.075000
4 0.252344 0.154167 0.070312 0.061111
4 0.511328 0.191667 0.044531 0.061111
4 0.688672 0.078472 0.036719 0.054167