0 0.470313 0.675694 0.114062 0.143056
0 0.240234 0.663889 0.103906 0.116667
0 0.229297 0.811111 0.122656 0.133333
0 0.442578 0.803472 0.127344 0.137500
0 0.676172 0.591667 0.103906 0.122222
1 0.661328 0.809722 0.111719 0.177778
-1 0.638672 0.823611 0.047656 0.130556
1 0.667578 0.388889 0.086719 0.111111
-1 0.636719 0.358333 0.029687 0.055556
0 0.541406 0.332639 0.068750 0.168056
0 0.653125 0.116667 0.075000 0.105556
0 0.819531 0.368750 0.120313 0.115278
0 0.832422 0.513194 0.103906 0.129167
0 0.848828 0.653472 0.103906 0.168056
3 0.332031 0.466667 0.070312 0.316667
3 0.438281 0.309722 0.082812 0.183333
3 0.348438 0.746528 0.060937 0.259722