1 0.203906 0.513889 0.093750 0.136111
-1 0.200000 0.545139 0.060937 0.093056
-1 0.254297 0.274306 0.092969 0.118056
1 0.119922 0.381250 0.066406 0.070833
1 0.060937 0.540278 0.076563 0.111111
-1 0.056641 0.554167 0.049219 0.080556
1 0.412891 0.417361 0.069531 0.081944
1 0.194531 0.632639 0.107813 0.134722
2 0.275781 0.628472 0.070312 0.109722
2 0.549219 0.504167 0.051562 0.083333
2 0.651172 0.809028 0.080469 0.151389
0 0.632812 0.540972 0.137500 0.143056
0 0.721484 0.409028 0.077344 0.095833
2 0.807031 0.482639 0.067187 0.084722
0 0.695703 0.711806 0.102344 0.123611
4 0.780859 0.568750 0.028906 0.054167
4 0.481250 0.657639 0.040625 0.051389