1 0.878125 0.834028 0.151562 0.179167
1 0.378125 0.878472 0.145313 0.184722
0 0.530469 0.675694 0.159375 0.154167
0 0.725391 0.740972 0.111719 0.129167
4 0.601172 0.866667 0.053906 0.052778
4 0.813281 0.971528 0.068750 0.054167
0 0.561719 0.984028 0.084375 0.126389
4 0.324219 0.706944 0.045312 0.050000
-1 0.359766 0.894444 0.049219 0.097222
0 0.192578 0.786111 0.182031 0.136111
4 0.458594 0.965278 0.046875 0.050000
1 0.509375 0.535417 0.184375 0.120833
-1 0.475391 0.521528 0.089844 0.084722
1 0.157422 0.459028 0.114844 0.098611
0 0.235937 0.506944 0.098437 0.088889
1 0.856641 0.283333 0.160156 0.122222
0 0.798047 0.493056 0.153906 0.113889