1 0.212109 0.615972 0.100781 0.090278
0 0.320312 0.581944 0.095312 0.086111
1 0.296875 0.511806 0.073438 0.073611
3 0.196094 0.757639 0.082812 0.115278
3 0.128906 0.652083 0.084375 0.251389
1 0.162109 0.327778 0.069531 0.063889
1 0.169531 0.447222 0.085938 0.075000
1 0.146875 0.234028 0.078125 0.073611
0 0.485547 0.311111 0.067969 0.055556
0 0.580859 0.223611 0.060156 0.052778
1 0.728516 0.427778 0.064844 0.055556
0 0.784375 0.570139 0.064062 0.065278
4 0.711719 0.525694 0.037500 0.029167
4 0.571094 0.519444 0.018750 0.044444
4 0.555859 0.347222 0.019531 0.030556
1 0.375391 0.146528 0.075781 0.048611
0 0.646484 0.471528 0.082031 0.076389