-1 0.633203 0.645139 0.035156 0.123611
-1 0.552344 0.663194 0.029687 0.095833
-1 0.566016 0.941667 0.030469 0.113889
-1 0.541016 1.010417 0.022656 0.101389
-1 0.124609 0.918056 0.019531 0.072222
-1 0.693750 0.875694 0.034375 0.159722
-1 0.610156 1.020833 0.021875 0.100000
-1 0.594922 0.980556 0.022656 0.138889
-1 0.843750 0.554861 0.026562 0.118056
-1 0.812891 0.547222 0.027344 0.133333
-1 0.833984 0.734028 0.028906 0.115278
-1 0.807031 0.869444 0.034375 0.125000
-1 0.725000 1.002083 0.032813 0.062500
-1 0.639844 1.000694 0.023438 0.093056
-1 0.493750 0.407639 0.031250 0.104167
-1 0.394141 0.530556 0.036719 0.116667
-1 0.389062 0.588194 0.032813 0.140278
-1 0.732422 0.866667 0.030469 0.161111
-1 0.548438 0.311111 0.042188 0.094444
-1 0.409375 0.349306 0.023438 0.081944
-1 0.346484 0.514583 0.030469 0.126389
-1 0.916016 0.588889 0.021094 0.138889
-1 0.785547 0.870139 0.027344 0.137500
-1 0.787891 1.004167 0.039844 0.050000
-1 0.930859 0.278472 0.025781 0.118056
-1 0.773438 0.352778 0.023438 0.133333
-1 0.796875 0.440972 0.029687 0.112500
-1 0.757031 0.300000 0.026562 0.122222
-1 0.898828 0.420139 0.030469 0.104167
-1 0.865234 0.284722 0.022656 0.088889
-1 0.811328 0.318056 0.024219 0.077778
-1 0.936328 0.902083 0.024219 0.123611
-1 0.880078 0.840278 0.021094 0.141667
-1 0.923438 0.664583 0.029687 0.095833
-1 0.956250 0.713194 0.031250 0.070833