0 0.338672 0.900694 0.100781 0.120833
1 0.149219 0.865278 0.098437 0.152778
-1 0.175000 0.841667 0.042188 0.083333
0 0.047656 0.813194 0.076563 0.123611
0 0.128516 0.600694 0.069531 0.076389
0 0.328516 0.375694 0.060156 0.084722
0 0.357812 0.303472 0.067187 0.059722
0 0.320703 0.617361 0.071094 0.123611
3 0.255078 0.380556 0.047656 0.155556
0 0.298047 0.825694 0.075781 0.106944
0 0.250000 0.490278 0.039062 0.072222
5 0.692578 0.942361 0.153906 0.218056
0 0.570703 0.415278 0.052344 0.080556
1 0.616406 0.446528 0.068750 0.101389
1 0.447656 0.388889 0.056250 0.086111
1 0.416797 0.612500 0.058594 0.144444
0 0.808594 0.690972 0.068750 0.154167
4 0.648438 0.656250 0.023438 0.040278
4 0.437891 0.948611 0.027344 0.063889
4 0.499609 0.962500 0.030469 0.036111
1 0.194531 0.970833 0.125000 0.152778
-1 0.166406 0.950694 0.048438 0.095833
2 0.582031 0.804861 0.081250 0.140278
1 0.592969 0.183333 0.064062 0.072222
3 0.610156 0.282639 0.051562 0.104167
1 0.110156 0.467361 0.065625 0.065278
1 0.730469 0.190972 0.050000 0.087500
0 0.897656 0.263889 0.081250 0.088889
0 0.492578 0.585417 0.071094 0.112500
0 0.730469 0.489583 0.060937 0.112500