0 0.041016 0.468750 0.114844 0.109722
5 0.189062 0.501389 0.128125 0.163889
5 0.198047 0.614583 0.061719 0.123611
0 0.277734 0.359722 0.121094 0.172222
0 0.171875 0.210417 0.062500 0.090278
4 0.342578 0.425000 0.028906 0.047222
4 0.517188 0.561806 0.028125 0.045833
4 0.473047 0.523611 0.030469 0.055556
0 0.154297 0.119444 0.063281 0.086111
1 0.475000 0.245139 0.070312 0.101389
4 0.445312 0.665278 0.035937 0.052778
4 0.686719 0.768750 0.034375 0.048611
2 0.673438 0.353472 0.073438 0.109722
0 0.788672 0.279861 0.077344 0.104167
4 0.728906 0.873611 0.034375 0.047222
1 0.557813 0.090278 0.059375 0.075000
-1 0.558984 0.098611 0.025781 0.052778