0 0.274609 0.936111 0.105469 0.127778
1 0.076953 0.913194 0.108594 0.168056
-1 0.089844 0.905556 0.042188 0.083333
0 0.069922 0.657639 0.069531 0.076389
0 0.288672 0.420139 0.060156 0.084722
0 0.322656 0.349306 0.067187 0.059722
0 0.262891 0.674306 0.071094 0.123611
3 0.232422 0.411111 0.052344 0.172222
0 0.226172 0.893750 0.075781 0.106944
0 0.206641 0.534722 0.035156 0.066667
0 0.532031 0.473611 0.060937 0.094444
1 0.574219 0.509722 0.071875 0.105556
1 0.405078 0.439583 0.058594 0.090278
1 0.362109 0.672917 0.061719 0.151389
0 0.762109 0.775694 0.075781 0.170833
4 0.600391 0.730556 0.024219 0.041667
2 0.521484 0.887500 0.085156 0.147222
1 0.569531 0.234028 0.067187 0.076389
3 0.577734 0.343056 0.053906 0.108333
1 0.063281 0.509028 0.068750 0.068056
1 0.709375 0.243750 0.050000 0.087500
0 0.878125 0.326389 0.081250 0.088889
0 0.442188 0.649306 0.075000 0.118056
0 0.692187 0.557639 0.064062 0.118056