1 0.475781 0.292361 0.117188 0.129167
-1 0.467578 0.280556 0.086719 0.086111
-1 0.509766 0.519444 0.144531 0.166667
0 0.281250 0.338194 0.107813 0.154167
4 0.221484 0.376389 0.027344 0.075000
4 0.076953 0.429167 0.025781 0.072222
1 0.153125 0.543750 0.104688 0.118056
-1 0.140625 0.547917 0.064062 0.095833
1 0.144531 0.383333 0.085938 0.147222
0 0.666797 0.116667 0.092969 0.105556
1 0.447266 0.153472 0.096094 0.090278
2 0.380859 0.231944 0.071094 0.188889
4 0.589844 0.111111 0.040625 0.061111
0 0.278516 0.631944 0.155469 0.316667
4 0.183984 0.781250 0.044531 0.059722
4 0.266406 0.836111 0.040625 0.050000