1 0.019531 0.816667 0.107813 0.130556
0 0.033984 0.529167 0.132031 0.080556
0 0.189453 0.810417 0.072656 0.101389
1 0.374219 0.946528 0.115625 0.151389
1 0.241016 0.970833 0.078906 0.102778
1 0.307812 0.604167 0.065625 0.077778
0 0.391406 0.787500 0.095312 0.105556
1 0.509375 0.780556 0.079687 0.080556
0 0.500000 0.659028 0.064062 0.059722
0 0.574609 0.605556 0.067969 0.061111
0 0.733984 0.801389 0.082031 0.094444
1 0.579688 0.489583 0.060937 0.056944
0 0.690234 1.022917 0.150781 0.181944
1 0.546875 0.955556 0.112500 0.088889
1 0.148438 0.721528 0.075000 0.062500
4 0.809375 0.606250 0.032813 0.040278
1 0.382812 0.627083 0.067187 0.084722
-1 0.385156 0.619444 0.051562 0.063889
1 0.615625 0.793056 0.079687 0.130556
0 0.736719 0.604861 0.079687 0.118056