4 0.819141 0.912500 0.025781 0.080556
1 0.554297 0.839583 0.166406 0.229167
4 0.192578 0.649306 0.028906 0.090278
4 0.159766 0.570833 0.038281 0.050000
0 0.437891 0.400694 0.227344 0.220833
0 0.286328 0.337500 0.102344 0.088889
0 0.102344 0.319444 0.167187 0.158333
0 0.698828 0.486111 0.260156 0.213889
4 0.860938 0.804167 0.031250 0.077778
4 0.922656 0.618750 0.029687 0.070833
4 0.953906 0.535417 0.051562 0.070833
4 0.786719 0.359722 0.043750 0.050000
4 0.933594 0.404167 0.026562 0.044444
1 0.633984 0.256250 0.166406 0.087500