0 0.277344 0.915972 0.090625 0.154167
0 0.150391 0.868056 0.110156 0.216667
0 0.533984 0.553472 0.091406 0.109722
1 0.348828 0.600000 0.089844 0.138889
-1 0.345313 0.588194 0.040625 0.079167
0 0.230469 0.610417 0.073438 0.118056
0 0.245703 0.395833 0.072656 0.080556
0 0.378906 0.156944 0.051562 0.072222
0 0.379688 0.125694 0.064062 0.056944
0 0.438672 0.350694 0.071094 0.123611
1 0.668359 0.791667 0.091406 0.202778
3 0.594141 0.986111 0.077344 0.202778
3 0.215234 0.734028 0.196094 0.090278
3 0.299219 0.190278 0.039062 0.127778
0 0.471875 0.531944 0.065625 0.091667
0 0.331641 0.283333 0.042969 0.080556
0 0.779687 0.784028 0.060937 0.095833
5 0.776563 0.555556 0.109375 0.155556
0 0.602344 0.143056 0.050000 0.077778
1 0.643750 0.160417 0.059375 0.087500