0 0.068359 0.641667 0.099219 0.116667
1 0.184375 0.534722 0.082812 0.105556
-1 0.190234 0.493056 0.041406 0.077778
0 0.173437 0.379861 0.065625 0.159722
0 0.269922 0.689583 0.114844 0.109722
0 0.192969 0.800694 0.126562 0.156944
3 0.109766 0.249306 0.122656 0.212500
5 0.414453 0.636806 0.100781 0.129167
5 0.483203 0.752083 0.061719 0.123611
0 0.464453 0.466667 0.121094 0.172222
0 0.323828 0.367361 0.069531 0.098611
4 0.548047 0.495833 0.028906 0.047222
4 0.739844 0.553472 0.028125 0.045833
4 0.697266 0.533333 0.027344 0.050000
0 0.232813 0.218056 0.089063 0.122222
1 0.620703 0.266667 0.077344 0.111111
4 0.706250 0.686111 0.034375 0.050000
4 0.934375 0.677083 0.031250 0.059722