0 0.053125 0.902083 0.087500 0.148611
1 0.136328 0.352083 0.061719 0.090278
0 0.214844 0.657639 0.125000 0.112500
0 0.258203 0.888889 0.155469 0.133333
1 0.507422 0.812500 0.107031 0.152778
-1 0.510156 0.815278 0.084375 0.119444
0 0.411719 0.777778 0.112500 0.125000
1 0.568750 0.435417 0.073438 0.079167
0 0.204687 0.220833 0.065625 0.075000
0 0.434766 0.220139 0.108594 0.065278
0 0.555469 0.593750 0.115625 0.093056
5 0.425000 0.406250 0.059375 0.098611
0 0.686328 0.404861 0.053906 0.076389
0 0.841797 0.694444 0.069531 0.122222
1 0.854297 0.488889 0.082031 0.108333
1 0.783203 0.508333 0.067969 0.088889
0 0.312500 0.416667 0.062500 0.066667