0 0.164844 0.206944 0.279687 0.227778
4 0.773438 0.703472 0.076563 0.104167
4 0.519141 0.188194 0.061719 0.070833
4 0.680469 0.284028 0.037500 0.062500
4 0.350391 0.560417 0.063281 0.090278
4 0.535547 0.247222 0.030469 0.063889
4 0.420703 0.122917 0.049219 0.048611
4 0.746875 0.531944 0.068750 0.094444
4 0.614062 0.082639 0.031250 0.059722
4 0.740625 0.252083 0.048438 0.070833
4 0.850781 0.224306 0.054688 0.068056
4 0.799609 0.482639 0.038281 0.073611
4 0.798828 0.237500 0.036719 0.066667
4 0.532813 0.512500 0.078125 0.061111