4 0.608984 0.942361 0.027344 0.084722
1 0.335938 0.825694 0.192188 0.265278
0 0.295703 0.361806 0.216406 0.209722
0 0.160938 0.293750 0.107813 0.093056
0 0.569141 0.491667 0.272656 0.225000
4 0.823438 0.654167 0.031250 0.075000
4 0.910547 0.614583 0.060156 0.081944
4 0.715234 0.370833 0.046094 0.052778
4 0.871484 0.432639 0.030469 0.051389
1 0.568359 0.245139 0.192969 0.101389
5 0.119531 0.718750 0.079687 0.143056
4 0.794922 0.706944 0.042969 0.061111
4 0.748828 0.420833 0.022656 0.047222
4 0.617969 0.335417 0.040625 0.040278
-1 0.337891 0.809722 0.157031 0.119444
0 0.906250 0.163889 0.093750 0.130556