1 0.326953 0.674306 0.100781 0.090278
0 0.434375 0.640972 0.090625 0.081944
1 0.402734 0.569444 0.069531 0.069444
3 0.319922 0.824306 0.086719 0.120833
3 0.244922 0.704861 0.080469 0.240278
1 0.260937 0.387500 0.073438 0.066667
1 0.278906 0.512500 0.085938 0.075000
1 0.232813 0.293750 0.078125 0.073611
0 0.576172 0.366667 0.067969 0.055556
0 0.664453 0.277778 0.066406 0.058333
1 0.837891 0.477778 0.064844 0.055556
0 0.895312 0.625694 0.064062 0.065278
4 0.817187 0.579861 0.034375 0.026389
4 0.677344 0.575694 0.017188 0.040278
4 0.648438 0.402083 0.018750 0.029167
1 0.453906 0.206250 0.071875 0.045833