0 0.170313 0.208333 0.279687 0.227778
4 0.776563 0.700694 0.076563 0.104167
4 0.523047 0.188194 0.061719 0.070833
4 0.684375 0.282639 0.037500 0.062500
4 0.356641 0.559028 0.063281 0.090278
4 0.539453 0.248611 0.030469 0.063889
4 0.425391 0.122917 0.049219 0.048611
4 0.752344 0.530556 0.068750 0.094444
4 0.617969 0.084028 0.031250 0.059722
4 0.744531 0.250694 0.048438 0.070833
4 0.852344 0.224306 0.054688 0.068056
4 0.803516 0.482639 0.038281 0.073611
4 0.801953 0.236111 0.036719 0.066667
4 0.535937 0.509722 0.078125 0.061111