4 0.504687 0.978472 0.076563 0.104167
4 0.420312 0.146528 0.071875 0.081944
4 0.572266 0.302083 0.069531 0.065278
4 0.407422 0.220833 0.033594 0.069444
4 0.498437 0.590278 0.087500 0.119444
4 0.602344 0.062500 0.035937 0.069444
4 0.664844 0.284722 0.056250 0.083333
4 0.827344 0.290972 0.051562 0.081944
4 0.592969 0.550694 0.043750 0.084722
4 0.748047 0.277778 0.044531 0.080556
4 0.323437 0.618750 0.085938 0.068056
4 0.675391 0.627083 0.082031 0.087500
4 0.506641 0.150694 0.049219 0.068056
4 0.726562 0.050694 0.040625 0.059722