1 0.138281 0.610417 0.096875 0.106944
-1 0.133594 0.603472 0.082812 0.081944
-1 0.157812 0.819444 0.137500 0.158333
0 0.349219 0.464583 0.084375 0.095833
1 0.130078 0.483333 0.100781 0.094444
2 0.062891 0.569444 0.067969 0.180556
4 0.295312 0.463889 0.039062 0.058333
1 0.601172 0.854861 0.130469 0.218056
5 0.496875 0.609028 0.123438 0.176389
0 0.323047 0.361806 0.085156 0.090278
1 0.764453 0.479167 0.066406 0.102778
1 0.682813 0.513889 0.075000 0.138889
1 0.691797 0.346528 0.091406 0.087500
1 0.834766 0.826389 0.096094 0.172222